0 1
0 2
0 3
0 4
0 5
0 6
0 7
0 8
0 9
0 10
0 11
0 12
0 13
0 14
0 15
0 16
0 17
0 18
0 19
0 20
1 2
2 3
3 4
4 5
5 6
6 7
7 8
8 9
9 10
10 11
11 12
12 13
13 14
14 15
15 16
16 17
17 18
18 19
19 20
20 1
1 21
2 22
3 23
4 24
5 25
6 26
7 27
8 28
9 29
10 30
11 31
12 32
13 33
14 34
15 35
16 36
17 37
18 38
19 39
20 40
21 22
22 23
23 24
24 25
25 26
26 27
27 28
28 29
29 30
30 31
31 32
32 33
33 34
34 35
35 36
36 37
37 38
38 39
39 40
40 21
21 41
22 42
23 43
24 44
25 45
26 46
27 47
28 48
29 49
30 50
31 51
32 52
33 53
34 54
35 55
36 56
37 57
38 58
39 59
40 60
41 42
42 43
43 44
44 45
45 46
46 47
47 48
48 49
49 50
50 51
51 52
52 53
53 54
54 55
55 56
56 57
57 58
58 59
59 60
60 41
41 61
42 62
43 63
44 64
45 65
46 66
47 67
48 68
49 69
50 70
51 71
52 72
53 73
54 74
55 75
56 76
57 77
58 78
59 79
60 80
61 62
62 63
63 64
64 65
65 66
66 67
67 68
68 69
69 70
70 71
71 72
72 73
73 74
74 75
75 76
76 77
77 78
78 79
79 80
80 61
61 81
62 82
63 83
64 84
65 85
66 86
67 87
68 88
69 89
70 90
71 91
72 92
73 93
74 94
75 95
76 96
77 97
78 98
79 99
80 100
81 82
82 83
83 84
84 85
85 86
86 87
87 88
88 89
89 90
90 91
91 92
92 93
93 94
94 95
95 96
96 97
97 98
98 99
99 100
100 81
81 101
82 102
83 103
84 104
85 105
86 106
87 107
88 108
89 109
90 110
91 111
92 112
93 113
94 114
95 115
96 116
97 117
98 118
99 119
100 120
101 102
102 103
103 104
104 105
105 106
106 107
107 108
108 109
109 110
110 111
111 112
112 113
113 114
114 115
115 116
116 117
117 118
118 119
119 120
120 101
101 121
102 122
103 123
104 124
105 125
106 126
107 127
108 128
109 129
110 130
111 131
112 132
113 133
114 134
115 135
116 136
117 137
118 138
119 139
120 140
121 122
122 123
123 124
124 125
125 126
126 127
127 128
128 129
129 130
130 131
131 132
132 133
133 134
134 135
135 136
136 137
137 138
138 139
139 140
140 121
121 141
122 142
123 143
124 144
125 145
126 146
127 147
128 148
129 149
130 150
131 151
132 152
133 153
134 154
135 155
136 156
137 157
138 158
139 159
140 160
141 142
142 143
143 144
144 145
145 146
146 147
147 148
148 149
149 150
150 151
151 152
152 153
153 154
154 155
155 156
156 157
157 158
158 159
159 160
160 141
141 161
142 162
143 163
144 164
145 165
146 166
147 167
148 168
149 169
150 170
151 171
152 172
153 173
154 174
155 175
156 176
157 177
158 178
159 179
160 180
161 162
162 163
163 164
164 165
165 166
166 167
167 168
168 169
169 170
170 171
171 172
172 173
173 174
174 175
175 176
176 177
177 178
178 179
179 180
180 161
161 181
162 182
163 183
164 184
165 185
166 186
167 187
168 188
169 189
170 190
171 191
172 192
173 193
174 194
175 195
176 196
177 197
178 198
179 199
180 200
181 182
182 183
183 184
184 185
185 186
186 187
187 188
188 189
189 190
190 191
191 192
192 193
193 194
194 195
195 196
196 197
197 198
198 199
199 200
200 181
181 201
182 202
183 203
184 204
185 205
186 206
187 207
188 208
189 209
190 210
191 211
192 212
193 213
194 214
195 215
196 216
197 217
198 218
199 219
200 220
201 202
202 203
203 204
204 205
205 206
206 207
207 208
208 209
209 210
210 211
211 212
212 213
213 214
214 215
215 216
216 217
217 218
218 219
219 220
220 201
201 221
202 222
203 223
204 224
205 225
206 226
207 227
208 228
209 229
210 230
211 231
212 232
213 233
214 234
215 235
216 236
217 237
218 238
219 239
220 240
221 222
222 223
223 224
224 225
225 226
226 227
227 228
228 229
229 230
230 231
231 232
232 233
233 234
234 235
235 236
236 237
237 238
238 239
239 240
240 221
221 241
222 242
223 243
224 244
225 245
226 246
227 247
228 248
229 249
230 250
231 251
232 252
233 253
234 254
235 255
236 256
237 257
238 258
239 259
240 260
241 242
242 243
243 244
244 245
245 246
246 247
247 248
248 249
249 250
250 251
251 252
252 253
253 254
254 255
255 256
256 257
257 258
258 259
259 260
260 241
241 261
242 262
243 263
244 264
245 265
246 266
247 267
248 268
249 269
250 270
251 271
252 272
253 273
254 274
255 275
256 276
257 277
258 278
259 279
260 280
261 262
262 263
263 264
264 265
265 266
266 267
267 268
268 269
269 270
270 271
271 272
272 273
273 274
274 275
275 276
276 277
277 278
278 279
279 280
280 261
261 281
262 282
263 283
264 284
265 285
266 286
267 287
268 288
269 289
270 290
271 291
272 292
273 293
274 294
275 295
276 296
277 297
278 298
279 299
280 300
281 282
282 283
283 284
284 285
285 286
286 287
287 288
288 289
289 290
290 291
291 292
292 293
293 294
294 295
295 296
296 297
297 298
298 299
299 300
300 281
281 301
282 302
283 303
284 304
285 305
286 306
287 307
288 308
289 309
290 310
291 311
292 312
293 313
294 314
295 315
296 316
297 317
298 318
299 319
300 320
301 302
302 303
303 304
304 305
305 306
306 307
307 308
308 309
309 310
310 311
311 312
312 313
313 314
314 315
315 316
316 317
317 318
318 319
319 320
320 301
301 321
302 322
303 323
304 324
305 325
306 326
307 327
308 328
309 329
310 330
311 331
312 332
313 333
314 334
315 335
316 336
317 337
318 338
319 339
320 340
321 322
322 323
323 324
324 325
325 326
326 327
327 328
328 329
329 330
330 331
331 332
332 333
333 334
334 335
335 336
336 337
337 338
338 339
339 340
340 321
321 341
322 342
323 343
324 344
325 345
326 346
327 347
328 348
329 349
330 350
331 351
332 352
333 353
334 354
335 355
336 356
337 357
338 358
339 359
340 360
341 342
342 343
343 344
344 345
345 346
346 347
347 348
348 349
349 350
350 351
351 352
352 353
353 354
354 355
355 356
356 357
357 358
358 359
359 360
360 341
341 361
342 361
343 361
344 361
345 361
346 361
347 361
348 361
349 361
350 361
351 361
352 361
353 361
354 361
355 361
356 361
357 361
358 361
359 361
360 361
