#chr	start	end	number	quality
10	38814000	38818999	15	.
10	38869000	39154999	4	.
10	42376000	42411999	16	.
10	42529000	42532999	77	.
10	46964000	47148999	4	.
10	67306000	67315999	0	.
10	78254000	78261999	0	.
10	127575000	127585999	8	.
10	135213000	135270999	3	.
11	1013000	1019999	4	.
11	5783000	5809999	1	.
11	18935000	18961999	3	.
11	48339000	48388999	3	.
11	48815000	48819999	5	.
11	51340000	51374999	0	.
11	51567000	51579999	12	.
11	55012000	55017999	4	.
11	55366000	55452999	1	.
11	69716000	69788999	1	.
11	104266000	104274999	1	.
11	114418000	114425999	4	.
12	2360000	2368999	3	.
12	34829000	34839999	4	.
12	59934000	59947999	1	.
12	133502000	133682999	1	.
14	19009000	19013999	6	.
14	19793000	20425999	6	.
14	35695000	35719999	1	.
14	106535000	106561999	0	.
14	106801000	106804999	8	.
14	106886000	106917999	1	.
14	107148000	107182999	3	.
15	20008000	20012999	4	.
15	22425000	22515999	3	.
15	71707000	71714999	0	.
16	21569000	21593999	4	.
16	22625000	22710999	4	.
16	32562000	33867999	4	.
16	33913000	34197999	5	.
16	34466000	34757999	3	.
16	35230000	35280999	3	.
16	46436000	46501999	4	.
17	21193000	21252999	5	.
17	25263000	25267999	12	.
17	39421000	39432999	0	.
17	41397000	41399999	4	.
17	43384000	44357999	1	.
17	44870000	44913999	1	.
17	77364000	77394999	3	.
17	77461000	77494999	1	.
17	81109000	81151999	1	.
18	11000	13999	4	.
18	18511000	18513999	45	.
18	38863000	38869999	0	.
18	63199000	63205999	4	.
19	24512000	24600999	4	.
19	27733000	27741999	77	.
19	27839000	27891999	6	.
19	55227000	55325999	1	.
1	5728000	5737999	4	.
1	17230000	17255999	3	.
1	24257000	24363999	1	.
1	72765000	72812999	1	.
1	85980000	86006999	4	.
1	91850000	91854999	7	.
1	144869000	144948999	4	.
1	145091000	145117999	6	.
1	149033000	149035999	8	.
1	149041000	149216999	1	.
1	152554000	152586999	0	.
1	222373000	222380999	0	.
1	226208000	226225999	1	.
1	234911000	234918999	7	.
21	10774000	14362999	5	.
22	16848000	16862999	3	.
22	17039000	17277999	1	.
22	22713000	22734999	3	.
22	24273000	24393999	1	.
22	25410000	25455999	1	.
22	28216000	28255999	1	.
22	33050000	33090999	1	.
22	37142000	37148999	0	.
3	32101000	32108999	0	.
3	62959000	62994999	1	.
3	75695000	75700999	4	.
3	75750000	75801999	1	.
3	80060000	80065999	1	.
3	90446000	90496999	3	.
3	131988000	131992999	0	.
3	146384000	146390999	0	.
3	162130000	162144999	1	.
3	162525000	162545999	1	.
3	192874000	192886999	0	.
3	195423000	195446999	5	.
3	196623000	196627999	13	.
4	42000	69999	10	.
4	3573000	3637999	4	.
4	10210000	10235999	0	.
4	64134000	64154999	1	.
4	64693000	64717999	1	.
4	68266000	68268999	5	.
4	69169000	69369999	1	.
4	69495000	69868999	1	.
4	107055000	107064999	0	.
4	173424000	173434999	0	.
4	190194000	190202999	4	.
4	190538000	190685999	8	.
5	757000	821999	3	.
5	1331000	1335999	5	.
5	12809000	12821999	1	.
5	21523000	21573999	4	.
5	29424000	29434999	4	.
5	45003000	45015999	1	.
5	45370000	45377999	1	.
5	45934000	45961999	1	.
5	46223000	46233999	3	.
5	46322000	46327999	4	.
5	49543000	49548999	3	.
5	57322000	57333999	1	.
5	83948000	83955999	0	.
5	86213000	86219999	1	.
5	155477000	155488999	1	.
5	175346000	175349999	4	.
5	180376000	180429999	0	.
6	162000	202999	1	.
6	255000	383999	4	.
6	24272000	24388999	1	.
6	28675000	33448999	0	.
6	57575000	57608999	4	.
7	41000	220999	4	.
7	57706000	57991999	3	.
7	61081000	61083999	8	.
7	61528000	61559999	4	.
7	61739000	61981999	4	.
7	70420000	70426999	0	.
7	100547000	100620999	3	.
7	152099000	152114999	10	.
7	154392000	154400999	0	.
8	593000	600999	0	.
8	2195000	2283999	4	.
8	3785000	3791999	0	.
8	5967000	5974999	1	.
8	21623000	21662999	1	.
8	24972000	24991999	1	.
8	25065000	25071999	0	.
8	31122000	31616999	1	.
8	32679000	32691999	0	.
8	39230000	39387999	1	.
8	42189000	42195999	1	.
8	43091000	43096999	4	.
8	48180000	48209999	1	.
8	58116000	58118999	6	.
8	60133000	60138999	4	.
8	115633000	115642999	1	.
8	144749000	144753999	4	.
X	61727000	61735999	12	.
X	61864000	61868999	3	.
X	92795000	92802999	0	.
X	115137000	115153999	0	.
X	124404000	124412999	0	.
X	154789000	154797999	0	.
Y	9949000	9962999	5	.
Y	13447000	13479999	8	.
Y	58972000	59003999	10	.
