102400	4937974.964736
102400	4585247.875904
102400	5098141.207123
102400	5216141.068846
102400	4838033.536727
102400	5035589.160797
102400	5111215.658647
102400	4688243.535094
102400	5181432.711436
102400	5125763.927833
102400	5126696.980657
102400	4562494.886807
102400	4981935.758928
102400	3949397.484481
102400	4990890.881968
102400	5021022.897705
102400	5230127.096101
102400	5138531.031146
102400	4626916.763746
102400	4986244.675844
10240	5242200.088184
10240	4898038.256308
10240	5351775.766987
10240	5123845.354131
10240	2674409.101155
10240	4808079.533741
10240	4849953.542286
10240	5137674.327582
10240	5415843.886323
10240	5088823.810427
10240	5318104.036280
10240	5020197.590404
10240	4774175.124079
10240	5612135.497191
10240	5479235.575117
10240	5167460.746400
10240	4860553.446408
10240	5332961.611697
10240	5179222.412517
10240	5238204.173826
1024	1670462.266907
1024	1640043.835135
1024	1039723.374830
1024	1422704.582336
1024	1669488.283757
1024	1684548.628132
1024	1672495.052960
1024	1700977.146931
1024	652854.614630
1024	1696400.225530
1024	1508097.455088
1024	1477647.545177
1024	1560352.324788
1024	1590654.986714
1024	1420998.278246
1024	1680758.125911
1024	1548573.029025
1024	1661335.381878
1024	967975.388221
1024	1657608.527776
