B001   101  1  (((80000 3000, 94000 3000, 94000 13000, 97000 13000, 97000 19000, 84000 19000, 84000 10000, 80000 10000, 80000 3000)))
B002   102  1  (((131000 21500, 136000 21500, 136200 21200, 137600 21200, 137800 21500, 161000 21500, 161000 43500, 159800 43500, 159600 43900, 157500 43900, 157300 43500, 141000 43500, 141000 37500, 131000 37500, 131000 21500)))
B003   103  1  (((161000 10000, 183000 10000, 183000 37000, 161000 37000, 161000 10000)))
B004   104  1  (((161000 34000, 180300 34000, 180400 33300, 182400 33300, 182500 34000, 183000 34000, 183000 64000, 167000 64000, 167000 53000, 161000 53000, 161000 34000)))
B005   105  1  (((175000 30000, 195000 30000, 195000 36000, 205000 36000, 205000 52000, 175000 52000, 175000 30000)))
B006   106  1  (((180500 52000, 202500 52000, 202500 82000, 187000 82000, 187000 77000, 183000 77000, 183000 65000, 180500 65000, 180500 63300, 179400 63300, 180000 61600, 180500 60800, 180500 52000)))
B007   107  1  (((200000 48000, 203300 48000, 203400 47700, 204200 47700, 204300 48000, 230000 48000, 230000 68000, 200000 68000, 200000 48000)))
B008   108  1  (((230000 50000, 240000 50000, 240000 48000, 252250 48000, 252250 58000, 250000 58000, 250000 78000, 230000 78000, 230000 50000)))
B009   109  1  (((202500 64000, 223100 64000, 223400 63500, 226100 63500, 226500 64000, 230000 64000, 230000 86000, 202500 86000, 202500 64000)))
B010   110  1  (((278000 60000, 296500 60000, 296500 76000, 300000 76000, 300000 90000, 278000 90000, 278000 60000)))
B011   111  1  (((202000 86000, 232000 86000, 232000 108000, 212000 108000, 212000 102000, 202000 102000, 202000 86000)),((201000 81000, 206000 81000, 206000 87000, 201000 87000, 201000 81000)))
B012   112  1  (((228500 78000, 250500 78000, 250500 83300, 251000 84000, 251000 85000, 250500 85400, 250500 108000, 231500 108000, 231500 86000, 228500 86000, 228500 78000)))
B013   113  1  (((250000 90000, 280000 90000, 280000 110000, 250000 110000, 250000 90000)))
B014   114  1  (((280000 87000, 300000 87000, 300000 107000, 280000 107000, 280000 87000)),((280000 107000, 300000 107000, 300000 130000, 280000 130000, 280000 107000)))
B015   115  1  (((299000 80000, 299900 80000, 301000 79300, 304100 79300, 304400 80000, 311000 80000, 311000 86000, 321000 86000, 321000 110000, 299000 110000, 299000 94000, 298600 93500, 299000 92700, 299000 85900, 298400 85500, 298400 84000, 299000 83500, 299000 80000)))
B016   116  1  (((321000 88000, 322000 87800, 322900 87800, 323000 88000, 335000 88000, 335000 91000, 341000 91000, 341000 88000, 349000 88000, 349000 110000, 321000 110000, 321000 88000)))
B017   117  1  (((347000 90000, 370000 90000, 370000 110000, 347000 110000, 347000 90000)),((370000 90000, 390000 90000, 390000 110000, 370000 110000, 370000 90000)))
B018   118  1  (((383000 110000, 406000 110000, 406000 130000, 383000 130000, 383000 110000)),((386000 90000, 398000 90000, 400000 89600, 401000 89600, 403000 90000, 406000 90000, 406000 110000, 386000 110000,386000 90000)))
B019   119  1  (((448000 99000, 456000 99000, 456000 97000, 470000 97000, 470000 125000, 448000 125000, 448000 101700, 447600 101700, 447600 101300, 448000 101100, 448000 99000)))
B020   120  1  (((468000 97000, 477000 97000, 483000 93000, 483000 92000, 490000 92000, 490000 122000, 468000 122000, 468000 97000)))
B021   121  1  (((490000 98000, 490000 97600, 494200 97600, 494200 98000, 517000 98000, 517000 120000, 490000 120000, 490000 98000)))
B022   122  1  (((517000 102000, 537000 102000, 537000 99000, 547000 99000, 547000 121000, 517000 121000, 517000 102000)))
B023   123  1  (((543000 95000, 565000 95000, 565000 122000, 543000 122000, 543000 106000, 542700 106000, 542700 103400, 543000 103400, 543000 95000)))
B024   124  1  (((561000 102000, 581000 102000, 581000 108000, 591000 108000, 591000 124000, 561000 124000, 561000 102000)))
B025   125  1  (((580000 115000, 610000 115000, 610000 128100, 610400 128699, 610400 129699, 610000 130000, 610000 135000, 580000 135000, 580000 115000)))
B026   126  1  (((220000 108000, 250000 108000, 250000 128000, 220000 128000, 220000 116900, 219300 116000, 219300 112300, 219600 111500, 219600 108000, 220000 108000)))
B027   127  1  (((250000 110000, 280000 110000, 280000 130000, 250000 130000, 250000 120000, 249400 119500, 249400 118500, 250000 118000, 250000 110000)))
B028   128  1  (((320000 110000, 340000 110000, 340000 130000, 320000 130000, 320000 110000)),((300000 107000, 320000 107000, 320000 130000, 300000 130000, 300000 107000)))
B029   129  1  (((340000 110000, 360000 110000, 360000 130000, 340000 130000, 340000 110000)),((360000 110000, 383000 110000, 383000 130000, 360000 130000, 360000 110000)))
B030   130  1  (((400000 120000, 420000 120000, 420000 140000, 400000 140000, 400000 120000)),((397000 140000, 420000 140000, 420000 160000, 397000 160000, 397000 140000)))
B031   131  1  (((420000 120000, 440000 120000, 440000 140000, 420000 140000, 420000 120000)),((420000 140000, 440000 140000, 440000 160000, 420000 160000, 420000 140000)))
B032   132  1  (((440000 120000, 470000 120000, 470000 140000, 440000 140000, 440000 120000)))
B033   133  1  (((470000 120000, 500000 120000, 500000 140000, 470000 140000, 470000 120000)))
B034   134  1  (((500000 120000, 530000 120000, 530000 140000, 500000 140000, 500000 120000)))
B035   135  1  (((530000 120000, 560000 120000, 560000 140000, 530000 140000, 530000 120000)))
B036   136  1  (((558000 122000, 563000 122000, 563000 123000, 580000 123000, 580000 150000, 558000 150000, 558000 140900, 557700 139300, 558000 137300, 558000 122000)))
B037   137  1  (((580000 135000, 610000 135000, 610000 155000, 580000 155000, 580000 135000)))
B038   138  1  (((609000 129000, 616000 129000, 616000 132000, 639000 132000, 639000 151000, 609000 151000, 609000 129000)))
B039   139  1  (((238000 120000, 260000 120000, 260000 150000, 249000 150000, 249000 148000, 243000 148000, 243000 143000, 241000 143000, 241000 137500, 238000 137500, 238000 120000)),((212500 143000, 215000 143000, 215000 148500, 212500 148500, 212500 143000)))
B040   140  1  (((310000 128000, 340000 128000, 340000 150000, 330000 150000, 330000 147000, 329200 147000, 329000 147300, 328000 147300, 327800 147000, 310000 147000, 310000 128000)))
B041   141  1  (((340000 130000, 360000 130000, 360000 160000, 340000 160000, 340000 130000)))
B042   142  1  (((360000 130000, 380000 130000, 380000 160000, 360000 160000, 360000 130000)))
B043   143  1  (((380000 130000, 400000 130000, 400000 160000, 380000 160000, 380000 130000)))
B044   144  1  (((460000 137000, 480000 137000, 480000 160000, 460000 160000, 460000 137000)),((440000 140000, 460000 140000, 460000 160000, 440000 160000, 440000 140000)))
B045   145  1  (((480000 140000, 510000 140000, 510000 160000, 480000 160000, 480000 140000)))
B046   146  1  (((510000 140000, 540000 140000, 540000 160000, 510000 160000, 510000 140000)))
B047   147  1  (((540000 138000, 562000 138000, 562000 165000, 540000 165000, 540000 138000)))
B048   148  1  (((560000 150000, 590000 150000, 590000 170000, 560000 170000, 560000 150000)))
B049   149  1  (((588000 150000, 610000 150000, 610000 177000, 588000 177000, 588000 150000)))
B050   150  1  (((610000 151000, 640000 151000, 640000 166750, 640400 167500, 640400 170300, 640000 171000, 640000 173000, 633000 173000, 633000 171000, 628000 171000, 628000 170000, 610000 170000, 610000 151000)))
B051   151  1  (((278000 172500, 288500 172500, 288500 166000, 301000 166000, 301000 186000, 278000 186000, 278000 172500)),((301000 166000, 301200 166000, 301350 165900, 301800 165400, 302000 165250, 302200 165200, 302500 165300, 303000 165300, 303200 165300, 303500 165400, 304000 165400, 304500 165500, 305000 165550, 305300 165600, 305500 165600, 306000 165500, 306300 165400, 306600 165300, 307000 165350, 307500 165650, 307950 166000, 310000 166000, 310200 165800, 310400 165800, 310600 166000, 310800 166000, 311000 165750, 311100 165700, 311200 165750, 311300 165850, 311400 166000, 324000 166000, 324000 186000, 301000 186000, 301000 166000)),((320250 164250,322750 164250,322750 165750,320250 165750,320250 164250)))
B052   152  1  (((320000 176000, 329500 176000, 329500 181000, 342000 181000, 342000 206000, 320000 206000, 320000 176000)))
B053   153  1  (((320000 143000, 342000 143000, 342000 173000, 330000 173000, 330000 167000, 320000 167000, 320000 143000)))
B054   154  1  (((340000 160000, 360000 160000, 360000 190000, 340000 190000, 340000 160000)))
B055   155  1  (((353000 160000, 380000 160000, 380000 182000, 353000 182000, 353000 176800, 352400 176000, 353000 175000, 353000 160000)))
B056   156  1  (((380000 153000, 400000 153000, 400000 183000, 380000 183000, 380000 153000)))
B057   157  1  (((400000 160000, 415700 160000, 415700 159600, 417300 159600, 417300 160000, 430000 160000, 430000 180000, 400000 180000, 400000 172700, 399400 172300, 399400 170400, 400000 170000, 400000 162000, 399700 162000, 399700 161000, 400000 160900, 400000 160000)))
B058   158  1  (((428000 160000, 458000 160000, 458000 180000, 428000 180000, 428000 160000)))
B059   159  1  (((455000 160000, 485000 160000, 485000 180000, 455000 180000, 455000 160000)))
B060   160  1  (((480000 160000, 510000 160000, 510000 180000, 480000 180000, 480000 160000)))
B061   161  1  (((510000 160000, 540000 160000, 540000 180000, 539660 180000, 539500 180200, 539325 180350, 539120 180450, 539050 180450, 539000 180400, 538850 180300, 538750 180200, 538650 180000, 536800 180000, 536800 180160, 536750 180320, 536650 180470, 536500 180550, 536340 180620, 536150 180630, 536000 180620, 535850 180580, 535650 180450, 535240 180000, 510000 180000, 510000 160000)))
B062   162  1  (((536000 165000, 566000 165000, 566000 185000, 536000 185000, 536000 165000)))
B063   163  1  (((563000 162000, 590000 162000, 590000 175700, 590450 177000, 590400 177500, 590300 177900, 590000 178400, 590000 184000, 563000 184000, 563000 162000)))
B064   164  1  (((235000 184000, 265000 184000, 265000 204000, 235000 204000, 235000 184000)))
B065   165  1  (((260000 186000, 273000 186000, 273000 181000, 282000 181000, 282000 211000, 260000 211000, 260000 186000)))
B066   166  1  (((301000 186000, 321000 186000, 321000 209000, 301000 209000, 301000 186000)),((281000 186000, 301000 186000, 301000 206000, 281000 206000, 281000 186000)))
B067   167  1  (((353000 181000, 380000 181000, 380000 203000, 353000 203000, 353000 181000)))
B068   168  1  (((378000 180000, 400000 180000, 400000 207000, 378000 207000, 378000 180000)))
B069   169  1  (((400000 175000, 420000 175000, 420000 205000, 400000 205000, 400000 175000)))
B070   170  1  (((442000 180000, 462000 180000, 462000 200000, 442000 200000, 442000 180000)),((419000 180000, 442000 180000, 442000 200000, 419000 200000, 419000 180000)))
B071   171  1  (((459000 174000, 470000 174000, 472000 173680, 474000 173680, 476000 174000, 481000 174000, 481000 201000, 459000 201000, 459000 174000)))
B072   172  1  (((480000 180000, 510000 180000, 510000 200000, 480000 200000, 480000 180000)))
B073   173  1  (((510000 178000, 537000 178000, 537000 200000, 510000 200000, 510000 178000)))
B074   174  1  (((530000 185000, 550000 185000, 550000 215000, 530000 215000, 530000 185000)))
B075   175  1  (((570000 180000, 593000 180000, 593000 200000, 570000 200000, 570000 180000)),((550000 180000, 570000 180000, 570000 200000, 550000 200000, 550000 180000)))
B076   176  1  (((584000 184000, 587000 184000, 588000 183600, 588700 183000, 589200 183000, 589900 184000, 592400 184000, 592800 183800, 593800 183800, 593950 184000, 606000 184000, 606000 211000, 584000 211000, 584000 184000)))
B077   177  1  (((216000 204000, 246000 204000, 246000 224000, 216000 224000, 216000 204000)))
B078   178  1  (((237000 198000, 267000 198000, 267000 218000, 237000 218000, 237000 198000)))
B079   179  1  (((378000 203000, 400000 203000, 400000 230000, 378000 230000, 378000 203000)))
B080   180  1  (((449000 200000, 472000 200000, 472000 204500, 472200 205000, 472200 206000, 472000 206400, 472000 220000, 449000 220000, 449000 200000)),((429500 200000, 449500 200000, 449500 220000, 429500 220000, 429500 200000)))
B081   181  1  (((472000 200000, 502000 200000, 502000 220000, 472000 220000, 472000 200000)))
B082   182  1  (((500000 200000, 530000 200000, 530000 220000, 500000 220000, 500000 200000)))
B083   183  1  (((567000 200000, 590000 200000, 590000 220000, 567000 220000, 567000 200000)),((550000 200000, 570000 200000, 570000 220000, 550000 220000, 550000 200000)))
B084   184  1  (((590000 210000, 610000 210000, 610000 230000, 590000 230000, 590000 210000)),((607000 211000, 627000 211000, 627000 234000, 607000 234000, 607000 211000)))
B085   185  1  (((220000 223000, 247000 223000, 247000 245000, 220000 245000, 220000 223000)))
B086   186  1  (((246000 218000, 268000 218000, 268000 245000, 246000 245000, 246000 218000)))
B087   187  1  (((267000 232000, 290000 232000, 290000 252000, 267000 252000, 267000 232000)),((270000 248000, 290000 248000, 290000 268000, 270000 268000, 270000 248000)))
B088   188  1  (((290000 233000, 320000 233000, 320000 253000, 290000 253000, 290000 233000)))
B089   189  1  (((340000 220000, 364000 220000, 364000 227200, 364400 227600, 364400 228000, 364000 228450, 364000 230000, 370000 230000, 370000 242000, 340000 242000, 340000 220000)))
B090   190  1  (((370000 230000, 400000 230000, 400000 250000, 370000 250000, 370000 230000)))
B091   191  1  (((428000 220000, 448000 220000, 448000 243000, 428000 243000, 428000 220000)),((444000 220000, 464000 220000, 464000 240000, 444000 240000, 444000 220000)))
B092   192  1  (((480000 220000, 500000 220000, 500000 243000, 480000 243000, 480000 220000)),((460000 220000, 480000 220000, 480000 240000, 460000 240000, 460000 220000)))
B093   193  1  (((500000 220000, 530000 220000, 530000 240000, 500000 240000, 500000 220000)))
B094   194  1  (((530000 210000, 550000 210000, 550000 220000, 550500 220250, 550800 221800, 550450 222700, 550000 223400, 550000 240000, 530000 240000, 530000 210000)))
B095   195  1  (((547000 220000, 570000 220000, 570000 240000, 547000 240000, 547000 220000)),((570000 220000, 590000 220000, 590000 240000, 570000 240000, 570000 220000)))
B096   196  1  (((580000 230000, 610000 230000, 610000 250000, 580000 250000, 580000 230000)))
B097   197  1  (((610000 229000, 630500 229000, 630500 234000, 635000 234000, 635000 237000, 640000 237000, 640000 251000, 610000 251000, 610000 232900, 609600 232500, 609380 231000, 609580 230700, 610000 230850, 610000 229000)))
B098   198  1  (((213000 240000, 233000 240000, 233000 260000, 213000 260000, 213000 240000)),((231000 245000, 251000 245000, 251000 267200, 251300 267400, 251700 268000, 231000 268000, 231000 245000)))
B099   199  1  (((248000 243000, 270000 243000, 270000 270000, 248000 270000, 248000 243000)))
B100   200  1  (((280000 253000,300000 253000,300000 273000,280000 273000,280000 253000)),((300000 250000,320000 250000,320000 273000,300000 273000,300000 250000))
B101   201  9  (((320000 260000, 340000 260000, 340000 283000, 320000 283000, 320000 260000)),((320000 240000, 340000 240000, 340000 260000, 320000 260000, 320000 240000)))
B102   202  9  (((340000 240000, 370000 240000, 370000 260000, 340000 260000, 340000 240000)))
B103   203  9  (((340000 260000, 370000 260000, 370000 280000, 340000 280000, 340000 260000)))
B104   204  9  (((370000 250000, 400000 250000, 400000 270000, 370000 270000, 370000 250000)))
B105   205  9  (((400000 240000, 430000 240000, 430000 260000, 400000 260000, 400000 240000)))
B106   206  9  (((430000 240000, 460000 240000, 460000 260000, 430000 260000, 430000 240000)))
B107   207  1  (((473000 240000,493000 240000,493000 263000,473000 263000,473000 240000)),((455000 240000,475000 240000,475000 260000,455000 260000,455000 240000)))
B108   208  9  (((493000 240000, 513000 240000, 513000 260000, 493000 260000, 493000 240000)),((513000 240000, 533000 240000, 533000 263000, 513000 263000, 513000 240000)))
B109   209  9  (((533000 240000, 560000 240000, 560000 262000, 548200 262000, 547200 262400, 546800 262400, 545300 262000, 533000 262000, 533000 240000)))
B110   210  9  (((560000 240000, 580000 240000, 580000 270000, 560000 270000, 560000 240000)))
B111   211  9  (((580000 250000, 600000 250000, 600000 270000, 580000 270000, 580000 250000)),((600000 250000, 623000 250000, 623000 270000, 600000 270000, 600000 250000)))
B112   212  9  (((621000 246000, 648000 246000, 648000 268000, 621000 268000, 621000 246000)))
B113   213  9  (((251000 268000, 281000 268000, 281000 290000, 257000 290000, 257000 280000, 251000 280000, 251000 268000)))
B114   214  9  (((300000 270000, 320000 270000, 320000 293000, 300000 293000, 300000 270000)),((280000 273000, 300000 273000, 300000 293000, 280000 293000, 280000 273000)))
B115   215  9  (((275000 290000, 298000 290000, 298000 310000, 275000 310000, 275000 301620, 274580 301520, 274580 300500, 275000 300500, 275000 290000)),((298000 290000, 318000 290000, 318000 310000, 298000 310000, 298000 290000)))
B116   216  9  (((318000 283000, 340000 283000, 340000 310000, 318000 310000, 318000 283000)))
B117   217  9  (((335000 280000, 365000 280000, 365000 300000, 363500 300000, 363500 300350, 363050 300310, 361950 300310, 361500 300100, 361500 300000, 335000 300000, 335000 280000)))
B118   218  9  (((365000 270000, 385000 270000, 385000 300000, 365000 300000, 365000 270000)))
B119   219  9  (((380000 287000, 400000 287000, 400000 307000, 380000 307000, 380000 287000)),((380000 270000, 400000 270000, 400000 293000, 380000 293000, 380000 270000)))
B120   220  9  (((400000 280000, 420000 280000, 420000 282000, 420220 282400, 420250 282900, 420250 283250, 420000 284000, 420000 303000, 400000 303000, 400000 280000)),((400000 260000, 420000 260000, 420000 280000, 400000 280000, 400000 276500, 399580 275920, 399580 274600, 400000 274000, 400000 260000)))
B121   221  1  (((420000 260000,440000 260000,440000 290000,420000 290000,420000 260000)))
B122   222  9  (((440000 260000, 460000 260000, 460000 265100, 460300 265400, 460350 266150, 460000 266500, 460000 290000, 440000 290000, 440000 260000)))
B123   223  1  (((460000 256000,483000 256000,483000 276000,460000 276000,460000 256000)),((460000 274000,480000 274000,480000 294000,460000 294000,460000 274000)))
B124   224  1  (((480000 280000,503000 280000,503000 300000,492000 300000,492000 295000,480000 295000,480000 280000)),((480000 260000,503000 260000,503000 280000,480000 280000,480000 260000)))
B125   225  9  (((503000 260000, 526000 260000, 526000 280000, 503000 280000, 503000 260000)),((526000 260000, 546000 260000, 546000 280000, 526000 280000, 526000 260000)))
B126   226  9  (((546000 262000, 576000 262000, 576000 282000, 555200 282000, 555200 282060, 554650 282200, 554450 282000, 546000 282000, 546000 262000)))
B127   227  9  (((503000 280000,523000 280000,523000 303000,503000 303000,503000 280000)),((523000 280000,543000 280000,543000 300000,523000 300000,523000 280000)))
B128   228  1  (((539000 280000, 552000 280000, 552600 279350, 554350 279300, 555000 280000, 556000 280000, 556000 303000, 539000 303000, 539000 287400, 538800 287250, 538800 286800, 538550 285800, 538550 284900, 539000 284700, 539000 280000)),((555000 280000,575000 280000,575000 303000,555000 303000,555000 280000)))
B129   229  1  (((575000 270000,595000 270000,595000 300000,575000 300000,575000 270000)))
B130   230  1  (((610000 267000,630000 267000,630000 290000,610000 290000,610000 267000)),((590000 270000,610000 270000,610000 290000,590000 290000,590000 270000)))
B131   231  1  (((627000 268000, 654000 268000, 654000 290000, 634500 290000, 633300 290400, 632800 290000, 627000 290000, 627000 268000)))
B132   232  9  (((411500 299000, 417500 299000, 417500 289000, 441500 289000, 441500 311000, 412600 311000, 412330 311450, 412200 311450, 412000 311500, 411800 311500, 411600 311420, 411070 311420, 411070 308000, 411500 308000, 411500 299000)))
B133   233  1  (((441500 287000, 461500 287000, 461500 310000, 441500 310000, 441500 287000)),((461500 290000, 468000 290000, 468500 289650, 470500 289650, 471000 290000, 481500 290000, 481500 299400, 481850 300000, 482000 300500, 482000 301350, 481500 302300, 481500 310000, 461500 310000, 461500 290000)))
B134   234  1  (((480000 295000,510000 295000,510000 315000,480000 315000,480000 295000)))
B135   235  1  (((510000 297000,530000 297000,530000 320000,510000 320000,510000 297000)),((530000 300000,550000 300000,550000 320000,530000 320000,530000 300000)))
B136   236  1  (((550000 300000,570000 300000,570000 323000,550000 323000,550000 300000)),((570000 300000,590000 300000,590000 320000,570000 320000,570000 300000)))
B137   237  1  (((609000 290000,629000 290000,629000 313000,609000 313000,609000 290000)),((589000 290000,609000 290000,609000 310000,589000 310000,589000 290000)))
B138   238  1  (((580000 310000,600000 310000,600000 330000,580000 330000,580000 310000)),((600000 310000,623000 310000,623000 330000,600000 330000,600000 310000)))
B139   239  1  (((294000 306000, 321000 306000, 321000 307000, 321150 307000, 321750 307500, 321750 307900, 321200 308500, 321000 308600, 321000 328000, 294000 328000, 294000 306000)))
B140   240  1  (((320000 310000, 340000 310000, 340000 333900, 340450 334200, 340450 335500, 340000 335950, 340000 340000, 320000 340000, 320000 310000)))
B141   241  1  (((340000 300000,360000 300000,360000 320000,340000 320000,340000 300000)),((340000 317000,360000 317000,360000 340000,340000 340000,340000 317000)))
B142   242  1  (((360000 300000,390000 300000,390000 320000,360000 320000,360000 300000)))
B143   243  1  (((360000 320000,390000 320000,390000 340000,360000 340000,360000 320000)))
B144   244  1  (((390000 303000,412000 303000,412000 330000,390000 330000,390000 303000)))
B145   245  1  (((411000 310000,431000 310000,431000 330000,411000 330000,411000 310000)),((431000 307000,451000 307000,451000 330000,431000 330000,431000 307000)))
B146   246  1  (((450000 310000, 451400 310000, 451700 309700, 452000 309600, 452500 309550, 453000 309450, 453200 309450, 453850 309900, 454150 310000, 480000 310000, 480000 330000, 450000 330000, 450000 310000)))
B147   247  1  (((480000 315000,500000 315000,500000 345000,480000 345000,480000 315000)))
B148   248  1  (((500000 315000,520000 315000,520000 345000,500000 345000,500000 315000)))
B149   249  1  (((520000 320000,540000 320000,540000 340000,520000 340000,520000 320000)),((540000 320000,563000 320000,563000 340000,540000 340000,540000 320000)))
B150   250  1  (((560000 317000, 582000 317000, 582000 347000, 565000 347000, 565000 335000, 560000 335000, 560000 326100, 559700 325600, 559700 325600, 559700 325000, 559550 324850, 559550 324900, 560000 323900, 560000 317000)))
B151   251  1  (((581000 328000,611000 328000,611000 348000,581000 348000,581000 328000)))
B152   252  1  (((610000 323000,640000 323000,640000 339000,630000 339000,630000 345000,610000 345000,610000 323000)))
B153   253  1  (((213000 323000,240000 323000,240000 345000,213000 345000,213000 323000)),((210000 320000,213000 320000,213000 323500,210000 323500,210000 320000)))
B154   254  1  (((235000 334000, 257000 334000, 257000 337750, 257300 338000, 257400 338400, 257400 338600, 257300 338650, 257000 339100, 257000 361000, 244400 361000, 244300 361200, 243600 361200, 243500 361000, 235000 361000, 235000 346000, 234600 345500, 234600 344800, 234700 344500, 235000 344080, 235000 334000)))
B155   255  1  (((298000 325000, 314000 325000, 314000 328000, 322000 328000, 322000 331000, 328000 331000, 328000 336300, 328700 337000, 328700 341300, 328000 342000, 328000 347000, 298000 347000, 298000 325000)))
B156   256  1  (((307000 342000,319000 342000,319000 337000,337000 337000,337000 359000,307000 359000,307000 342000)))
B157   257  1  (((357000 340000,380000 340000,380000 360000,357000 360000,357000 340000)),((337000 340000,357000 340000,357000 360000, 349450 360000, 349100 360450, 347050 360450, 346750 360000, 337000 360000,337000 340000)))
B158   258  1  (((380000 330000,400000 330000,400000 360000,380000 360000,380000 330000)))
B159   259  1  (((420000 330000,443000 330000,443000 350000,420000 350000,420000 330000)),((400000 330000,420000 330000,420000 350000,400000 350000,400000 330000)))
B160   260  1  (((440000 330000,463000 330000,463000 350000,440000 350000,440000 330000)),((463000 330000, 468200 330000, 468600 329350, 470500 329350, 471000 329200, 471700 329450, 472500 329400, 473000 329500, 473400 330000, 483000 330000, 483000 350000, 463000 350000, 463000 330000)))
B161   261  1  (((530000 340000,553000 340000,553000 360000,530000 360000,530000 340000)),((510000 340000,530000 340000,530000 360000,510000 360000,510000 340000)))
B162   262  1  (((220000 371000,232000 371000,232000 366000,242000 366000,242000 396000,220000 396000,220000 371000)))
B163   263  1  (((236000 360000, 259000 360000, 259000 380000, 236000 380000, 236000 366000, 235800 365800, 235800 365700, 236000 365400, 236000 360000)),((242000 375000, 265000 375000, 265000 381800, 265700 382450, 265700 382550, 265000 382500, 265000 389000, 255000 389000, 255000 395000, 242000 395000, 242000 375000)))
B164   264  1  (((290000 365000,310000 365000,310000 385000,290000 385000,290000 365000)),((290000 345000,313000 345000,313000 365000,290000 365000,290000 345000)))
B165   265  1  (((305000 355000, 325000 355000, 325000 385000, 314000 385000, 312800 385850, 310500 385850, 307700 385000, 305000 385000, 305000 355000)))
B166   266  1  (((319000 376000, 339000 376000, 339000 396000, 319000 396000, 319000 389500, 318000 388300, 318200 387500, 318300 387000, 319000 385900, 319000 376000)),((325000 359000, 348000 359000, 348000 379000, 340000 379000, 339500 379400, 339000 379500, 338500 379300, 338000 379000, 325000 379000, 325000 359000)))
B167   267  1  (((348000 360000,375000 360000,375000 382000,348000 382000,348000 360000)))
B168   268  1  (((374000 373000, 397000 373000, 397000 379000, 397400 379500, 397450 379800, 397450 381400, 397000 382000, 397000 390000, 396800 390200, 396500 390450, 394200 390450, 393800 390000, 374000 390000, 374000 382100, 373550 381500, 373550 380800, 374000 380100, 374000 373000)),((374000 354000,397000 354000,397000 374000,374000 374000,374000 354000)))
B169   269  1  (((432000 350000,452000 350000,452000 380000,432000 380000,432000 350000)))
B170   270  1  (((450000 350000,470000 350000,470000 380000,450000 380000,450000 350000)))
B171   271  1  (((470000 345000, 490000 345000, 490000 365000, 470000 365000, 470000 355650, 469370 355000, 469200 354500, 469200 354000, 469250 353500, 469550 353000, 470000 352600, 470000 345000)),((470000 365000,490000 365000,490000 388000,470000 388000,470000 365000)))
B172   272  1  (((490000 365000,510000 365000,510000 388000,490000 388000,490000 365000)),((490000 345000, 505000 345000, 505500 344600, 506000 344550, 507000 344550, 507500 344700, 508000 345000, 510000 345000, 510000 365000, 490000 365000, 490000 345000)))
B173   273  1  (((510000 360000, 540000 360000, 540000 365200, 540600 365700, 540650 366000, 540350 366650, 540000 366900, 540000 380000, 510000 380000, 510000 360000)))
B174   274  1  (((538000 353000,558000 353000,558000 383000,538000 383000,538000 353000)))
B175   275  1  (((329000 395000, 332000 395000, 332000 384000, 335000 384000, 335000 379000, 359000 379000, 359000 401000, 329000 401000, 329000 395000)))
B176   276  1  (((355000 382000, 375000 382000, 375000 398450, 375200 398800, 375300 399000, 375400 399200, 375000 399500, 375000 412000, 355000 412000, 355000 382000)))
B177   277  1  (((375000 388000, 397000 388000, 397000 415000, 394500 415000, 394100 415450, 393200 415450, 393000 415200, 392900 415000, 375000 415000, 375000 407000, 374700 406500, 374550 406100, 374600 406000, 375000 405000, 375000 401200, 374500 400500, 374500 399700, 374700 399000, 374800 398500, 375000 398180, 375000 388000)))
B178   278  1  (((427000 380000,447000 380000,447000 400000,427000 400000,427000 380000)),((427000 400000, 450000 400000, 450000 420000, 427000 420000, 427000 403000, 426600 402500, 426600 402200, 427000 401750, 427000 400000)))
B179   279  1  (((450000 400000,470000 400000,470000 420000,450000 420000,450000 400000)),((447000 380000,470000 380000,470000 400000,447000 400000,447000 380000)))
B180   280  1  (((470000 388000,492000 388000,492000 415000,470000 415000,470000 388000)))
B181   281  1  (((487000 406000,510000 406000,510000 426000,487000 426000,487000 406000)),((490000 388000,510000 388000,510000 408000,490000 408000,490000 388000)))
B182   282  1  (((510000 380000,537000 380000,537000 402000,510000 402000,510000 380000)))
B183   283  1  (((532000 378000,554000 378000,554000 402000,544000 402000,544000 408000,532000 408000,532000 378000)))
B184   284  1  (((510000 396000, 532000 396000, 532000 405900, 532300 406000, 532600 406350, 532600 406900, 532000 407500, 532000 420000, 522000 420000, 522000 426000, 510000 426000, 510000 396000)))
B185   285  1  (((324000 400000,344000 400000,344000 423000,324000 423000,324000 400000)),((344000 400000,359000 400000,359000 412000,364000 412000,364000 423000,344000 423000,344000 400000)))
B186   286  1  (((330000 421000,360000 421000,360000 441000,330000 441000,330000 421000)))
B187   287  1  (((357750 410000, 380500 410000, 380500 413500, 380000 413900, 380000 440000, 360000 440000, 360000 419000, 357750 419000, 357750 410000)))
B188   288  1  (((408000 419000,428000 419000,428000 442000,408000 442000,408000 419000)),((408000 404000,428000 404000,428000 424000,408000 424000,408000 404000)))
B189   289  1  (((425000 420000,448000 420000,448000 440000,425000 440000,425000 420000)),((428000 440000,448000 440000,448000 460000,428000 460000,428000 440000)))
B190   290  1  (((448000 440000, 471000 440000, 471000 460000, 448000 460000, 448000 444300, 447750 444000, 447550 443600, 447350 443000, 447300 442500, 447350 442000, 447500 441500, 447750 441000, 448000 440700, 448000 440000)),((448000 420000,468000 420000,468000 440000,448000 440000,448000 420000)))
B191   291  1  (((467000 415000,489000 415000,489000 442000,467000 442000,467000 415000)))
B192   292  1  (((519000 415000,541000 415000,541000 441000,526000 441000,526000 445000,519000 445000,519000 415000)),((537000 409000,542500 409000,542500 419000,537000 419000,537000 409000)))
B193   293  1  (((489000 424000, 519000 424000, 519000 427500, 519450 427900, 519450 429000, 519200 429300, 519000 429500, 519000 430000, 519350 430100, 519200 431000, 519000 431200, 519000 444000, 489000 444000, 489000 424000)))
B194   294  1  (((470000 440000,500000 440000,500000 460000,470000 460000,470000 440000)))
B195   295  1  (((500000 444000, 522000 444000, 522000 444500, 522200 444500, 522450 444900, 522450 445500, 522000 446100, 522000 471000, 500000 471000, 500000 444000)))
B196   296  1  (((330000 440000,350000 440000,350000 470000,330000 470000,330000 440000)))
B197   297  1  (((405000 440000,435000 440000,435000 460000,405000 460000,405000 440000)))
B198   298  1  (((405000 458000, 432000 458000, 432000 470400, 432200 470500, 432000 470700, 432000 480000, 405000 480000, 405000 458000)))
B199   299  1  (((427000 460000,457000 460000,457000 480000,427000 480000,427000 460000)))
B200   300  1  (((457000 460000,477000 460000,477000 480000,457000 480000,457000 460000)),((477000 460000,500000 460000,500000 480000,477000 480000,477000 460000)))
B201   301  1  (((500000 465000,522000 465000,522000 489000,512000 489000,512000 495000,500000 495000,500000 465000)),((520000 468000,526000 468000,526000 475000,520000 475000,520000 468000)))
B202   302  1  (((414000 480000, 444000 480000, 444000 480900, 444200 481100, 444100 482200, 444000 482600, 444000 500000, 414000 500000, 414000 480000)))
B203   303  1  (((292000 503500,314000 503500,314000 533500,297000 533500,297000 521000,292000 521000,292000 503500)))
B204   304  1  (((424000 498000,444000 498000,444000 521000,424000 521000,424000 498000)),((408000 498000,425000 498000,425000 521000,408000 521000,408000 498000)))
B205   305  1  (((410000 520000,440000 520000,440000 540000,410000 540000,410000 520000)))
B206   306  1  (((440000 516000,470000 516000,470000 532000,460000 532000,460000 538000,440000 538000,440000 516000)))
B207   307  1  (((390000 538000, 390800 538000, 391300 537700, 392000 537700, 393000 537600, 393500 537690, 394000 538000, 420000 538000, 420000 560000, 396000 560000, 396000 551000, 395000 550000, 390000 550000, 390000 538000)))
B208   308  1  (((418000 538000, 448000 538000, 448000 544000, 445000 544000, 445000 551000, 443000 551000, 443000 560000, 418000 560000, 418000 538000)))
B209   309  1  (((195500 552000,215500 552000,215500 575000,195500 575000,195500 552000)),((200000 542000,206000 542000,206000 530000,220000 530000,220000 553000,200000 553000,200000 542000)),((225000 533000,227000 533000,227000 535000,225000 535000,225000 533000)))
B210   310  1  (((215500 548000,235500 548000,235500 578000,215500 578000,215500 548000)))
B211   311  1  (((228000 544500,233000 544500,233000 533000,250000 533000,250000 563000,228000 563000,228000 544500)))
B212   312  1  (((250000 543000, 265650 543000, 265800 542850, 266100 543000, 280000 543000, 280000 547000, 280420 547800, 280420 548200, 280000 549000, 280000 563000, 277700 563000, 277000 563350, 276500 563400, 276000 563350, 275500 563300, 275000 563000, 250000 563000, 250000 543000)))
B213   313  1  (((280000 548000, 280000 547150, 280700 548000, 300000 548000, 300000 578000, 280000 578000, 280000 548000)))
B214   314  1  (((300000 547000,330000 547000,330000 567000,300000 567000,300000 547000)))
B215   315  1  (((329500 550000,359500 550000,359500 570000,329500 570000,329500 550000)))
B216   316  1  (((419000 560000,442000 560000,442000 580000,419000 580000,419000 560000)),((400000 560000,420000 560000,420000 580000,400000 580000,400000 560000)))
B217   317  1  (((204000 575000, 234000 575000, 234000 597000, 209000 597000, 209000 586800, 207900 585000, 204000 585000, 204000 575000)),((201000 598500,203500 598500,203500 601000,201000 601000,201000 598500)))
B218   318  1  (((232500 578000,262500 578000,262500 590000,256500 590000,256500 600000,232500 600000,232500 578000)))
B219   319  1  (((235250 562000, 265250 562000, 265250 569000, 265500 569200, 265400 570000, 265370 570350, 265670 571000, 265670 572000, 265500 572500, 265450 573000, 265260 573400, 265250 582000, 235250 582000, 235250 577500, 234750 576800, 235250 575500, 235250 562000)))
B220   320  1  (((261000 562000, 275600 562000, 276000 561800, 276300 561600, 276800 561600, 277200 562000, 281000 562000, 281000 592000, 261000 592000, 261000 562000)))
B221   321  1  (((278000 573000,300000 573000,300000 600000,278000 600000,278000 573000)))
B222   322  1  (((300000 564000,323000 564000,323000 584000,300000 584000,300000 564000)),((300000 584000,320000 584000,320000 604000,300000 604000,300000 584000)))
B223   323  1  (((318000 584000,341000 584000,341000 604000,318000 604000,318000 584000)),((321000 564000, 325900 564000, 326500 563700, 326700 563700, 327000 564000, 341000 564000, 341000 584000, 321000 584000, 321000 564000)))
B224   324  1  (((338000 570000,358000 570000,358000 600000,338000 600000,338000 570000)))
B225   325  1  (((406000 580000, 433000 580000, 433000 580500, 433200 580750, 433000 581000, 433000 602000, 406000 602000, 406000 580000)))
B226   326  1  (((225000 614000,248000 614000,248000 634000,230000 634000,230000 622000,225000 622000,225000 614000)),((217000 596000,240000 596000,240000 616000,217000 616000,217000 596000)))
B227   327  1  (((240000 600000,260000 600000,260000 630000,240000 630000,240000 600000)))
B228   328  1  (((259000 610000,279000 610000,279000 630000,259000 630000,259000 610000)),((256000 590000,279000 590000,279000 610000,256000 610000,256000 590000)))
B229   329  1  (((278000 597000, 300000 597000, 300000 624000, 278000 624000, 278000 610750, 277750 610500, 277600 610000, 277800 609600, 278000 609000, 278000 597000)))
B230   330  1  (((300000 604000,330000 604000,330000 624000,300000 624000,300000 604000)))
B231   331  1  (((330000 600000,360000 600000,360000 620000,330000 620000,330000 600000)))
B232   332  1  (((402000 602000, 404000 602000, 404500 601500, 405000 601200, 405500 601050, 406500 601050, 407000 601240, 407500 601550, 408000 602000, 432000 602000, 432000 607000, 429000 607000, 429000 616000, 427000 616000, 427000 624000, 402000 624000, 402000 602000)))
B233   333  1  (((226000 629000,248000 629000,248000 659000,232000 659000,232000 649000,226000 649000,226000 629000)))
B234   334  1  (((248000 629000,270000 629000,270000 656000,248000 656000,248000 629000)))
B235   335  1  (((269000 630000,279000 630000,279000 624000,299000 624000,299000 646000,269000 646000,269000 630000)))
B236   336  1  (((298000 622000,320000 622000,320000 649000,298000 649000,298000 622000)))
B237   337  1  (((320000 620000,340000 620000,340000 650000,320000 650000,320000 620000)))
B238   338  1  (((340000 620000, 362000 620000, 362000 636000, 359000 636000, 359000 639000, 357000 639000, 357000 650000, 340000 650000, 340000 620000)))
B239   339  1  (((357000 630000,377000 630000,377000 650000,357000 650000,357000 630000)),((377000 630000,400000 630000,400000 650000,377000 650000,377000 630000)))
B240   340  1  (((399000 624000, 426000 624000, 426000 646000, 399000 646000, 399000 628900, 398500 628500, 398500 627700, 399000 627150, 399000 624000)),((400000 645000,407000 645000,407000 650000,400000 650000,400000 645000)))
B241   341  1  (((218000 658000, 241000 658000, 241000 678000, 226500 678000, 226000 678300, 225200 678300, 225100 678000, 224500 678000, 224400 678300, 224100 678300, 223900 678000, 218000 678000, 218000 658000)),((214000 640000, 232000 640000, 232000 652000, 237000 652000, 237000 660000, 214000 660000, 214000 652300, 213000 651500, 213000 651000, 214000 650200, 214000 640000)))
B242   342  1  (((241000 655000,271000 655000,271000 675000,241000 675000,241000 655000)))
B243   343  1  (((270000 646000,300000 646000,300000 666000,270000 666000,270000 646000)))
B244   344  1  (((300000 648000,330000 648000,330000 668000,300000 668000,300000 648000)))
B245   345  1  (((329000 650000,349000 650000,349000 670000,329000 670000,329000 650000)),((349000 650000,372000 650000,372000 670000,349000 670000,349000 650000)))
B246   346  1  (((372000 650000, 402000 650000, 402000 659000, 399000 659000, 399000 665500, 394500 665500, 394500 672000, 378900 672000, 378600 672200, 378300 672000, 372000 672000, 372000 650000)))
B247   347  1  (((221000 679000, 231000 679000, 231000 673000, 251000 673000, 251000 680600, 251200 680700, 251200 681300, 251000 681700, 251000 695000, 221000 695000, 221000 689500, 220500 688800, 220500 687600, 221000 687000, 221000 679000)))
B248   348  1  (((250000 675000, 254000 675000, 254800 674300, 255500 674300, 256900 675000, 280000 675000, 280000 695000, 250000 695000, 250000 675000)))
B249   349  1  (((270000 665000,290000 665000,290000 688000,270000 688000,270000 665000)),((288000 665000,308000 665000,308000 683000,296000 683000,296000 688000,288000 688000,288000 665000)))
B250   350  1  (((307000 666000,337000 666000,337000 686000,307000 686000,307000 666000)))
B251   351  1  (((355000 668000, 378000 668000, 378000 671900, 378200 672000, 378200 672400, 378000 672700, 378000 683000, 366000 683000, 366000 688000, 355000 688000, 355000 668000)),((332000 668000,355000 668000,355000 688000,332000 688000,332000 668000)))
B252   352  1  (((126000 640000, 130500 640000, 131000 639700, 131400 640000, 148000 640000, 148000 667000, 126000 667000, 126000 640000)))
B253   353  1  (((125000 661000,145000 661000,145000 681000,125000 681000,125000 661000)),((115000 651000,135000 651000,135000 672000,115000 672000,115000 651000)))
B254   354  1  (((130000 675000,152000 675000,152000 702000,130000 702000,130000 675000)))
B255   355  1  (((142000 662000,162000 662000,162000 682000,142000 682000,142000 662000)),((150500 682000, 173500 682000, 173500 698600, 173900 699200, 173900 699700, 173500 700000, 173500 702000, 150500 702000, 150500 684800, 150200 684300, 150100 683300, 150100 682600, 150500 682500, 150500 682000)),((167000 700000,173000 700000,173000 707000,167000 707000,167000 700000)))
B256   356  1  (((163000 625000, 183000 625000, 183000 645000, 163000 645000, 163000 625000)),((158000 603000, 178000 603000, 178000 626000, 158000 626000, 158000 603000)))
B257   357  1  (((170000 653000,193000 653000,193000 673000,170000 673000,170000 653000)),((162000 643000,185000 643000,185000 660000,162000 660000,162000 643000)))
B258   358  1  (((172000 687000,198000 687000,198000 707000,172000 707000,172000 687000)),((166000 671000,187000 671000,187000 683000,192000 683000,192000 691000,166000 691000,166000 671000)))
B259   359  1  (((170500 705500, 173500 705500, 174400 705000, 174600 705000, 175400 705500, 186500 705500, 186500 715500, 192500 715500, 192500 735500, 179500 735500, 179500 729000, 170500 729000, 170500 715200, 170100 715100, 170100 714900, 170500 714700, 170500 705500)),((163000 707500,171000 707500,171000 713000,163000 713000,163000 707500)))
B260   360  1  (((192500 712000,218500 712000,218500 729000,192500 729000,192500 712000)),((185000 696000,211000 696000,211000 716000,185000 716000,185000 696000)))
B261   361  1  (((186000 633000,206000 633000,206000 653000,186000 653000,186000 633000)),((186000 618000,209000 618000,209000 638000,186000 638000,186000 618000)))
B262   362  1  (((192000 657000, 204000 657000, 204000 652000, 209000 652000, 209500 651500, 210200 651500, 210600 652000, 212000 652000, 212000 675000, 192000 675000, 192000 657000)),((190000 669000,194000 669000,194000 675000,190000 675000,190000 669000)),((190000 675000, 210000 675000, 210000 698000, 206500 698000, 205850 698650, 205400 698900, 203500 698900, 202800 698400, 202400 698400, 201500 698000, 190000 698000, 190000 675000)))
B263   363  1  (((205000 667000,219000 667000,219000 677000,225000 677000,225000 690000,205000 690000,205000 667000)),((205000 690000, 225000 690000, 225000 713000, 205000 713000, 205000 699000, 204720 698550, 204720 697100, 205000 696700, 205000 690000)))
B264   364  1  (((218500 703000,224500 703000,224500 693000,241500 693000,241500 713000,218500 713000,218500 703000)),((218500 712000,241500 712000,241500 732000,218500 732000,218500 712000)))
B265   365  1  (((241500 693000, 264500 693000, 264500 694000, 265000 694000, 265350 694500, 264500 695000, 265000 695500, 264500 695600, 264500 713000, 241500 713000, 241500 693000)),((241500 713000,264500 713000,264500 730000,241500 730000,241500 713000)))
B266   366  1  (((263000 693000,273000 693000,273000 687000,283000 687000,283000 710000,263000 710000,263000 693000)),((280000 687000,300000 687000,300000 710000,280000 710000,280000 687000)))
B267   367  1  (((293000 680000,316000 680000,316000 700000,299000 700000,299000 690000,293000 690000,293000 680000)),((316000 682000,339000 682000,339000 702000,316000 702000,316000 682000)),((338000 700000,343000 700000,343000 704000,338000 704000,338000 700000)))
B268   368  1  (((261500 708000, 281500 708000, 281500 731000, 261500 731000, 261500 708000)),((281000 708000, 298000 708000, 298000 731000, 281000 731000, 281000 708000)))
B269   369  1  (((298000 698000, 318000 698000, 318000 728000, 298000 728000, 298000 698000)))
B270   370  1  (((315000 700000, 345000 700000, 345000 716000, 335000 716000, 335000 722000, 315000 722000, 315000 700000)))
B271   371  1  (((342000 699000, 365000 699000, 365000 719000, 342000 719000, 342000 699000)),((364500 698500, 366500 698500, 366500 700500, 364500 700500, 364500 698500)),((330000 713000, 353000 713000, 353000 730000, 330000 730000, 330000 713000)))
B272   372  1  (((108000 747000, 131000 747000, 131000 767000, 108000 767000, 108000 747000)),((90000 735000, 110000 735000, 110000 755000, 90000 755000, 90000 735000)))
B273   373  1  (((124000 711000, 144000 711000, 144000 717000, 154000 717000, 154000 728200, 154550 728450, 154700 729300, 154000 729600, 154000 733000, 124000 733000, 124000 726400, 123800 726300, 123800 726200, 124000 726000, 124000 720300, 123700 719500, 123700 719000, 124000 718500, 124000 714400, 123500 714200, 123500 713800, 124000 713500, 124000 711000)),((131000 734000, 134000 734000, 134000 737000, 131000 737000, 131000 734000)))
B274   374  1  (((140000 737000, 160000 737000, 160000 760000, 140000 760000, 140000 737000)),((123000 734000, 143000 734000, 143000 757000, 129000 757000, 129000 747000, 123000 747000, 123000 734000)))
B275   375  1  (((156000 720000, 161000 720000, 162000 719600, 162500 719300, 163300 719300, 164000 720000, 176000 720000, 176000 743000, 163600 743000, 162400 743700, 159800 743700, 159000 743000, 156000 743000, 156000 720000)),((140000 726000, 150000 726000, 150000 720000, 160000 720000, 160000 743000, 140000 743000, 140000 726000)))
B276   376  1  (((179000 728000, 201000 728000, 201000 758000, 185000 758000, 185000 748000, 179000 748000, 179000 739500, 178600 739000, 178600 738800, 179000 738300, 179000 728000)),((177000 734000, 179500 734000, 179500 737500, 177000 737500, 177000 734000)))
B277   377  1  (((199000 725000, 219000 725000, 219000 745000, 199000 745000, 199000 725000)),((219000 725000, 239000 725000, 239000 748000, 219000 748000, 219000 725000)))
B278   378  1  (((237000 730000, 257000 730000, 257000 732200, 257500 732600, 257500 733800, 257100 734400, 257000 734400, 257000 750000, 237000 750000, 237000 730000)),((257000 730000, 277000 730000, 277000 744400, 277500 745000, 277520 745200, 277500 745500, 277300 745770, 277000 746000, 277000 753000, 257000 753000, 257000 734400, 256880 734200, 257000 733900, 257000 730000)))
B279   379  1  (((276000 727000, 296000 727000, 296000 750000, 276000 750000, 276000 727000)),((296000 727000, 313000 727000, 313000 750000, 296000 750000, 296000 727000)))
B280   380  1  (((313000 719000, 333000 719000, 333000 739000, 313000 739000, 313000 719000)),((327000 727000, 350000 727000, 350000 747000, 327000 747000, 327000 727000)))
B281   381  1  (((313000 739000, 331000 739000, 331000 744000, 343000 744000, 343000 761000, 313000 761000, 313000 739000)))
B282   382  1  (((350000 730000, 370000 730000, 370000 746500, 370900 748000, 370500 748800, 370000 749100, 370000 753000, 350000 753000, 350000 730000)),((362000 750000, 376000 750000, 376000 760000, 382000 760000, 382000 769100, 382600 769700, 382700 770000, 382700 770200, 382000 771000, 382000 773000, 362000 773000, 362000 750000)))
B283   383  1  (((154000 742500, 169000 742500, 169100 742300, 169300 742300, 169400 742500, 170000 742500, 171000 742000, 172000 741800, 172600 742500, 177000 742500, 177000 762500, 172000 762500, 171000 763000, 170800 763100, 170600 763000, 170100 762500, 154000 762500, 154000 742500)),((172000 740500, 172200 740500, 173000 740000, 173300 739800, 174000 740300, 174500 740500, 185000 740500, 185000 746500, 195000 746500, 195000 760500, 172000 760500, 172000 740500)))
B284   384  1  (((199000 745000, 229000 745000, 229000 764000, 209000 764000, 209000 767000, 205300 767000, 205200 767250, 205100 767330, 204800 767330, 204600 767200, 204550 767000, 199000 767000, 199000 745000)))
B285   385  1  (((228000 748000, 245000 748000, 245000 771000, 228000 771000, 228000 748000)),((243000 750000, 263000 750000, 263000 773000, 243000 773000, 243000 750000)))
B286   386  1  (((280000 748000, 300000 748000, 300000 768000, 280000 768000, 280000 748000)),((260000 748000, 280000 748000, 280000 771000, 260000 771000, 260000 748000)))
B287   387  1  (((300000 769000, 320000 769000, 320000 792000, 300000 792000, 300000 769000)),((300000 750000, 320000 750000, 320000 770000, 300000 770000, 300000 750000)))
B288   388  1  (((317000 777000, 340000 777000, 340000 797000, 317000 797000, 317000 777000)),((317000 761000, 340000 761000, 340000 778000, 317000 778000, 317000 761000)))
B289   389  1  (((340000 747000, 352000 747000, 352000 753000, 362000 753000, 362000 777000, 340000 777000, 340000 747000)))
B290   390  1  (((141000 760000, 161000 760000, 161000 777000, 151000 777000, 151000 783000, 141000 783000, 141000 760000)),((138500 778000, 143500 778000, 143500 782000, 138500 782000, 138500 778000)),((160000 760000, 160600 760000, 160800 759700, 161200 759700, 161500 760000, 180000 760000, 180000 783000, 160000 783000, 160000 760000)))
B291   391  1  (((180000 759000, 204000 759000, 204000 769000, 210000 769000, 210000 781000, 191600 781000, 191200 781400, 190900 781450, 190000 781450, 189300 781000, 180000 781000, 180000 759000)))
B292   392  1  (((205000 761000, 229000 761000, 229000 771000, 235000 771000, 235000 783000, 205000 783000, 205000 761000)))
B293   393  1  (((234000 768000, 249800 768000, 249800 767900, 249900 767800, 250800 767800, 251000 768000, 264000 768000, 264000 771500, 264800 772200, 264800 773500, 264000 774400, 264000 790000, 244000 790000, 244000 784000, 234000 784000, 234000 768000)))
B294   394  1  (((263000 767000, 280000 767000, 280000 790000, 263000 790000, 263000 780500, 262650 779550, 262600 777000, 263000 775800, 263000 767000)),((280000 767000, 300000 767000, 300000 790000, 280000 790000, 280000 767000)))
B295   395  1  (((340000 775000, 362000 775000, 362000 802000, 340000 802000, 340000 775000)))
B296   396  1  (((362000 770000, 386000 770000, 386000 774500, 389000 774500, 389000 787000, 392000 787000, 392000 792000, 362000 792000, 362000 770000)))
B297   397  1  (((128000 777000, 150000 777000, 150000 793000, 144000 793000, 144000 807000, 128000 807000, 128000 777000)),((119500 800000, 121000 800000, 121000 803000, 129500 803000, 129500 807000, 119500 807000, 119500 800000)),((114500 795000, 116500 795000, 116500 797000, 114500 797000, 114500 795000)))
B298   398  1  (((160000 779000, 180000 779000, 180000 802000, 166000 802000, 166000 792000, 160000 792000, 160000 779000)),((180000 779000, 200000 779000, 200000 802000, 180000 802000, 180000 779000)))
B299   399  1  (((198000 777500, 205500 777500, 207500 776500, 207500 773500, 215000 773500, 215000 779000, 220000 779000, 220000 803500, 198000 803500, 198000 777500)))
B300   400  1  (((217000 781000, 239000 781000, 239000 811000, 228000 811000, 228000 808500, 225000 808500, 225000 804000, 217000 804000, 217000 781000)))
B301   401  1  (((237000 780000, 249000 780000, 249000 786000, 259000 786000, 259000 810000, 237000 810000, 237000 780000)))
B302   402  1  (((258000 788000, 285000 788000, 285000 810000, 258000 810000, 258000 788000)))
B303   403  1  (((284000 806000, 307000 806000, 307000 823000, 284000 823000, 284000 806000)),((284000 787000, 299300 787000, 300000 786700, 300700 786700, 300850 787000, 307000 787000, 307000 807000, 284000 807000, 284000 787000)))
B304   404  1  (((303000 788000, 326000 788000, 326000 808000, 303000 808000, 303000 788000)),((303000 805000, 326000 805000, 326000 822000, 303000 822000, 303000 805000)))
B305   405  1  (((346000 796000, 366000 796000, 366000 819000, 346000 819000, 346000 796000)),((326000 796000, 335800 796000, 336000 795600, 336500 795200, 337000 795200, 337200 795300, 337700 796000, 346000 796000, 346000 816000, 326000 816000, 326000 796000)))
B306   406  1  (((378000 791000, 398000 791000, 398000 814000, 378000 814000, 378000 791000)),((361000 791000, 378000 791000, 378000 814000, 361000 814000, 361000 791000)))
B307   407  1  (((112000 836500, 124000 836500, 124000 836000, 125300 836000, 125600 836500, 134000 836500, 134000 866500, 124700 866500, 124500 866900, 124000 866900, 123900 867300, 122900 866500, 120000 866500, 120000 858000, 112000 858000, 112000 836500)))
B308   408  1  (((131000 850000, 153000 850000, 153000 870000, 149000 870000, 149000 873000, 147000 873000, 147000 875000, 145000 875000, 145000 880000, 131000 880000, 131000 850000)),((135000 879000, 140000 879000, 140000 882000, 135000 882000, 135000 879000)))
B309   409  1  (((147000 832000, 169000 832000, 169000 850000, 164000 850000, 164000 862000, 163500 862000, 163300 862300, 162700 862300, 162400 862000, 147000 862000, 147000 832000)),((159000 827000, 166500 827000, 166500 833700, 157500 833700, 157500 829000, 159000 827000)),((161000 860000, 164000 860000, 164000 863500, 161000 863500, 161000 860000)))
B310   410  1  (((127000 830000, 157000 830000, 157000 850000, 127000 850000, 127000 830000)))
B311   411  1  (((131500 822000, 135000 822000, 135000 817000, 138000 817000, 138000 815000, 142000 815000, 142000 811000, 152100 811000, 152300 810900, 152400 810900, 152500 811000, 161500 811000, 161500 820000, 162300 821200, 162300 823800, 161500 825000, 161500 833000, 160800 833000, 160700 833200, 160000 833300, 159300 833400, 158800 833000, 131500 833000, 131500 831000, 130900 830000, 131300 829000, 131500 828000, 131500 822000)))
B312   412  1  (((155000 799000, 167000 799000, 167000 805000, 173000 805000, 173000 815000, 177000 815000, 177000 829000, 158200 829000, 158000 829300, 157200 829300, 157000 829000, 155000 829000, 155000 799000)),((177000 817000, 180000 817000, 180000 823500, 180500 824000, 180500 824400, 180000 825000, 180000 826000, 177000 826000, 177000 817000)))
B313   413  1  (((174000 814000, 197000 814000, 197000 831000, 174000 831000, 174000 814000)),((170000 797000, 193000 797000, 193000 817000, 170000 817000, 170000 804500, 169700 803600, 169700 802500, 170000 801500, 170000 797000)))
B314   414  1  (((193000 800000, 216000 800000, 216000 817000, 193000 817000, 193000 800000)),((193000 813000, 216000 813000, 216000 833000, 193000 833000, 193000 813000)))
B315   415  1  (((215000 803500, 225000 803500, 225000 808500, 237000 808500, 237000 833500, 231200 833500, 230800 833900, 230500 833950, 229000 833950, 228100 833500, 227600 833500, 227000 833800, 226600 833800, 226100 833500, 215000 833500, 215000 803500)))
B316   416  1  (((254000 830000, 274000 830000, 274000 842000, 277000 842000, 277000 850000, 264000 850000, 264000 847000, 254000 847000, 254000 830000)),((237000 808000, 257000 808000, 257000 831000, 237000 831000, 237000 808000)))
B317   417  1  (((257000 810000, 284000 810000, 284000 832000, 257000 832000, 257000 810000)))
B318   418  1  (((274000 822000, 304000 822000, 304000 842000, 274000 842000, 274000 822000)))
B319   419  1  (((299000 819000, 322000 819000, 322000 839000, 299000 839000, 299000 819000)),((300000 835000, 323000 835000, 323000 852000, 300000 852000, 300000 835000)))
B320   420  1  (((345000 816000, 368000 816000, 368000 821600, 368400 822000, 368550 822200, 368550 822700, 368400 823000, 368000 823400, 368000 833000, 345000 833000, 345000 816000)),((322000 813000, 345000 813000, 345000 833000, 322000 833000, 322000 826200, 321500 825500, 322000 824900, 322000 813000)))
B321   421  1  (((386000 811000, 400000 811000, 400000 821000, 406000 821000, 406000 830700, 406250 830800, 406250 831100, 406000 831300, 406000 834000, 386000 834000, 386000 811000)),((366000 811000, 386000 811000, 386000 834000, 366000 834000, 366000 811000)))
B322   422  1  (((273000 840000, 300000 840000, 300000 862000, 296600 862000, 296000 862400, 295600 862550, 295000 862300, 294700 862000, 273000 862000, 273000 840000)))
B323   423  1  (((296000 851000, 326000 851000, 326000 873000, 306000 873000, 306000 867000, 296000 867000, 296000 851000)))
B324   424  1  (((325000 850000, 345000 850000, 345000 870000, 325000 870000, 325000 850000)),((322000 833000, 345000 833000, 345000 853000, 322000 853000, 322000 833000)))
B325   425  1  (((345000 833000, 368000 833000, 368000 850000, 345000 850000, 345000 833000)),((345000 850000, 368000 850000, 368000 870000, 345000 870000, 345000 850000)))
B326   426  1  (((368000 848000, 391000 848000, 391000 868000, 368000 868000, 368000 865000, 367600 864400, 367600 863600, 368000 863000, 368000 848000)),((368000 831000, 391000 831000, 391000 848000, 368000 848000, 368000 831000)))
B327   427  1  (((391000 831000, 414000 831000, 414000 843000, 414100 843200, 414000 843400, 414000 845200, 414500 845700, 414500 846300, 414000 846900, 414000 848000, 391000 848000, 391000 831000)),((391000 848000, 414000 848000, 414000 868000, 391000 868000, 391000 848000)))
B328   428  1  (((168000 827000, 191000 827000, 191000 847000, 168000 847000, 168000 827000)),((168000 845000, 191000 845000, 191000 859000, 181000 859000, 181000 865000, 173300 865000, 173100 865200, 172900 865000, 168000 865000, 168000 850000, 167700 849200, 168000 848500, 168000 845000)))
B329   429  1  (((190000 830000, 212000 830000, 212000 839000, 213000 839500, 213000 840500, 212000 841000, 212000 857000, 190000 857000, 190000 830000)))
B330   430  1  (((210000 830000, 232000 830000, 232000 857000, 210000 857000, 210000 830000)))
B331   431  1  (((232000 829000, 251000 829000, 252000 828700, 253000 828500, 253300 828450, 254000 829000, 254000 856000, 232000 856000, 232000 829000)))
B332   432  1  (((252000 846000, 272000 846000, 272000 852000, 282000 852000, 282000 868000, 252000 868000, 252000 846000)))
B333   433  1  (((172500 865000, 175500 865000, 175500 860000, 178000 860000, 178000 856500, 185000 856500, 185000 854500, 187500 854500, 188000 854000, 188750 853950, 189000 853960, 189500 854100, 190000 854500, 202500 854500, 202500 860000, 203100 861000, 203300 862000, 203200 863000, 203000 863550, 202500 864000, 202500 876500, 181000 876500, 180750 877100, 179900 877100, 179500 876500, 172500 876500, 172500 869000, 172000 868500, 172000 867500, 172500 867000, 172500 865000)))
B334   434  1  (((172000 870000, 194000 870000, 194000 900000, 182000 900000, 182000 894000, 172000 894000, 172000 870000)))
B335   435  1  (((193000 876000, 213000 876000, 213000 899000, 202100 899000, 201800 899650, 200800 899650, 200000 899200, 199900 899000, 193000 899000, 193000 876000)),((200000 857000, 217000 857000, 217000 880000, 200000 880000, 200000 857000)))
B336   436  1  (((212000 876000, 232000 876000, 232000 896000, 212000 896000, 212000 876000)),((215000 857000, 235000 857000, 235000 880000, 215000 880000, 215000 857000)))
B337   437  1  (((232000 856000, 245200 856000, 245500 855650, 247000 855650, 247400 856000, 255000 856000, 255000 857500, 255300 858200, 255500 859100, 255550 859400, 255500 860000, 255000 860800, 255000 876000, 232000 876000, 232000 856000)),((232000 876000, 255000 876000, 255000 893000, 232000 893000, 232000 876000)))
B338   438  1  (((255000 868000, 262200 868000, 262500 867700, 262900 867550, 263100 867550, 263800 868000, 275000 868000, 275000 884000, 275150 884200, 275150 884400, 275000 884600, 275000 889000, 275350 889250, 275350 889750, 275000 890000, 275000 891000, 261500 891000, 261200 891700, 260899 891700, 260000 891000, 255000 891000, 255000 868000)),((274500 868000, 286000 868000, 286000 874000, 288900 876000, 294500 876000, 294500 885000, 295000 886000, 295300 887000, 295500 888000, 295000 888700, 294500 889000, 294500 891000, 274500 891000, 274500 868000)))
B339   439  1  (((210000 894000, 211200 894000, 213000 893300, 213800 893600, 214500 894000, 230000 894000, 230000 917000, 227300 917000, 227000 917260, 226800 917350, 226400 917350, 226000 917000, 210000 917000, 210000 898400, 209000 897600, 209000 897300, 210000 896500, 210000 894000)),((190000 899000, 208500 899000, 209000 898500, 210000 898500, 210200 898800, 210000 899000, 210000 899200, 210500 899900, 210000 900400, 210000 922000, 209900 922600, 209800 922800, 209500 923000, 209000 922700, 207700 922000, 206300 922000, 206000 922300, 204700 922300, 203900 922000, 195000 922000, 195000 910000, 190000 910000, 190000 899000)))
B340   440  1  (((230000 891000, 246150 891000, 246900 890600, 247900 891000, 250000 891000, 250000 914000, 230000 914000, 230000 891000)),((233000 912000, 250000 912000, 250000 935000, 233000 935000, 233000 912000)))
B341   441  1  (((272000 890000, 278250 890000, 279500 889200, 280500 889200, 281000 889350, 281500 889600, 281800 890000, 285000 890000, 285000 896000, 295000 896000, 295000 910000, 272000 910000, 272000 890000)),((249000 890000, 272000 890000, 272000 910000, 249000 910000, 249000 890000)))
B342   442  1  (((220000 913000, 237000 913000, 237000 936000, 220000 936000, 220000 913000)),((200000 913000, 220000 913000, 220000 936000, 200000 936000, 200000 913000)))
B343   443  1  (((250000 908000, 272000 908000, 272000 935000, 250000 935000, 250000 908000)))
B344   444  1  (((294000 910000, 294400 910000, 295000 909600, 296100 909400, 297500 910000, 307000 910000, 307000 916000, 317000 916000, 317000 929100, 317300 929300, 317500 930000, 294000 930000, 294000 910000)),((271000 910000, 294000 910000, 294000 930000, 271000 930000, 271000 910000)))
B345   445  1  (((212000 930500, 239000 930500, 239000 952500, 212000 952500, 212000 938200, 211800 938000, 211800 937500, 212000 937400, 212000 930500)))
B346   446  1  (((216000 952500, 217800 952500, 218200 952300, 219000 952300, 219600 952500, 224700 952500, 224900 952100, 225400 952050, 225550 952100, 226200 952500, 246000 952500, 246000 971000, 241000 971000, 241000 974400, 226800 974500, 226000 975200, 225200 975200, 224800 974500, 223000 974500, 223000 968000, 216000 968000, 216000 952500)))
B347   447  1  (((242000 950000, 262000 950000, 262000 970000, 242000 970000, 242000 950000)),((239000 932500, 262000 932500, 262000 952500, 239000 952500, 239000 932500)))
B348   448  1  (((258000 950000, 281000 950000, 281000 970000, 279000 970000, 279000 967000, 258000 967000, 258000 950000)),((258000 930000, 281000 930000, 281000 950000, 258000 950000, 258000 930000)))
B349   449  1  (((280000 950000, 300000 950000, 300000 970000, 280000 970000, 280000 950000)),((280000 930000, 303000 930000, 303000 950000, 280000 950000, 280000 930000)))
B350   450  1  (((319000 933000, 319200 932750, 319500 932750, 319900 932550, 320400 932550, 321600 933000, 330000 933000, 330000 936000, 333000 936000, 333000 940000, 336000 940000, 336000 944000, 339000 944000, 339000 954000, 339150 954200, 339150 954800, 339000 955000, 339000 956000, 319000 956000, 319000 933000)),((300000 930000, 314300 930000, 314500 929800, 315000 929600, 315200 929300, 315600 929100, 317100 929100, 317800 930000, 320000 930000, 320000 953000, 300000 953000, 300000 930000)))
B351   451  1  (((300000 952000, 320000 952000, 320000 972000, 300000 972000, 300000 952000)),((318000 956000, 341000 956000, 341000 976000, 322000 976000, 321000 977000, 320000 977000, 319000 976500, 318300 976000, 318000 976000, 318000 956000)),((333500 975500, 336500 975500, 336500 979000, 333500 979000, 333500 975500)))
B352   452  1  (((61000 793000, 81000 793000, 81000 811800, 81300 812800, 81000 813050, 81000 816000, 61000 816000, 61000 797800, 60500 796600, 60300 796400, 60500 796100, 61000 796000, 61000 793000)),((82500 810500, 84000 810500, 84000 812000, 82500 812000, 82500 810500)),((53000 779000, 73000 779000, 73000 799000, 53000 799000, 53000 779000)))
B353   453  1  (((70000 813000, 82300 813000, 82700 812500, 83700 812500, 83900 813000, 85000 813000, 85000 825000, 90000 825000, 90000 836000, 70000 836000, 70000 813000)),((77500 807000, 81500 807000, 81500 813000, 77500 813000, 77500 807000)),((73000 835500, 93000 835500, 93000 858500, 73000 858500, 73000 835500)))
B354   454  1  (((62500 858000, 77300 858000, 78000 857400, 78700 857500, 79300 857500, 79820 858000, 82500 858000, 82500 878400, 81400 878400, 81000 878000, 62500 878000, 62500 858000)),((57000 860000, 65300 860000, 65300 863250, 64000 864000, 60000 864000, 60000 865000, 57000 865000, 57000 860000)),((59000 880000, 62000 880000, 62000 883000, 59000 883000, 59000 880000)),((82000 858500, 85000 858500, 87000 858350, 89000 858200, 91800 858200, 92000 858500, 102000 858500, 102000 878000, 102500 879000, 102900 880700, 102000 881500, 82000 881500, 82000 858500)),((88000 879000, 95000 879000, 95000 884000, 90000 884000, 88000 881000, 88000 879000)),((84000 880000, 87000 880000, 87000 883100, 87200 883200, 87000 883800, 87000 884500, 85000 884500, 84000 883000, 84000 880000)))
B355   455  1  (((95000 881500, 103750 881500, 104400 881350, 104950 881500, 119000 881500, 119000 891500, 125000 891500, 125000 903500, 104000 903500, 103700 903700, 103300 903700, 103000 903500, 95000 903500, 95000 881500)),((86500 886000, 91500 886000, 91500 892000, 86500 892000, 86500 886000)),((93000 893500, 96000 893500, 96000 895000, 93000 895000, 93000 893500)))
B356   456  1  (((95000 900000, 125000 900000, 125000 920000, 95000 920000, 95000 916500, 94700 916300, 94900 916000, 95000 914950, 95000 900000)),((86500 910500, 89500 910500, 89500 912500, 86500 912500, 86500 910500)))
B357   457  1  (((122500 900000, 137500 900000, 137500 896000, 144500 896000, 144500 926000, 122500 926000, 122500 900000)))
B358   458  1  (((97000 919000, 124000 919000, 124000 941000, 97000 941000, 97000 919000)),((110800 940000, 115500 940000, 115500 944200, 110800 944200, 110800 940000)))
B359   459  1  (((116000 924000, 139000 924000, 139000 944000, 116000 944000, 116000 924000)),((138000 924000, 158000 924000, 158000 944000, 138000 944000, 138000 924000)))
B360   460  1  (((117000 940000, 137000 940000, 137000 960000, 117000 960000, 117000 940000)),((5000 896000, 14000 896000, 14000 903000, 5000 903000, 5000 896000)),((68500 944500, 74500 944500, 74500 947500, 68500 947500, 68500 944500)),((14000 904000, 17000 904000, 17000 907000, 14000 907000, 14000 904000)),((137000 944000, 157000 944000, 157000 967000, 137000 967000, 137000 944000)),((179500 1031000, 182500 1031000, 182500 1034000, 179500 1034000, 179500 1031000)),((161000 1029500, 163000 1029500, 163000 1031500, 161000 1031500, 161000 1029500)))
B361   461  1  (((342000 1000000, 362000 1000000, 362000 1023000, 346000 1023000, 345700 1023300, 344500 1023300, 344300 1023000, 342000 1023000, 342000 1000000)),((334000 977000, 346100 977000, 346900 976500, 347400 976500, 348200 977000, 349000 977000, 349000 989000, 354000 989000,354000 1000000,334000 1000000,334000 977000)))
B362   462  1  (((317000 987500, 344000 987500, 344000 1009500, 317000 1009500, 317000 987500)),((255000 1017500, 257000 1017500, 257000 1018500, 255000 1018500, 255000 1017500)),((261000 1024000, 263000 1024000, 263000 1025000, 261000 1025000, 261000 1024000)))
B363   463  1  (((321500 1003000, 331000 1003000, 331500 1002900, 332000 1003000, 343500 1003000, 343500 1030000, 332100 1030000, 331800 1030599, 329000 1030599, 328800 1030000, 321500 1030000, 321500 1003000)))
B364   464  1  (((335500 1026000, 340000 1026000, 343000 1025000, 345000 1025000, 346000 1026000, 357500 1026000, 357500 1044000, 352000 1044000, 352000 1056000, 335500 1056000, 335500 1030000, 335400 1029000, 335500 1028500, 335500 1026000)))
B365   465  1  (((359500 1033500, 360100 1033500, 360400 1033099, 360900 1033099, 361000 1033500, 379500 1033500, 379500 1056500, 378700 1056500, 378500 1057000, 378000 1057200, 377500 1057000, 377400 1056500, 369500 1056500, 369500 1050500, 359500 1050500, 359500 1033500)),((350000 1018000, 370000 1018000, 370000 1041000, 350000 1041000, 350000 1018000)),((366000 1015000, 369000 1015000, 369000 1018000, 366000 1018000, 366000 1015000)))
B366   466  1  (((433000 1126000, 456000 1126000, 456000 1146000, 433000 1146000, 433000 1126000)),((428000 1107000, 448000 1107000, 448000 1127000, 428000 1127000, 428000 1107000)),((419000 1068500, 423000 1068500, 423000 1074500, 419000 1074500, 419000 1068500)))
B367   467  1  (((433000 1140000, 453000 1140000, 453000 1160000, 433000 1160000, 433000 1140000)),((413500 1140000, 433500 1140000, 433500 1163000, 413500 1163000, 413500 1140000)),((393000 1136000, 398500 1136000, 398500 1142000, 393000 1142000, 393000 1136000)))
B368   468  1  (((440000 1158000, 470000 1158000, 470000 1171200, 470700 1172000, 470000 1172300, 470000 1174000, 460000 1174000, 460000 1180000, 440000 1180000, 440000 1158000)))
B369   469  1  (((420000 1177700, 443000 1177700, 443000 1180800, 443200 1181000, 443200 1181400, 443000 1181500, 443000 1197700, 438000 1197700, 437600 1198200, 437300 1198200, 437300 1197700, 426000 1197700, 426000 1187700, 420000 1187700, 420000 1177700)),((420000 1160000, 443000 1160000, 443000 1180000, 420000 1180000, 420000 1160000)),((409000 1164500, 411000 1164500, 411000 1166000, 409000 1166000, 409000 1164500)))
B370   470  1  (((447000 1197000, 467000 1197000, 467000 1215000, 468000 1215300, 468000 1215800, 467000 1216200, 467000 1216900, 467500 1217100, 467400 1217700, 467000 1217900, 467000 1220000, 461800 1220000, 461500 1220500, 461100 1220500, 460700 1220000, 453000 1220000, 453000 1210000, 447000 1210000, 447000 1197000)), ((443000 1177000, 456000 1177000, 456000 1186000, 463000 1186000, 463000 1200000, 443000 1200000, 443000 1177000)), ((462000 1187000, 468000 1187000, 468000 1195000, 462000 1195000, 462000 1187000)))
B371   OL1  1  (((410000 380000, 432000 380000, 432000 405000, 432400 405000, 432400 406600, 432000 407000, 432000 410000, 410000 410000, 410000 380000)),((393000 380000, 415000 380000, 415000 410000, 396000 410000, 396000 390000, 393000 390000, 393000 380000)))
B372   OL2  9  (((380000 457000, 389000 457000, 389000 450000, 410000 450000, 410000 472000, 397550 472000, 397520 472450, 397300 472600, 397000 472650, 396650 472450, 396600 472000, 380000 472000, 380000 457000)),((358000 468000, 372750 468000, 373000 467800, 373350 467650, 373800 468000, 375550 468000, 376050 467500, 376500 467500, 376670 467620, 377500 468000, 388000 468000, 388000 490000, 358000 490000, 358000 468000)))
B374   OL4  9  (((301000 509000, 331000 509000, 331000 531000, 301000 531000, 301000 509000)),((301000 530000, 331000 530000, 331000 550000, 301000 550000, 301000 530000)))
B375   OL5  9  (((330000 509000, 360000 509000, 360000 531000, 330000 531000, 330000 509000)),((330000 530000, 360000 530000, 360000 550000, 330000 550000, 330000 530000)))
B376   OL6  1  (((301000 489000,331000 489000,331000 511000,301000 511000,301000 489000)),((307500 473000, 313000 473000, 313000 461000, 329000 461000, 329000 491000, 307300 491000, 307100 490000, 307000 489900, 307000 489000, 307500 487850, 307500 473000)))
B377   OL7  1  (((330000 489000,360000 489000,360000 511000,330000 511000,330000 489000)),((329000 470000,359000 470000,359000 490000,329000 490000,329000 470000)))
B379   OL9  9  (((250000 130000, 278350 130000, 278700 129800, 279200 129580, 280000 129580, 280000 130000, 280000 151000, 275950 151000, 275400 151350, 274800 151000, 274000 151000, 274000 150000, 272900 150000, 272400 150200, 271400 150250, 270800 150200, 270400 150000, 264000 150000, 264000 149000, 250000 149000, 250000 130000)),((280000 127500, 290550 127500, 291300 127000, 296950 127000, 297800 127500, 310000 127500, 310000 149500, 281500 149500, 281000 149650, 280000 149750, 280000 127500)))
B382  OL12  9  (((289000 204000, 311000 204000, 311000 234000, 289000 234000, 289000 204000)),((267000 211000, 280000 211000, 280000 206000, 289000 206000, 289000 236000, 267000 236000, 267000 220000, 266450 219400, 266350 219100, 266450 218550, 267000 218050, 267000 211000)))
B383  OL13  1  (((310000 205000, 340000 205000, 340000 225000, 310000 225000, 310000 205000)),((310000 223000, 340000 223000, 340000 245000, 310000 245000, 310000 223000)))
B384  OL14  9  (((340000 190000, 354300 190000, 355150 189350, 355900 189350, 356250 189345, 358050 190000, 360000 190000, 360000 196150, 360780 196640, 360780 200070, 360000 200800, 360000 216750, 360400 217400, 360400 217800, 360000 218050, 360000 220000, 340000 220000, 340000 190000)),((356000 200000, 358350 200000, 358880 199310, 362150 199310, 362550 200000, 378000 200000, 378000 230000, 356000 230000, 356000 200000)))
B385  OL15  9  (((376000 73000, 406000 73000, 406000 89000, 406750 89550, 406750 91750, 406000 92000, 406000 95000, 395900 95000, 395600 95200, 394900 95400, 394900 95400, 394700 95900, 394350 95900, 393950 95800, 393550 95650, 393550 95000, 385400 95000, 385250 95400, 383200 95300, 382500 95000, 376000 95000, 376000 73000)),((346000 85000, 351000 85000, 351000 73000, 376000 73000, 376000 95000, 346000 95000, 346000 94250, 345500 94000, 345300 93500, 345500 93000, 345850 92150, 346000 92000, 346000 85000)),((366000 68000,371000 68000,371000 75000,366000 75000,366000 68000)))
B386  OL16  9  (((380000 600000, 402000 600000, 402000 614100, 402300 615300, 402530 615900, 402250 616450, 402000 617000, 402000 630000, 380000 630000, 380000 600000)),((360000 600000, 380000 600000, 380000 630000, 360000 630000, 360000 600000)))
B387  OL17  1  (((247000 345000, 269000 345000, 269000 375000, 268850 375450, 268650 375650, 268300 375750, 267600 375750, 267350 375250, 266800 375000, 247000 375000, 247000 345000)),((268000 355000, 290000 355000, 290000 380000, 285000 380000, 285000 385000, 273000 385000, 273000 378000, 268000 378000, 268000 376000, 267500 376000, 267500 375500, 267700 375100, 268000 375000, 268000 355000)))
B388  OL18  9  (((254000 316000, 260200 316000, 260700 315500, 261000 315380, 261500 315350, 262000 315350, 262500 315450, 263000 315750, 263200 316000, 276000 316000, 276000 346000, 270800 346000, 270500 346200, 270000 346300, 269500 346250, 269000 346000, 254000 346000, 254000 316000)),((269000 345500,274500 345500,274500 333000,299000 333000,299000 355000,269000 355000,269000 345500)))
B389  OL19  9  (((360000 490000, 390000 490000, 390000 510000, 360000 510000, 360000 490000)),((360000 508000, 390000 508000, 390000 530000, 360000 530000, 360000 508000)))
B390  OL20  9  (((270000 035000, 276900 035000, 277200 034800, 277550 035000, 284000 035000, 284000 045000, 292000 045000, 292000 065000, 270000 065000, 270000 035000)),((287500 048500, 287500 048250, 288000 048250, 288400 048350, 288450 048500, 294500 048500, 294500 055650, 294900 056700, 294500 056850, 294500 057500, 287500 057500, 287500 048500)),((248000 042000, 258000 042000, 258000 036000, 270000 036000, 270000 066000, 248000 066000, 248000 042000)))
B391  OL21  9  (((380000 415000, 392000 415000, 392000 410000, 410000 410000, 410000 432000, 380000 432000, 380000 415000)),((378000 429000, 408000 429000, 408000 451000, 401600 451000, 401600 451420, 396900 451420, 396850 451000, 378000 451000, 378000 429000)))
B392  OL22  9  (((428000 90000, 430500 90000, 431400 89580, 434800 89580, 435000 89520, 435200 89580, 438000 89580, 438000 92000, 448000 98000, 450000 98000, 450000 120000, 428000 120000, 428000 90000)),((406000 90000, 406500 90000, 406600 89850, 406750 89750, 407000 89750, 407500 90000, 428000 90000, 428000 120000, 406000 120000, 406000 90000)))
B393  OL23  1  (((256000 290000, 278000 290000, 278000 320000, 256000 320000, 256000 290000)),((276000 309000, 298000 309000, 298000 336000, 293600 336000, 292800 336700, 291900 336700, 291200 336000, 276000 336000, 276000 309000)))
B394  OL24  9  (((393000 350000, 415000 350000, 415000 380000, 404520 380000, 404370 380110, 403250 380110, 403130 380000, 393000 380000, 393000 350000)),((415000 350000, 424450 350000, 424550 349850, 424800 349750, 425050 349750, 425750 349900, 425380 350000, 435000 350000, 435000 352900, 435200 353200, 435250 353700, 435250 354200, 435000 354600, 435000 380000, 415000 380000, 415000 350000)))
B396  OL26  9  (((442000 500000, 472000 500000, 472000 522000, 469800 522000, 469500 522200, 469300 522200, 468500 522400, 467600 522400, 467400 522000, 457000 522000, 457000 520000, 450000 520000, 450000 516000, 442000 516000, 442000 514600, 441750 514000, 441700 513500, 441700 513000, 441800 512200, 442000 511500, 442000 500000)),((444000 478000, 474000 478000, 474000 500000, 444000 500000, 444000 496000, 443550 494700, 443550 494300, 444000 493500, 444000 478000)))
B397  OL27  9  (((470000 499000,500000 499000,500000 515000,490000 515000,490000 521000,470000 521000,470000 499000)),((474000 479000, 504000 479000, 504000 485500, 504200 486150, 504420 486350, 504450 489600, 504000 489900, 504000 501000, 474000 501000, 474000 479000)))
B398  OL28  9  (((250500 74000, 280500 74000, 280500 77800, 280930 78100, 280930 78900, 280500 79200, 280500 87750, 280750 88000, 280800 88300, 280800 88500, 280500 88800, 280500 96000, 250500 96000, 250500 85100, 250080 84500, 250080 78000, 250000 78000, 250000 76850, 250500 76450, 250500 74000)),((248000 61000,258000 61000,258000 55000,278000 55000,278000 77000,248000 77000,248000 61000)))
B399  OL29  1  (((445000 75000, 467000 75000, 467000 105000, 445000 105000, 445000 75000)),((429000 81000, 439000 81000, 439000 75000, 451000 75000, 451000 105000, 429000 105000, 429000 85000, 428800 84800, 429000 84600, 429000 81000)))
B400  OL30  1  (((384000 470000, 414000 470000, 414000 492000, 414000 492000, 384000 492000, 384000 470000)),((384000 492000, 414000 492000, 414000 514000, 395000 514000, 395000 510000, 389000 510000, 389000 506000, 384000 506000, 384000 492000)))
B401  OL31  1  (((390000 510000,410000 510000,410000 540000,390000 540000,390000 510000)),((360000 528000,390000 528000,390000 550000,360000 550000,360000 528000)))
B405  OL35  9  (((169000 220000, 199000 220000, 199000 242000, 169000 242000, 169000 220000)),((165000 221000, 171000 221000, 171000 229000, 165000 229000, 165000 221000)),((198000 222000, 220000 222000, 220000 252330, 219220 252330, 219000 252000, 208000 252000, 208000 246000, 198000 246000, 198000 222000)))
B406  OL36  9  (((176000 193000, 195300 193000, 196000 192600, 197600 192600, 198000 193000, 198000 223000, 185550 223000, 185100 223450, 184500 223500, 183600 223750, 181600 223750, 181000 223400, 180500 223000, 176000 223000, 176000 209800, 175200 209500, 175200 208500, 176000 207850, 176000 193000)),((171000 204000, 176000 204000, 176000 211000, 171000 211000, 171000 204000)),((146000 208000, 148000 208000, 148000 209000, 146000 209000, 146000 208000)),((159000 209000, 161000 209000, 161000 210000, 159000 210000, 159000 209000)),((198000 193000, 215000 193000, 215000 196250, 215250 196650, 215000 197050, 215000 203050, 215200 203200, 215000 203350, 215000 205000, 220000 205000, 220000 223000, 198000 223000, 198000 193000)))
B410  OL40  9  (((622850 308000, 623350 308000, 623550 307800, 624150 307570, 624650 307570, 625100 307700, 625450 308000, 653000 308000, 653000 308150, 653300 308750, 653650 309600, 653500 310700, 653000 311950, 653000 320000, 651000 320000, 642500 328500, 642500 330000, 623000 330000, 623000 310000, 622520 309300, 622400 308700, 622450 308350, 622850 308000)),((625000 288000, 655000 288000, 655000 292400, 655350 292600, 655700 293700, 655350 294900, 655000 296200, 655000 310000, 625000 310000, 625000 308390, 624800 308000, 624580 307450, 624580 306600, 625000 306000, 625000 288000)))
B411  OL41  9  (((347000 440000, 369000 440000, 369000 470000, 347000 470000, 347000 466900, 346550 466450, 346550 464500, 347000 464000, 347000 460800, 346750 460450, 346750 460400, 347000 460200, 347000 440000)),((369000 438000, 389000 438000, 389000 439250, 389450 440450, 389450 441550, 389000 442050, 389000 468000, 369000 468000, 369000 438000)))
B412  OL42  9  (((350000 580000, 380000 580000, 380000 600000, 379000 600000, 378550 600420, 378300 600420, 378100 600330, 376600 600330, 376400 600250, 376000 600000, 350000 600000, 350000 580000)),((380000 580000, 410000 580000, 410000 602000, 406850 602000, 406450 602350, 405400 602220, 405150 602000, 380000 602000, 380000 580000)))
B413  OL43  1  (((358000 550000, 380000 550000, 380000 580000, 358000 580000, 358000 550000)),((380000 550000, 400000 550000, 400000 580000, 380000 580000, 380000 550000)))
B415  OL45  9  (((400000 200000, 430000 200000, 430000 218300, 430370 218720, 430000 219200, 430000 220000, 400000 220000, 400000 200000)) ,((400000 220000, 417000 220000, 417190 219820, 417700 219700, 418500 219850, 418500 220000, 430000 220000, 430000 242000, 400000 242000, 400000 220000)))
