A001    1    1  (((429000 1180000, 469000 1180000, 469000 1220000, 462300 1220000, 462000 1220150, 461500 1220550, 461300 1220600, 461000 1220550, 460400 1220300, 460250 1220000, 429000 1220000, 429000 1187400, 428200 1187000, 428200 1186450, 429000 1185600, 429000 1180000)))
A002    2    1  (((433000 1156000, 473000 1156000, 473000 1196000, 433000 1196000, 433000 1156000)))
A003    3    1  (((414000 1147000, 420000 1147000, 420750 1146650, 421500 1146600, 422000 1146700, 422600 1147000, 454000 1147000, 454000 1164120, 454400 1165000, 454500 1165300, 454540 1165500, 454500 1165700, 454400 1165900, 454300 1166000, 454000 1166200, 454000 1180500, 454400 1181400, 454400 1184900, 454750 1186000, 454800 1186600, 454000 1187000, 414000 1187000, 414000 1162400, 413200 1161600, 413200 1161000, 414000 1160200, 414000 1147000)),((409000 1161000, 416000 1161000, 416000 1167000, 409000 1167000, 409000 1161000)))
A004    4    1  (((420000 1107000, 460000 1107000, 460000 1147000, 420000 1147000, 420000 1107000)),((392000 1135000, 400000 1135000, 400000 1143000, 392000 1143000, 392000 1135000)),((417000 1068000, 425000 1068000, 425000 1076000, 417000 1076000, 417000 1068000)))
A005    5    1  (((340000 1020000, 367000 1020000, 367500 1019500, 367800 1019500, 368200 1020000, 380000 1020000, 380000 1060000, 340000 1060000, 340000 1050950, 338900 1050400, 338900 1048900, 339500 1048000, 340000 1047600, 340000 1020000)),((366000 1015000, 369000 1015000, 369000 1018000, 366000 1018000, 366000 1015000)))
A006    6    1  (((321000 996000, 361000 996000, 361000 1000000, 362200 1001500, 362300 1002000, 362400 1002700, 362200 1003000, 361000 1004000, 361000 1036000, 321000 1036000, 321000 996000)),((261000 1023000, 264000 1023000, 264000 1025000, 261000 1025000, 261000 1023000)),((255000 1017000, 258000 1017000, 258000 1019000, 255000 1019000, 255000 1017000)))
A007    7    1  (((315000 970000, 355000 970000, 355000 1010000, 315000 1010000, 315000 970000)))
A008    8    1  (((117000 926000, 157000 926000, 157000 935000, 157500 936000, 157800 937000, 157900 937600, 157700 938700, 157000 939600, 157000 945950, 157700 946800, 157700 947200, 157000 948300, 157000 954200, 157800 956000, 157000 958000, 157000 966000, 155000 966000, 153500 967000, 151500 967000, 149400 966000, 117000 966000, 117000 945000, 116200 943200, 116200 942800, 117000 941900, 117000 926000)),((179000 1030000, 184000 1030000, 184000 1035000, 179000 1035000, 179000 1030000)),((159000 1028000, 164000 1028000, 164000 1033000, 159000 1033000, 159000 1028000)))
A009    9    1  (((212000 940000, 252000 940000, 252000 980000, 212000 980000, 212000 940000)))
A010   10    1  (((252000 940000, 292000 940000, 292000 980000, 252000 980000, 252000 940000)))
A011   11    1  (((292000 929000, 332000 929000, 332000 969000, 309500 969000, 309000 969500, 308500 969600, 308000 969600, 307000 969750, 306000 969700, 305000 969300, 304600 969000, 292000 969000, 292000 929000)))
A012   12    1  (((300000 939000, 340000 939000, 340000 967400, 340500 969300, 340300 970400, 340400 971300, 341000 972800, 341000 974000, 340000 975000, 340000 979000, 336500 979000, 335600 979600, 335300 979700, 334000 979000, 300000 979000, 300000 939000)))
A013   13    1  (((95000 903000, 135000 903000, 135000 943000, 117500 943000, 117400 943200, 117000 943600, 115000 944200, 114300 944200, 114250 944250, 114150 944250, 114000 944200, 110700 943700, 110400 943000, 95000 943000, 95000 917200, 94400 916100, 94400 915800, 95000 914700, 95000 903000)),((68500 944500, 74500 944500, 74500 947500, 68500 947500, 68500 944500)),((86500 910500, 89500 910500, 89500 912500, 86500 912500, 86500 910500)))
A014   14    1  (((105000 886000, 145000 886000, 145000 926000, 105000 926000, 105000 886000)))
A015   15    1  (((196000 900000, 236000 900000, 236000 940000, 196000 940000, 196000 913000, 195250 912000, 195150 911500, 195350 911000, 194900 910000, 194900 909050, 195400 908550, 195500 908000, 195500 907000, 195250 906000, 195200 905300, 195550 904550, 195600 904000, 195050 902850, 195100 902000, 195200 901800, 195800 901200, 196000 900800, 196000 900000)),((190000 901000, 194000 901000, 194000 906000, 190000 906000, 190000 901000)))
A016   16    1  (((236000 900000, 276000 900000, 276000 940000, 236000 940000, 236000 900000)))
A017   17    1  (((276000 900000, 316000 900000, 316000 927000, 316500 929000, 316700 929900, 316500 930400, 316000 931000,316000 940000, 276000 940000, 276000 900000)))
A018   18    1  (((69000 863000, 109000 863000, 109000 885000, 109500 885400, 109500 885700, 109000 886100, 109000 903000, 105000 903000, 104300 903500, 103400 903800, 102300 903500, 101400 903000, 69000 903000, 69000 871100, 68500 870800, 68500 870100, 69000 869900, 69000 863000)),((5000 896000, 17000 896000, 17000 907000, 5000 907000, 5000 896000)),((64000 866000, 70000 866000, 70000 872000, 64000 872000, 64000 866000)),((59000 880000, 63000 880000, 63000 883000, 59000 883000, 59000 880000)))
A019   19    1  (((174000 860000, 214000 860000, 214000 900000, 210300 900000, 210000 900300, 208500 900300, 208150 900000, 174000 900000, 174000 892400, 173600 892000, 173450 891500, 173550 891000, 173600 890000, 173300 889000, 173350 888000, 173300 887000, 173600 886000, 173700 885000, 173800 884000, 173550 883000, 173200 882000, 173300 881000, 172950 880000, 173100 879000, 173000 878700, 172500 878500, 172350 878000, 172500 877500, 173100 877000, 174000 876100, 174000 874000, 173900 873000, 173600 872000, 173100 871000, 172800 870500, 172600 870000, 172400 869000, 172200 868600, 172100 868000, 172100 867300, 173000 866800, 174000 866200, 174000 860000)))
A020   20    1  (((214000 860000, 254000 860000, 254000 900000, 214000 900000, 214000 860000)))
A021   21    1  (((254000 860000, 294000 860000, 294000 884500, 295300 887000, 295300 888000, 295000 888200, 294000 888200, 294000 900000, 254000 900000, 254000 860000)))
A022   22    1  (((57000 823000, 82700 823000, 83300 822600, 83700 822700, 84100 823000, 97000 823000, 97000 863000, 66700 863000, 66100 863500, 63000 863500, 62300 863700, 62000 863700, 60000 863600, 59500 863400, 59000 863000, 57000 863000, 57000 823000)),((56000 863000, 59000 863000, 59000 866000, 56000 866000, 56000 863000)))
A023   23    1  (((113000 836000, 128000 836000, 129000 835400, 132000 835400, 133000 836000, 153000 836000, 153000 876000, 145400 876000, 145000 876300, 144500 877000, 144000 877200, 139400 877200, 139300 877000, 139000 876500, 138500 876000, 113000 876000, 113000 851100, 112500 850800, 112500 846800, 113000 846000, 113000 836000)),((135000 876000, 145000 876000, 145000 882000, 135000 882000, 135000 876000)))
A024   24    1  (((150000 830000, 190000 830000, 190000 870000, 150000 870000, 150000 830000)))
A025   25    1  (((190000 820000, 230000 820000, 230000 860000, 190000 860000, 190000 820000)))
A026   26    1  (((230000 820000, 270000 820000, 270000 860000, 230000 860000, 230000 820000)))
A027   27    1  (((270000 830000, 310000 830000, 310000 870000, 270000 870000, 270000 864100, 269700 863700, 269600 863300, 270000 862300, 270000 830000)))
A028   28    1  (((310000 833000, 350000 833000, 350000 873000, 310000 873000, 310000 833000)))
A029   29    1  (((345000 830000, 385000 830000, 385000 870000, 345000 870000, 345000 830000)))
A030   30    1  (((377000 830000, 417000 830000, 417000 870000, 377000 870000, 377000 830000)))
A031   31    1  (((50000 783000, 90000 783000, 90000 823000, 50000 823000, 50000 783000)),((53000 778000, 59000 778000, 59000 786000, 53000 786000, 53000 778000)))
A032   32    1  (((130000 800000, 153000 800000, 154000 799750, 155000 799150, 156000 798900, 158000 798900, 159500 799300, 161300 800000, 170000 800000, 170000 811600, 170500 812500, 170400 812700, 170500 813000, 170750 813800, 170700 814500, 170600 815000, 170000 816000, 170000 832000, 170800 833800, 170800 834300, 170000 836300, 170000 840000, 130000 840000, 130000 835000, 129000 832800, 129000 832100, 130000 829600, 130000 800000)))
A033   33    1  (((170000 790000, 210000 790000, 210000 830000, 170000 830000, 170000 804300, 169400 803600, 169400 802100, 170000 801600, 170000 790000)))
A034   34    1  (((210000 780000, 250000 780000, 250000 820000, 210000 820000, 210000 780000)))
A035   35    1  (((250000 790000, 290000 790000, 290000 830000, 250000 830000, 250000 790000)))
A036   36    1  (((285000 793000, 325000 793000, 325000 833000, 285000 833000, 285000 793000)))
A037   37    1  (((325000 793000, 365000 793000, 365000 833000, 325000 833000, 325000 793000)))
A038   38    1  (((365000 790000, 405000 790000, 405000 829500, 405580 829700, 405600 830000, 365000 830000, 365000 790000)))
A039   39    1  (((120000 770000, 160000 770000, 160000 810000, 120000 810000, 120000 800700, 119800 800600, 119800 800300, 120000 800100, 120000 770000)),((114000 795000, 118000 795000, 118000 798000, 114000 798000, 114000 795000)))
A040   40    1  (((160000 760000, 200000 760000, 200000 800000, 160000 800000, 160000 760000)))
A041   41    1  (((200000 750000, 240000 750000, 240000 790000, 200000 790000, 200000 750000)))
A042   42    1  (((240000 750000, 280000 750000, 280000 790000, 240000 790000, 240000 750000)))
A043   43    1  (((280000 760000, 282500 760000, 282900 759900, 283200 759900, 283600 760000, 285300 760000, 285600 759900, 286000 759950, 286100 759950, 286300 759850, 286400 759870, 286700 759950, 286800 759900, 287000 760000, 320000 760000, 320000 800000, 280000 800000, 280000 760000)))
A044   44    1  (((320000 760000, 360000 760000, 360000 800000, 320000 800000, 320000 760000)))
A045   45    1  (((360000 760000, 400000 760000, 400000 800000, 360000 800000, 360000 760000)))
A046   46    1  (((92000 733000, 132000 733000, 132000 734000, 132500 734400, 133000 734500, 133300 734700, 133400 735400, 133300 735700, 133000 736200, 132000 736600, 132000 773000, 92000 773000, 92000 749600, 91200 748200, 91100 747800, 92000 747200, 92000 746200, 91800 745800, 92000 745000, 92000 733000)))
A047   47    1  (((120000 733000, 160000 733000, 160000 773000, 159800 773000, 159300 773300, 158800 773500, 158000 773400, 157400 773300, 156500 773000, 120000 773000, 120000 733000)))
A048   48    1  (((120000 710000, 160000 710000, 160000 750000, 120000 750000, 120000 710000)))
A049   49    1  (((160000 720000, 162600 719250, 162900 719300, 164000 720000, 200000 720000, 200000 760000, 160000 760000, 160000 722000, 159900 721800, 159200 721500, 159200 721000, 159500 720500, 160000 720000)))
A050   50    1  (((200000 710000, 240000 710000, 240000 750000, 200000 750000, 200000 710000)))
A051   51    1  (((240000 720000, 280000 720000, 280000 760000, 240000 760000, 240000 720000)))
A052   52    1  (((270000 720000, 310000 720000, 310000 760000, 287200 760000, 286800 760200, 286000 760300, 284000 760500, 283000 760550, 282000 760400, 281000 760300, 280550 760000, 270000 760000, 270000 720000)))
A053   53    1  (((294000 720000, 334000 720000, 334000 760000, 294000 760000, 294000 720000)))
A054   54    1  (((334000 720000, 374000 720000, 374000 760000, 334000 760000, 334000 720000)))
A055   55    1  (((164000 680000, 204000 680000, 204000 720000, 178000 720000, 177000 720400, 176000 720600, 175000 720700, 174000 720600, 173000 720210, 172700 720000, 164000 720000, 164000 712000, 163550 711000, 163200 710000, 163100 709500, 163100 709300, 164000 707330, 164000 680000)))
A056   56    1  (((204000 682000, 244000 682000, 244000 722000, 204000 722000, 204000 682000)))
A057   57    1  (((244000 682000, 284000 682000, 284000 722000, 244000 722000, 244000 682000)))
A058   58    1  (((284000 690000, 324000 690000, 324000 711100, 324250 711400, 324310 712000, 324000 712000, 324000 730000, 284000 730000, 284000 690000)))
A059   59    1  (((324000 690000, 364000 690000, 364000 709000, 364700 709500, 364900 711000, 364900 711400, 364750 711680, 364000 712000, 364000 730000, 341000 730000, 340600 730550, 340300 730600, 340000 730500, 339400 730200, 339200 730000, 324000 730000, 324000 690000)),((363000 698000,367000 698000,367000 701000,363000 701000,363000 698000)))
A060   60    1  (((110000 640000, 130500 640000, 130900 639700, 131700 639800, 132000 640000, 150000 640000, 150000 662100, 150200 662200, 150200 662600, 150000 662700, 150000 680000, 149300 680000, 149000 680300, 148600 680400, 148200 680300, 147900 680000, 110000 680000, 110000 640000)))
A061   61    1  (((131000 662000, 149000 662000, 149700 661800, 150000 661800, 150700 662000, 171000 662000, 171000 679000, 171300 680000, 171350 680600, 171000 681200, 171000 696000, 171500 698000, 171600 699000, 171400 700000, 171000 701500, 171000 702000, 131000 702000, 131000 662000)))
A062   62    1  (((160000 640000, 200000 640000, 200000 674200, 200200 675000, 201000 675500, 201000 676000, 200700 676800, 200900 678100, 200300 678300, 200200 678500, 200000 678600, 200000 680000, 160000 680000, 160000 640000)))
A063   63    1  (((200000 642000, 240000 642000, 240000 682000, 200000 682000, 200000 678800, 199600 678300, 199500 678000, 199350 677000, 199450 676000, 199500 675600, 200000 675000, 200000 673800, 199400 673400, 199100 672900, 198800 672500, 198600 672200, 199000 671800, 199050 671000, 199020 670600, 199100 670250, 199580 669800, 200000 668800, 200000 642000)))
A064   64    1  (((240000 645000, 280000 645000, 280000 685000, 240000 685000, 240000 675000, 239500 674500, 239500 674400, 240000 673500, 240000 645000)))
A065   65    1  (((280000 650000, 320000 650000, 320000 690000, 280000 690000, 280000 650000)))
A066   66    1  (((316000 650000, 356000 650000, 356000 690000, 316000 690000, 316000 650000)))
A067   67    1  (((356000 650000, 396000 650000, 396000 659800, 396830 659900, 397000 660250, 397000 660500, 396700 660780, 396550 661150, 396500 661620, 396000 662200, 396000 690000, 356000 690000, 356000 650000)))
A068   68    1  (((157000 600000, 197000 600000, 197000 640000, 157000 640000, 157000 600000)))
A069   69    1  (((175000 613000, 215000 613000, 215000 650000, 215850 650500, 215850 653000, 215300 653200, 214500 653200, 214000 653000, 175000 653000, 175000 613000)))
A070   70    1  (((215000 605000, 255000 605000, 255000 645000, 215000 645000, 215000 605000)))
A071   71    1  (((255000 605000, 295000 605000, 295000 645000, 255000 645000, 255000 605000)))
A072   72    1  (((280000 620000, 320000 620000, 320000 660000, 280000 660000, 280000 620000)))
A073   73    1  (((320000 620000, 360000 620000, 360000 660000, 320000 660000, 320000 620000)))
A074   74    1  (((357000 620000, 397000 620000, 397000 660000, 373500 660000, 373000 660300, 372000 660300, 371000 660200, 370000 660000, 357000 660000, 357000 620000)))
A075   75    1  (((390000 620000, 430000 620000, 430000 660000, 390000 660000, 390000 620000)))
A076   76    1  (((195000 570000, 235000 570000, 235000 610000, 195000 610000, 195000 570000)))
A077   77    1  (((235000 570000, 275000 570000, 275000 610000, 235000 610000, 235000 570000)))
A078   78    1  (((275000 580000, 315000 580000, 315000 620000, 275000 620000, 275000 580000)))
A079   79    1  (((315000 580000, 355000 580000, 355000 620000, 315000 620000, 315000 580000)))
A080   80    1  (((355000 580000, 395000 580000, 395000 620000, 355000 620000, 355000 580000)))
A081   81    1  (((395000 580000, 435000 580000, 435000 620000, 395000 620000, 395000 580000)))
A082   82    1  (((195000 530000, 235000 530000, 235000 570000, 195000 570000, 195000 530000)),((195000 568000,204000 568000,204000 575000,195000 575000,195000 568000)))
A083   83    1  (((235000 530000, 275000 530000, 275000 570000, 235000 570000, 235000 530000)))
A084   84    1  (((265000 540000, 305000 540000, 305000 580000, 265000 580000, 265000 540000)))
A085   85    1  (((305000 540000, 345000 540000, 345000 580000, 305000 580000, 305000 540000)))
A086   86    1  (((345000 540000, 385000 540000, 385000 580000, 345000 580000, 345000 540000)))
A087   87    1  (((367000 540000, 407000 540000, 407000 580000, 367000 580000, 367000 540000)))
A088   88    1  (((407000 540000, 447000 540000, 447000 580000, 407000 580000, 407000 540000)))
A089   89    1  (((290000 500000, 330000 500000, 330000 540000, 290000 540000, 290000 500000)))
A090   90    1  (((317000 500000, 357000 500000, 357000 540000, 317000 540000, 317000 500000)))
A091   91    1  (((357000 500000, 397000 500000, 397000 540000, 357000 540000, 357000 500000)))
A092   92    1  (((380000 500000, 420000 500000, 420000 540000, 380000 540000, 380000 500000)))
A093   93    1  (((420000 500000, 460000 500000, 460000 540000, 420000 540000, 420000 500000)))
A094   94    1  (((460000 485000, 500000 485000, 500000 499800, 500100 499900, 500100 500000, 500000 500150, 500000 525000, 462500 525000, 462000 526000, 461800 526270, 461600 526400, 461300 526350, 461000 526280, 460800 526150, 460000 526150, 460000 485000)))
A095   95    1  (((213000 465000, 213300 465000, 213900 464000, 214000 463900, 214100 463850, 215800 463850, 217000 465000, 253000 465000, 253000 505000, 248000 505000, 247000 505500, 246000 505500, 245500 505300, 245200 505000, 213000 505000, 213000 465000)))
A096   96    1  (((303000 460000, 343000 460000, 343000 500000, 303000 500000, 303000 460000)))
A097   97    1  (((326000 460000, 366000 460000, 366000 500000, 326000 500000, 326000 460000)))
A098   98    1  (((366000 460000, 406000 460000, 406000 500000, 366000 500000, 366000 460000)))
A099   99    1  (((406000 460000, 446000 460000, 446000 500000, 406000 500000, 406000 460000)))
A100  100    1  (((446000 460000, 486000 460000, 486000 500000, 446000 500000, 446000 460000)))
A101  101    1  (((486000 460000, 526000 460000, 526000 469800, 526200 470300, 526200 471100, 526000 471400, 526000 500000, 486000 500000, 486000 460000)))
A102  102    1  (((326000 420000, 366000 420000, 366000 460000, 326000 460000, 326000 420000)))
A103  103    1  (((360000 420000, 400000 420000, 400000 460000, 360000 460000, 360000 420000)))
A104  104    1  (((400000 420000, 440000 420000, 440000 460000, 400000 460000, 400000 420000)))
A105  105    1  (((440000 420000, 480000 420000, 480000 460000, 440000 460000, 440000 420000)))
A106  106    1  (((463000 420000, 503000 420000, 503000 460000, 463000 460000, 463000 420000)))
A107  107    1  (((500000 420000, 540000 420000, 540000 460000, 500000 460000, 500000 420000)),((527000 414000, 535500 414000, 535500 409000, 542500 409000, 542500 420000, 522100 420000, 522100 418900, 527000 414000)))
A108  108    1  (((320000 380000, 360000 380000, 360000 420000, 320000 420000, 320000 380000)),((317000 385000, 321000 385000, 321000 392000, 317000 392000, 317000 385000)))
A109  109    1  (((360000 380000, 400000 380000, 400000 420000, 360000 420000, 360000 380000)))
A110  110    1  (((400000 380000, 440000 380000, 440000 420000, 400000 420000, 400000 380000)))
A111  111    1  (((430000 380000, 470000 380000, 470000 420000, 443000 420000, 442800 420200, 442000 420300, 441600 420400, 441000 420300, 440000 420200, 439800 420000, 430000 420000, 430000 380000)))
A112  112    1  (((470000 385000, 510000 385000, 510000 425000, 470000 425000, 470000 385000)))
A113  113    1  (((510000 386000, 550000 386000, 550000 426000, 510000 426000, 510000 386000)))
A114  114    1  (((220000 360000, 260000 360000, 260000 400000, 220000 400000, 220000 360000)),((259000 374500,266000 374500,266000 383000,259000 383000,259000 374500)))
A115  115    1  (((240000 345000, 280000 345000, 280000 385000, 240000 385000, 240000 345000)))
A116  116    1  (((280000 345000, 320000 345000, 320000 385000, 315000 385000, 314500 385600, 313800 385800, 312500 385850, 311800 385850, 310800 385750, 308000 385000, 280000 385000, 280000 362800, 279650 362700, 279350 362300, 279200 362000, 279150 361500, 279300 361000, 279800 360000, 280000 359000, 280000 345000)))
A117  117    1  (((320000 340000, 360000 340000, 360000 380000, 320000 380000, 320000 340000)))
A118  118    1  (((360000 340000, 400000 340000, 400000 380000, 360000 380000, 360000 340000)))
A119  119    1  (((400000 340000, 440000 340000, 440000 380000, 400000 380000, 400000 340000)))
A120  120    1  (((440000 350000, 480000 350000, 480000 360800, 480300 361500, 480300 361600, 480200 362000, 480100 362400, 480100 363000, 480000 383100, 480000 390000, 444000 390000, 443900 390100, 443100 390100, 443000 390000, 440000 390000, 440000 351100, 439800 351050, 439700 350500, 439800 350000, 440000 350000)))
A121  121    1  (((478000 350000, 518000 350000, 518000 390000, 478000 390000, 478000 350000)))
A122  122    1  (((518000 350000, 558000 350000, 558000 390000, 518000 390000, 518000 350000)))
A123  123    1  (((210000 320000, 250000 320000, 250000 360000, 210000 360000, 210000 320000)))
A124  124    1  (((250000 305000, 290000 305000, 290000 345000, 250000 345000, 250000 305000)))
A125  125    1  (((280000 305000, 320000 305000, 320000 345000, 280000 345000, 280000 305000)))
A126  126    1  (((320000 300000, 360000 300000, 360000 340000, 320000 340000, 320000 300000)))
A127  127    1  (((360000 300000, 400000 300000, 400000 340000, 360000 340000, 360000 300000)))
A128  128    1  (((400000 308000, 440000 308000, 440000 348000, 400000 348000, 400000 308000)))
A129  129    1  (((440000 310000, 480000 310000, 480000 350000, 440000 350000, 439920 349950, 439920 349550, 440000 349200, 440000 348800, 439930 348500, 440000 348490, 440000 310000)))
A130  130    1  (((480000 310000, 520000 310000, 520000 350000, 480000 350000, 480000 310000)))
A131  131    1  (((520000 310000, 560000 310000, 560000 350000, 520000 350000, 520000 310000)))
A132  132    1  (((560000 310000, 600000 310000, 600000 350000, 560000 350000, 560000 310000)))
A133  133    1  (((600000 310000, 633800 310000, 634100 309870, 636180 309820, 636920 309800, 638150 309800, 638400 310000, 640000 310000, 640000 350000, 600000 350000, 600000 310000)))
A134  134    1  (((617000 290000, 637350 290000, 637500 289950, 637800 289950, 637900 290000, 638100 290000, 638900 289800, 639100 289560, 639500 289420, 640160 289460, 640400 289550, 640620 289720, 641200 289900, 641470 289850, 641800 289960, 642220 289920, 642530 289900, 642950 289800, 643210 289820, 643600 289730, 644330 289800, 645000 289840, 645700 289300, 647000 289200, 647200 289250, 648200 290000, 657000 290000, 657000 313000, 657200 313200, 657200 313800, 657000 314000, 657000 330000, 617000 330000, 617000 290000)))
A135  135    1  (((250000 265000, 290000 265000, 290000 305000, 250000 305000, 250000 266800, 249700 266400, 249500 265800, 249250 265500, 249000 265300, 249000 265000, 250000 265000)))
A136  136    1  (((280000 265000, 320000 265000, 320000 305000, 280000 305000, 280000 265000)))
A137  137    1  (((320000 260000, 360000 260000, 360000 300000, 320000 300000, 320000 260000)))
A138  138    1  (((345000 260000, 375200 260000, 375350 259850, 375550 259700, 376500 259900, 376550 260000, 385000 260000, 385000 300000, 362550 300000, 362500 300200, 362200 300240, 361950 300000, 345000 300000, 345000 260000)))
A139  139    1  (((385000 268000, 425000 268000, 425000 308000, 385000 308000, 385000 268000)))
A140  140    1  (((425000 270000, 465000 270000, 465000 310000, 425000 310000, 425000 270000)))
A141  141    1  (((465000 270000, 505000 270000, 505000 310000, 465000 310000, 465000 270000)))
A142  142    1  (((505000 274000, 545000 274000, 545000 314000, 505000 314000, 505000 274000)))
A143  143    1  (((537000 274000, 577000 274000, 577000 314000, 537000 314000, 537000 274000)))
A144  144    1  (((577000 270000, 617000 270000, 617000 310000, 582600 310000, 581900 310400, 581850 310400, 581350 310000, 577000 310000, 577000 270000)))
A145  145    1  (((200000 220000, 240000 220000, 240000 260000, 239700 260000, 239400 260500, 239000 260850, 238700 260910, 238000 260800, 236900 260000, 200000 260000, 200000 241300, 199500 240600, 200000 240000, 200000 220000)))
A146  146    1  (((240000 225000, 280000 225000, 280000 265000, 240000 265000, 240000 225000)))
A147  147    1  (((270000 240000, 310000 240000, 310000 280000, 270000 280000, 270000 240000)))
A148  148    1  (((310000 240000, 350000 240000, 350000 280000, 310000 280000, 310000 272500, 309900 272450, 309800 271900, 309800 271800, 310000 271600,310000 240000)))
A149  149    1  (((333000 228000, 373000 228000, 373000 268000, 333000 268000, 333000 228000)))
A150  150    1  (((373000 228000, 413000 228000, 413000 268000, 407300 268000, 407150 268200, 406850 268100, 406500 268150, 405500 268150, 405000 268000, 373000 268000, 373000 228000)))
A151  151    1  (((413000 230000, 453000 230000, 453000 270000, 413000 270000, 413000 230000)))
A152  152    1  (((453000 230000, 493000 230000, 493000 270000, 458800 270000, 458700 270200, 458400 270400, 457800 270400, 457600 270350, 457400 270000, 453000 270000, 453000 230000)))
A153  153    1  (((493000 234000, 533000 234000, 533000 274000, 493000 274000, 493000 234000)))
A154  154    1  (((533000 234000, 573000 234000, 573000 274000, 533000 274000, 533000 234000)))
A155  155    1  (((573000 234000, 613000 234000, 613000 274000, 573000 274000, 573000 234000)))
A156  156    1  (((613000 250000, 653000 250000, 653000 279100, 653500 281000, 653500 281000, 654150 282300, 654150 290000, 643200 290000, 643000 290250, 642600 290500, 642700 290900, 642110 291100, 641900 290300, 641550 290150, 641000 290000, 638500 290000, 638000 290100, 637800 290005, 637500 290005, 636750 290150, 635800 290000, 613000 290000, 613000 250000)))
A157  157    1  (((165000 201000, 183900 201000, 187500 200050, 188300 200050, 189400 200200, 190000 200600, 191000 200150, 191500 200100, 192400 199900, 193500 199900, 194400 199800, 194700 199600, 195500 200100, 196300 200350, 196550 200300, 197200 200600, 197220 201000, 205000 201000, 205000 241000, 202100 241000, 200800 241800, 200300 241750, 200000 241620, 199850 241000, 192000 241000, 191000 241600, 190000 242000, 189700 242100, 189400 242100, 188000 241000, 165000 241000, 165000 201000)),((145000 207500,148000 207500,148000 210000,145000 210000,145000 207500)),((158000 208000,161000 208000,161000 210500,158000 210500,158000 208000)))
A158  158    1  (((189000 190000,229000 190000,229000 230000,189000 230000,189000 190000)),((183000 194000,190000 194000,190000 204000,183000 204000,183000 194000)))
A159  159    1  (((229000 185000, 244700 185000, 245000 184800, 246000 184600, 246500 184150, 247000 184100, 248000 184200, 248500 184500, 250800 184500, 251500 185000, 269000 185000, 269000 225000, 229000 225000, 229000 185000)))
A160  160    1  (((269000 205000, 309000 205000, 309000 243700, 309400 243700, 309300 244000, 309000 244000, 309000 245000, 269000 245000, 269000 205000)))
A161  161    1  (((309000 205000, 349000 205000, 349000 245000, 309000 245000, 309000 205000)))
A162  162    1  (((349000 188000, 349000 186900, 351300 186900, 353500 188000, 389000 188000, 389000 228000, 349000 228000, 349000 188000)))
A163  163    1  (((389000 190000, 429000 190000, 429000 230000, 389000 230000, 389000 193600, 388800 193300, 389000 193100, 389000 190000)))
A164  164    1  (((429000 190000, 451000 190000, 451100 189700, 452700 189300, 454700 190000, 469000 190000, 469000 230000, 429000 230000, 429000 190000)))
A165  165    1  (((460000 195000, 500000 195000, 500000 235000, 460000 235000, 460000 195000)))
A166  166    1  (((500000 194000, 540000 194000, 540000 234000, 500000 234000, 500000 194000)))
A167  167    1  (((540000 194000, 580000 194000, 580000 234000, 540000 234000, 540000 194000)))
A168  168    1  (((580000 194000, 620000 194000, 620000 234000, 580000 234000, 580000 194000)))
A169  169    1  (((607000 210000, 647000 210000, 647000 250000, 607000 250000, 607000 210000)))
A170  170    1  (((269000 165000, 309000 165000, 309000 205000, 269000 205000, 269000 165000)))
A171  171    1  (((309000 165000, 321600 165000, 321700 164600, 322300 164500, 322400 164600, 322500 165000, 349000 165000, 349000 205000, 309000 205000, 309000 165000)))
A172  172    1  (((340000 155000, 364500 155000, 367000 154300, 369000 154300, 370000 155000, 380000 155000, 380000 195000, 340000 195000, 340000 173000, 338500 171600, 338500 170500, 340000 169400, 340000 155000)))
A173  173    1  (((380000 155000, 420000 155000, 420000 195000, 380000 195000, 380000 155000)))
A174  174    1  (((420000 155000, 460000 155000, 460000 195000, 427950 195000, 427800 195100, 427700 195060, 427500 195000, 420000 195000, 420000 155000)))
A175  175    1  (((460000 155000, 500000 155000, 500000 195000, 460000 195000, 460000 155000)))
A176  176    1  (((495000 160000, 535000 160000, 535000 200000, 535300 200000, 534950 200200, 534300 200150, 533820 200080, 533750 200000, 495000 200000, 495000 160000)))
A177  177    1  (((530000 160000, 570000 160000, 570000 200000, 547500 200000, 547280 200300, 547150 200350, 546500 200200, 546500 200000, 536550 200000, 535450 200100, 534950 200220, 534300 200130, 533850 200100, 533750 200000, 530000 200000, 530000 160000)))
A178  178    1  (((565000 155000, 605000 155000, 605000 166850, 605900 167500, 606000 168000, 606000 169000, 605640 170000, 605400 170400, 605100 170790, 605000 170800, 605000 194700, 605200 195200, 605300 195700, 605000 195800, 604800 195900, 604300 195850, 602000 195000, 595600 195000, 594800 195500, 594000 195450, 593000 195500, 592650 195550, 592500 195400, 592600 195000, 565000 195000, 565000 155000)))
A179  179    1  (((603000 133000, 643000 133000, 643000 173000, 603000 173000, 603000 133000)))
A180  180    1  (((240000 112000, 280000 112000, 280000 152000, 240000 152000, 240000 128000, 239600 127800, 239600 127300, 240000 127000, 240000 112000)),((212000 143000, 215500 143000, 215500 149000, 212000 149000, 212000 143000)))
A181  181    1  (((280000 112000, 320000 112000, 320000 152000, 280000 152000, 280000 112000)))
A182  182    1  (((320000 130000, 360000 130000, 360000 170000, 339600 170000, 339350 170500, 338800 170800, 337000 170000, 320000 170000, 320000 130000)))
A183  183    1  (((349000 115000, 389000 115000, 389000 155000, 371000 155000, 370000 155500, 366000 155500, 364000 155000, 349000 155000, 349000 115000)))
A184  184    1  (((389000 115000, 429000 115000, 429000 155000, 389000 155000, 389000 115000)))
A185  185    1  (((429000 116000, 469000 116000, 469000 156000, 429000 156000, 429000 116000)))
A186  186    1  (((465000 125000, 505000 125000, 505000 165000, 465000 165000, 465000 125000)))
A187  187    1  (((505000 125000, 545000 125000, 545000 165000, 505000 165000, 505000 125000)))
A188  188    1  (((545000 125000, 585000 125000, 585000 165000, 545000 165000, 545000 125000)))
A189  189    1  (((585000 115000, 590000 115000, 590000 114900, 589650 114550, 589650 114000, 589750 113900, 590300 113900, 591450 115000, 625000 115000, 625000 155000, 585000 155000, 585000 115000)))
A190  190    1  (((207000 87000, 247000 87000, 247000 127000, 230000 127000, 227000 128150, 223000 128150, 221700 127000, 207000 127000, 207000 87000)))
A191  191    1  (((247000 72000, 287000 72000, 287000 112000, 247000 112000, 247000 72000)))
A192  192    1  (((287000 72000, 327000 72000, 327000 112000, 287000 112000, 287000 72000)))
A193  193    1  (((310000 90000, 323000 90000, 323500 89500, 325000 89500, 328000 89000, 330000 89500, 331000 89500, 331600 90000, 346000 90000, 348600 88500, 349300 88500, 350000 89000, 350000 130000, 310000 130000, 310000 90000)))
A194  194    1  (((349000 75000, 389000 75000, 389000 115000, 349000 115000, 349000 75000)),((365150 68150, 371000 68150, 371000 76650, 368750 78200, 365150 78200, 365150 68150)))
A195  195    1  (((389000 75000, 429000 75000, 429000 84000, 429400 84500, 429500 85000, 429300 85500, 429000 86000, 429000 115000, 389000 115000, 389000 75000)))
A196  196    1  (((429000 76000, 447300 76000, 449700 74800, 451000 74800, 455300 76000, 469000 76000, 469000 116000, 429000 116000, 429000 86000, 428300 85000, 429000 84000, 429000 76000)))
A197  197    1  (((469000 90000, 509000 90000, 509000 130000, 469000 130000, 469000 102500, 468400 101400, 468600 99000, 469000 98500, 469000 90000)))
A198  198    1  (((509000 97000, 549000 97000, 549000 137000, 509000 137000, 509000 97000)))
A199  199    1  (((549000 94000, 589000 94000, 589000 112650, 589400 112800, 589600 113000, 590000 113400, 590000 115000, 589600 115400, 589000 115650, 589000 134000, 549000 134000, 549000 94000)))
A200  200    1  (((175000 50000, 207900 50000, 208600 49000, 210800 49000, 211800 50000, 215000 50000, 215000 90000, 206800 90000, 206100 90250, 205500 90200, 205300 90000, 175000 90000, 175000 50000)))
A201  201    1  (((215000 47000, 251600 47000, 252800 46000, 254000 45300, 254500 45200, 255000 45300, 255000 87000, 215000 87000, 215000 52700, 213100 52700, 213100 50200, 213800 50000, 215000 50000, 215000 47000)),((238000 32000,240000 32000,240000 34000,238000 34000,238000 32000)))
A202  202    1  (((255000 32000, 295000 32000, 295000 62350, 296000 63000, 296000 64000, 295000 64500, 295000 72000, 294800 72000, 293800 72800, 289700 72700, 287000 72000, 255000 72000, 255000 32000)))
A203  203    1  (((132000 11000, 172000 11000, 172000 51000, 132000 51000, 132000 11000)), ((80000 5000, 96000 5000, 96000 18250, 86150 18250, 80000 9200, 80000 5000)), ((169000 50000, 176000 50000, 176000 55000, 169000 55000, 169000 50000)), ((126000 11000, 128000 11000, 128000 13000, 126000 13000, 126000 11000)))
A204  204    1  (((172000 14000, 212000 14000, 212000 49650, 212300 50000, 214100 50000, 214450 50400, 214450 52500, 214380 52700, 212250 52700, 212000 53000, 212000 54000, 177000 54000, 177000 54200, 176300 55000, 175000 55000, 173600 54000, 172000 54000, 172000 51300, 171700 50650, 171600 50400, 172000 49900, 172000 14000)))
