1 0 GIRT-19810106702 0
1 0 GIRT-19820101457 0
1 0 GIRT-19820200154 0
1 0 GIRT-19830100196 0
1 0 GIRT-19830100383 0
1 0 GIRT-19830101107 0
1 0 GIRT-19830101685 0
1 0 GIRT-19830106007 0
1 0 GIRT-19830110965 0
1 0 GIRT-19830115373 0
1 0 GIRT-19830117243 0
1 0 GIRT-19840100321 0
1 0 GIRT-19840101420 0
1 0 GIRT-19840115287 0
1 0 GIRT-19840115620 0
1 0 GIRT-19840115679 0
1 0 GIRT-19849508 0
1 0 GIRT-19850101397 0
1 0 GIRT-19850111364 0
1 0 GIRT-19850115268 0
1 0 GIRT-19850115457 0
1 0 GIRT-19850130908 0
1 0 GIRT-19852781 0
1 0 GIRT-19853117 0
1 0 GIRT-19855003 0
1 0 GIRT-19860100393 0
1 0 GIRT-19860102686 0
1 0 GIRT-19860102880 0
1 0 GIRT-19860110744 0
1 0 GIRT-19862541 0
1 0 GIRT-19862632 0
1 0 GIRT-19870101489 0
1 0 GIRT-19870110310 0
1 0 GIRT-19877353 0
1 0 GIRT-19880100043 0
1 0 GIRT-19880100414 0
1 0 GIRT-19880100594 0
1 0 GIRT-19880101619 0
1 0 GIRT-19880111542 0
1 0 GIRT-19880122175 0
1 0 GIRT-19880402236 0
1 0 GIRT-19887046 0
1 0 GIRT-19890112359 0
1 0 GIRT-19890120748 0
1 0 GIRT-19893208 0
1 0 GIRT-19899404 0
1 0 GIRT-19899407 0
1 0 GIRT-19900101392 0
1 0 GIRT-19900106609 0
1 0 GIRT-19900200157 0
1 0 GIRT-19901402 1
1 0 GIRT-19901716 0
1 0 GIRT-19901956 0
1 0 GIRT-19908069 0
1 0 GIRT-19910100610 0
1 0 GIRT-19910200359 0
1 0 GIRT-19911748 0
1 0 GIRT-19911767 0
1 0 GIRT-19911768 0
1 0 GIRT-19913205 0
1 0 GIRT-19920101285 0
1 0 GIRT-19920106197 0
1 0 GIRT-19920106612 0
1 0 GIRT-19920106620 0
1 0 GIRT-19920106879 0
1 0 GIRT-19920107812 0
1 0 GIRT-19920110210 0
1 0 GIRT-19920110268 0
1 0 GIRT-19920110330 0
1 0 GIRT-19920122069 0
1 0 GIRT-19920146 0
1 0 GIRT-19920200498 0
1 0 GIRT-19930100688 0
1 0 GIRT-19930101143 0
1 0 GIRT-19930101194 0
1 0 GIRT-19930106630 0
1 0 GIRT-19930111517 0
1 0 GIRT-19930113198 0
1 0 GIRT-19930120637 0
1 0 GIRT-19930600686 0
1 0 GIRT-19932672 0
1 0 GIRT-19937244 0
1 0 GIRT-19940100601 0
1 0 GIRT-19940100604 0
1 0 GIRT-19940101076 0
1 0 GIRT-19940101166 1
1 0 GIRT-19940101170 0
1 0 GIRT-19940101333 1
1 0 GIRT-19940101334 1
1 0 GIRT-19940101343 0
1 0 GIRT-19940101452 0
1 0 GIRT-19940101516 1
1 0 GIRT-19940101517 1
1 0 GIRT-19940106399 0
1 0 GIRT-19940110028 0
1 0 GIRT-19940110103 0
1 0 GIRT-19940110245 0
1 0 GIRT-19940110479 0
1 0 GIRT-19940110948 0
1 0 GIRT-19940111235 0
1 0 GIRT-19940112043 1
1 0 GIRT-19940112509 0
1 0 GIRT-19940112686 1
1 0 GIRT-19940112879 1
1 0 GIRT-19940113398 1
1 0 GIRT-19940113827 0
1 0 GIRT-19940120190 1
1 0 GIRT-19940120368 0
1 0 GIRT-19940120448 0
1 0 GIRT-19940120554 0
1 0 GIRT-19940120630 1
1 0 GIRT-19940120636 0
1 0 GIRT-19940120734 0
1 0 GIRT-19940120964 0
1 0 GIRT-19940120973 0
1 0 GIRT-19940121193 0
1 0 GIRT-19940121194 0
1 0 GIRT-19940121198 0
1 0 GIRT-19940121203 0
1 0 GIRT-19940122270 0
1 0 GIRT-19940122297 0
1 0 GIRT-19940122310 0
1 0 GIRT-19940470403 0
1 0 GIRT-19940470447 0
1 0 GIRT-19940471428 0
1 0 GIRT-19940600725 0
1 0 GIRT-19941253 1
1 0 GIRT-19941508520 0
1 0 GIRT-19941534 0
1 0 GIRT-19941535 0
1 0 GIRT-19941668 0
1 0 GIRT-19941810 0
1 0 GIRT-19941871 1
1 0 GIRT-19941973 1
1 0 GIRT-19942212 0
1 0 GIRT-19942339 0
1 0 GIRT-19942559 0
1 0 GIRT-19943035 0
1 0 GIRT-19943060 0
1 0 GIRT-19943144 1
1 0 GIRT-19943169 0
1 0 GIRT-19943353 0
1 0 GIRT-19947034 0
1 0 GIRT-19947135 0
1 0 GIRT-19947442 0
1 0 GIRT-19947603 0
1 0 GIRT-19947701 0
1 0 GIRT-19947814 0
1 0 GIRT-19949301 0
1 0 GIRT-19949445 0
1 0 GIRT-19950100584 0
1 0 GIRT-19950100709 0
1 0 GIRT-19950100876 0
1 0 GIRT-19950100886 0
1 0 GIRT-19950100951 0
1 0 GIRT-19950100952 1
1 0 GIRT-19950101037 0
1 0 GIRT-19950101078 1
1 0 GIRT-19950106072 1
1 0 GIRT-19950106127 0
1 0 GIRT-19950106363 0
1 0 GIRT-19950106792 0
1 0 GIRT-19950107717 0
1 0 GIRT-19950107786 0
1 0 GIRT-19950108411 0
1 0 GIRT-19950110769 1
1 0 GIRT-19950111192 0
1 0 GIRT-19950111515 1
1 0 GIRT-19950111519 0
1 0 GIRT-19950111523 1
1 0 GIRT-19950111524 1
1 0 GIRT-19950111525 1
1 0 GIRT-19950111526 0
1 0 GIRT-19950111528 0
1 0 GIRT-19950111530 1
1 0 GIRT-19950111648 0
1 0 GIRT-19950111815 1
1 0 GIRT-19950112023 0
1 0 GIRT-19950112416 0
1 0 GIRT-19950112433 1
1 0 GIRT-19950112687 0
1 0 GIRT-19950112712 0
1 0 GIRT-19950113053 1
1 0 GIRT-19950113218 0
1 0 GIRT-19950113369 0
1 0 GIRT-19950113457 0
1 0 GIRT-19950113459 0
1 0 GIRT-19950113462 1
1 0 GIRT-19950113464 0
1 0 GIRT-19950113465 1
1 0 GIRT-19950113470 1
1 0 GIRT-19950120244 0
1 0 GIRT-19950120597 1
1 0 GIRT-19950120600 0
1 0 GIRT-19950120857 0
1 0 GIRT-19950120962 0
1 0 GIRT-19950120967 0
1 0 GIRT-19950120970 0
1 0 GIRT-19950122093 0
1 0 GIRT-19950122117 0
1 0 GIRT-19950122370 1
1 0 GIRT-19950122371 1
1 0 GIRT-19950200376 0
1 0 GIRT-19950255 0
1 0 GIRT-19950261 0
1 0 GIRT-19950374 1
1 0 GIRT-19950410842 0
1 0 GIRT-19950600267 0
1 0 GIRT-19950600666 0
1 0 GIRT-19950600824 0
1 0 GIRT-19950600988 0
1 0 GIRT-19950600993 0
1 0 GIRT-19950910 0
1 0 GIRT-19951347 1
1 0 GIRT-19951816 1
1 0 GIRT-19952027 0
1 0 GIRT-19952628 0
1 0 GIRT-19952688 1
1 0 GIRT-19952757 0
1 0 GIRT-19952825 1
1 0 GIRT-19953158 0
1 0 GIRT-19953262 0
1 0 GIRT-19953343 0
1 0 GIRT-19953346 0
1 0 GIRT-19953485 0
1 0 GIRT-19955170 0
1 0 GIRT-19955246 0
1 0 GIRT-19955777 0
1 0 GIRT-19956059 0
1 0 GIRT-19957122 0
1 0 GIRT-19957357 0
1 0 GIRT-19957380 0
1 0 GIRT-19957448 0
1 0 GIRT-19957784 0
1 0 GIRT-19957792 0
1 0 GIRT-19958131 0
1 0 GIRT-19960100146 1
1 0 GIRT-19960100331 0
1 0 GIRT-19960101047 0
1 0 GIRT-19960101213 0
1 0 GIRT-19960101669 0
1 0 GIRT-19960101743 0
1 0 GIRT-19960106008 0
1 0 GIRT-19960106352 1
1 0 GIRT-19960106363 0
1 0 GIRT-19960106644 0
1 0 GIRT-19960106810 0
1 0 GIRT-19960107754 1
1 0 GIRT-19960107773 0
1 0 GIRT-19960107805 1
1 0 GIRT-19960107816 0
1 0 GIRT-19960107834 1
1 0 GIRT-19960110119 1
1 0 GIRT-19960110253 0
1 0 GIRT-19960110426 0
1 0 GIRT-19960110454 0
1 0 GIRT-19960110682 0
1 0 GIRT-19960110694 1
1 0 GIRT-19960110882 1
1 0 GIRT-19960111579 0
1 0 GIRT-19960111806 1
1 0 GIRT-19960111807 1
1 0 GIRT-19960111808 1
1 0 GIRT-19960111810 1
1 0 GIRT-19960111811 1
1 0 GIRT-19960111812 1
1 0 GIRT-19960111813 1
1 0 GIRT-19960111814 1
1 0 GIRT-19960111815 1
1 0 GIRT-19960112770 0
1 0 GIRT-19960112995 0
1 0 GIRT-19960113170 1
1 0 GIRT-19960113186 0
1 0 GIRT-19960113233 0
1 0 GIRT-19960113296 0
1 0 GIRT-19960113395 0
1 0 GIRT-19960113428 1
1 0 GIRT-19960120014 0
1 0 GIRT-19960120108 0
1 0 GIRT-19960120246 0
1 0 GIRT-19960120463 0
1 0 GIRT-19960122043 0
1 0 GIRT-19960180 1
1 0 GIRT-19960200036 0
1 0 GIRT-19960401241 0
1 0 GIRT-19960516 0
1 0 GIRT-19960600130 0
1 0 GIRT-19960600813 0
1 0 GIRT-19960600830 0
1 0 GIRT-19960610017 0
1 0 GIRT-19960610038 0
1 0 GIRT-19960610204 0
1 0 GIRT-19960610331 0
1 0 GIRT-19960680 0
1 0 GIRT-19961301 0
1 0 GIRT-19961427 0
1 0 GIRT-19961429 0
1 0 GIRT-19961835 0
1 0 GIRT-19962099 0
1 0 GIRT-19963714 0
1 0 GIRT-19964168 0
1 0 GIRT-19964214 0
1 0 GIRT-19964223 0
1 0 GIRT-19964335 0
1 0 GIRT-19964569 0
1 0 GIRT-19964644 0
1 0 GIRT-19964885 1
1 0 GIRT-19965066 0
1 0 GIRT-19967385 0
1 0 GIRT-19967431 0
1 0 GIRT-19968034 0
1 0 GIRT-19969163 1
1 0 GIRT-19969349 1
1 0 GIRT-19969576 0
1 0 GIRT-19969969 1
1 0 GIRT-19970100179 0
1 0 GIRT-19970100180 0
1 0 GIRT-19970100696 1
1 0 GIRT-19970101229 1
1 0 GIRT-19970106239 0
1 0 GIRT-19970106428 0
1 0 GIRT-19970110219 1
1 0 GIRT-19970110269 1
1 0 GIRT-19970110617 1
1 0 GIRT-19970110618 1
1 0 GIRT-19970110620 1
1 0 GIRT-19970110621 1
1 0 GIRT-19970110624 1
1 0 GIRT-19970110625 1
1 0 GIRT-19970110679 0
1 0 GIRT-19970110923 0
1 0 GIRT-19970110927 0
1 0 GIRT-19970110928 0
1 0 GIRT-19970111237 0
1 0 GIRT-19970111546 1
1 0 GIRT-19970111613 0
1 0 GIRT-19970111631 0
1 0 GIRT-19970111753 1
1 0 GIRT-19970111760 1
1 0 GIRT-19970111835 0
1 0 GIRT-19970112309 0
1 0 GIRT-19970112312 1
1 0 GIRT-19970112379 0
1 0 GIRT-19970120368 1
1 0 GIRT-19970400327 0
1 0 GIRT-19970401484 0
1 0 GIRT-19970600030 0
1 0 GIRT-19970600032 0
1 0 GIRT-19970610252 0
1 0 GIRT-19973232361 1
1 0 GIRT-19973245176 0
1 0 GIRT-19973245783 1
1 0 GIRT-19973246239 0
1 0 GIRT-19973263918 0
1 0 GIRT-19973297668 1
1 0 GIRT-19973297735 0
1 0 GIRT-19973297906 0
1 0 GIRT-19973298675 0
1 0 GIRT-19973302448 0
1 0 GIRT-19973306527 1
1 0 GIRT-19973310766 1
1 0 GIRT-19973344544 1
1 0 GIRT-19973344570 1
1 0 GIRT-19973344644 1
1 0 GIRT-19973344771 1
1 0 GIRT-19973344807 1
1 0 GIRT-19980106195 1
1 0 GIRT-19980111569 0
1 0 GIRT-19980111682 1
1 0 GIRT-19980200078 0
1 0 GIRT-19981701630 0
1 0 GIRT-19981706271 0
1 0 GIRT-19990111757 1
2 0 GIRT-19790101305 0
2 0 GIRT-19800101678 0
2 0 GIRT-19800106513 0
2 0 GIRT-19820101937 0
2 0 GIRT-19820102173 0
2 0 GIRT-19820102916 0
2 0 GIRT-19830106840 0
2 0 GIRT-19830117055 0
2 0 GIRT-19830117365 0
2 0 GIRT-19840100342 0
2 0 GIRT-19840100717 0
2 0 GIRT-19840101393 0
2 0 GIRT-19840101515 0
2 0 GIRT-19840101685 0
2 0 GIRT-19840106185 0
2 0 GIRT-19840106255 0
2 0 GIRT-19840115723 0
2 0 GIRT-19840115840 0
2 0 GIRT-19840116102 0
2 0 GIRT-19840591 0
2 0 GIRT-19840700634 0
2 0 GIRT-19850100400 0
2 0 GIRT-19850100455 0
2 0 GIRT-19850100641 0
2 0 GIRT-19850100750 0
2 0 GIRT-19850101566 0
2 0 GIRT-19850102190 0
2 0 GIRT-19850102814 0
2 0 GIRT-19850110480 0
2 0 GIRT-19850115094 0
2 0 GIRT-19850130623 0
2 0 GIRT-19850319692 0
2 0 GIRT-19860100391 0
2 0 GIRT-19860101796 0
2 0 GIRT-19860106005 0
2 0 GIRT-19860106528 0
2 0 GIRT-19860111171 0
2 0 GIRT-19860120809 0
2 0 GIRT-19860120924 0
2 0 GIRT-19860122021 0
2 0 GIRT-19860122023 0
2 0 GIRT-19860200249 0
2 0 GIRT-19869553 0
2 0 GIRT-19870100890 0
2 0 GIRT-19870101378 0
2 0 GIRT-19870101379 0
2 0 GIRT-19870106721 0
2 0 GIRT-19870110103 0
2 0 GIRT-19870110765 0
2 0 GIRT-19870121558 0
2 0 GIRT-19870447 0
2 0 GIRT-19873179 0
2 0 GIRT-19873977 0
2 0 GIRT-19880100951 0
2 0 GIRT-19880110315 0
2 0 GIRT-19880121003 0
2 0 GIRT-19880121956 0
2 0 GIRT-19880122048 0
2 0 GIRT-19880122051 0
2 0 GIRT-19880402236 0
2 0 GIRT-19881300269 0
2 0 GIRT-19890106669 0
2 0 GIRT-19890107217 0
2 0 GIRT-19890112670 0
2 0 GIRT-19890120701 0
2 0 GIRT-19890316 0
2 0 GIRT-19891205 0
2 0 GIRT-19892348 0
2 0 GIRT-19898008 0
2 0 GIRT-19898139 0
2 0 GIRT-19898615 0
2 0 GIRT-19900106601 0
2 0 GIRT-19900112013 0
2 0 GIRT-19900120155 0
2 0 GIRT-19900120806 0
2 0 GIRT-19901702 0
2 0 GIRT-19902493 0
2 0 GIRT-19904054 0
2 0 GIRT-19910100449 0
2 0 GIRT-19910100450 0
2 0 GIRT-19910100871 0
2 0 GIRT-19910101110 0
2 0 GIRT-19910106491 0
2 0 GIRT-19910106594 0
2 0 GIRT-19910110020 0
2 0 GIRT-19910110199 0
2 0 GIRT-19910110963 0
2 0 GIRT-19910111502 0
2 0 GIRT-19910111855 0
2 0 GIRT-19910112357 0
2 0 GIRT-19910122024 0
2 0 GIRT-19910200161 0
2 0 GIRT-19910200359 0
2 0 GIRT-19910200396 0
2 0 GIRT-19910401407 0
2 0 GIRT-19910600716 1
2 0 GIRT-19910610080 0
2 0 GIRT-19910619 0
2 0 GIRT-19910841 0
2 0 GIRT-19912383 0
2 0 GIRT-19920080 0
2 0 GIRT-19920100633 0
2 0 GIRT-19920106779 0
2 0 GIRT-19920106956 0
2 0 GIRT-19920107434 0
2 0 GIRT-19920107812 0
2 0 GIRT-19920109008 0
2 0 GIRT-19920110007 0
2 0 GIRT-19920110408 0
2 0 GIRT-19920110807 0
2 0 GIRT-19920400169 0
2 0 GIRT-19920401500 0
2 0 GIRT-19922941 0
2 0 GIRT-19929282 0
2 0 GIRT-19930101638 0
2 0 GIRT-19930108622 0
2 0 GIRT-19930108858 0
2 0 GIRT-19930110848 0
2 0 GIRT-19930112577 0
2 0 GIRT-19930113198 0
2 0 GIRT-19930200272 0
2 0 GIRT-19930200301 0
2 0 GIRT-19930200366 0
2 0 GIRT-19935784 0
2 0 GIRT-19940100190 0
2 0 GIRT-19940100444 0
2 0 GIRT-19940100837 0
2 0 GIRT-19940100842 0
2 0 GIRT-19940101437 0
2 0 GIRT-19940108592 0
2 0 GIRT-19940109 0
2 0 GIRT-19940112879 0
2 0 GIRT-19940113151 0
2 0 GIRT-19940120302 0
2 0 GIRT-19940120420 0
2 0 GIRT-19940120616 0
2 0 GIRT-19940120692 0
2 0 GIRT-19940121026 0
2 0 GIRT-19940121201 0
2 0 GIRT-19940200272 0
2 0 GIRT-19940200462 0
2 0 GIRT-19940234 0
2 0 GIRT-19940235 0
2 0 GIRT-19940402889 0
2 0 GIRT-19940600715 0
2 0 GIRT-19940600716 0
2 0 GIRT-19940600717 0
2 0 GIRT-19940600719 0
2 0 GIRT-19940600744 0
2 0 GIRT-19940600941 0
2 0 GIRT-19940624 0
2 0 GIRT-19940754 0
2 0 GIRT-19940817 0
2 0 GIRT-19940854 0
2 0 GIRT-19941102244 0
2 0 GIRT-19941223 0
2 0 GIRT-19941255 0
2 0 GIRT-19941757 0
2 0 GIRT-19941860 0
2 0 GIRT-19941863 0
2 0 GIRT-19941871 0
2 0 GIRT-19942134 0
2 0 GIRT-19942156 0
2 0 GIRT-19942180 0
2 0 GIRT-19942363 0
2 0 GIRT-19942369 0
2 0 GIRT-19942603 0
2 0 GIRT-19942660 0
2 0 GIRT-19942933 0
2 0 GIRT-19943417 0
2 0 GIRT-19943553 0
2 0 GIRT-19945063 0
2 0 GIRT-19947135 0
2 0 GIRT-19947153 0
2 0 GIRT-19947156 0
2 0 GIRT-19947570 0
2 0 GIRT-19947743 0
2 0 GIRT-19947780 0
2 0 GIRT-19947803 0
2 0 GIRT-19948654 0
2 0 GIRT-19949162 0
2 0 GIRT-19949181 0
2 0 GIRT-19949253 0
2 0 GIRT-19949390 0
2 0 GIRT-19949431 0
2 0 GIRT-19949646 0
2 0 GIRT-19950100129 0
2 0 GIRT-19950100175 0
2 0 GIRT-19950100333 0
2 0 GIRT-19950100346 0
2 0 GIRT-19950101333 0
2 0 GIRT-19950101588 0
2 0 GIRT-19950106397 0
2 0 GIRT-19950106665 0
2 0 GIRT-19950108244 0
2 0 GIRT-19950108735 0
2 0 GIRT-19950108822 0
2 0 GIRT-19950110769 0
2 0 GIRT-19950111541 0
2 0 GIRT-19950111754 0
2 0 GIRT-19950111875 0
2 0 GIRT-19950112107 0
2 0 GIRT-19950112147 0
2 0 GIRT-19950112314 0
2 0 GIRT-19950112761 0
2 0 GIRT-19950112843 0
2 0 GIRT-19950113053 0
2 0 GIRT-19950113056 0
2 0 GIRT-19950120145 0
2 0 GIRT-19950120231 0
2 0 GIRT-19950120369 0
2 0 GIRT-19950120411 0
2 0 GIRT-19950120552 0
2 0 GIRT-19950120734 0
2 0 GIRT-19950120799 0
2 0 GIRT-19950122087 0
2 0 GIRT-19950122215 0
2 0 GIRT-19950200230 0
2 0 GIRT-19950200306 0
2 0 GIRT-19950200334 0
2 0 GIRT-19950200405 0
2 0 GIRT-19950286 0
2 0 GIRT-19950299 0
2 0 GIRT-19950411070 0
2 0 GIRT-19950600057 1
2 0 GIRT-19950600087 0
2 0 GIRT-19950600101 0
2 0 GIRT-19950600130 1
2 0 GIRT-19950600673 1
2 0 GIRT-19950600730 0
2 0 GIRT-19950600736 0
2 0 GIRT-19950600748 1
2 0 GIRT-19950600791 0
2 0 GIRT-19950600820 0
2 0 GIRT-19950600822 1
2 0 GIRT-19950600829 1
2 0 GIRT-19950600833 0
2 0 GIRT-19950600837 1
2 0 GIRT-19950600843 0
2 0 GIRT-19950600934 0
2 0 GIRT-19950610017 0
2 0 GIRT-19950610058 0
2 0 GIRT-19950610118 0
2 0 GIRT-19951092 0
2 0 GIRT-19951333 1
2 0 GIRT-19951435 0
2 0 GIRT-19951679 0
2 0 GIRT-19952471 0
2 0 GIRT-19952513 0
2 0 GIRT-19952607 0
2 0 GIRT-19953346 0
2 0 GIRT-19953368 0
2 0 GIRT-19953465 0
2 0 GIRT-19955399 0
2 0 GIRT-19955721 0
2 0 GIRT-19956077 0
2 0 GIRT-19957019 0
2 0 GIRT-19957104 0
2 0 GIRT-19957188 0
2 0 GIRT-19957350 0
2 0 GIRT-19957373 0
2 0 GIRT-19957374 0
2 0 GIRT-19957448 0
2 0 GIRT-19957456 1
2 0 GIRT-19957520 0
2 0 GIRT-19957957 0
2 0 GIRT-19958103 0
2 0 GIRT-19959052 0
2 0 GIRT-19959062 0
2 0 GIRT-19959094 0
2 0 GIRT-19959406 0
2 0 GIRT-19959418 0
2 0 GIRT-19960100429 0
2 0 GIRT-19960100639 0
2 0 GIRT-19960100667 0
2 0 GIRT-19960100914 0
2 0 GIRT-19960101013 0
2 0 GIRT-19960101015 0
2 0 GIRT-19960101107 0
2 0 GIRT-19960101364 0
2 0 GIRT-19960101424 0
2 0 GIRT-19960102034 0
2 0 GIRT-19960102238 0
2 0 GIRT-19960106008 0
2 0 GIRT-19960106024 0
2 0 GIRT-19960106042 0
2 0 GIRT-19960106297 0
2 0 GIRT-19960106778 0
2 0 GIRT-19960110116 0
2 0 GIRT-19960110119 0
2 0 GIRT-19960110253 0
2 0 GIRT-19960110325 0
2 0 GIRT-19960110327 0
2 0 GIRT-19960110680 0
2 0 GIRT-19960110789 0
2 0 GIRT-19960111170 0
2 0 GIRT-19960111175 0
2 0 GIRT-19960112480 0
2 0 GIRT-19960112665 0
2 0 GIRT-19960112888 0
2 0 GIRT-19960112904 0
2 0 GIRT-19960112987 0
2 0 GIRT-19960113071 1
2 0 GIRT-19960113097 0
2 0 GIRT-19960113150 0
2 0 GIRT-19960113186 0
2 0 GIRT-19960113389 0
2 0 GIRT-19960113393 0
2 0 GIRT-19960113398 0
2 0 GIRT-19960113459 0
2 0 GIRT-19960120003 0
2 0 GIRT-19960120006 0
2 0 GIRT-19960120116 0
2 0 GIRT-19960120254 0
2 0 GIRT-19960120599 0
2 0 GIRT-19960122329 1
2 0 GIRT-19960122340 0
2 0 GIRT-19960122349 0
2 0 GIRT-19960200053 0
2 0 GIRT-19960200198 0
2 0 GIRT-19960200286 0
2 0 GIRT-19960200330 0
2 0 GIRT-19960200331 0
2 0 GIRT-19960244 0
2 0 GIRT-19960288 0
2 0 GIRT-19960400285 0
2 0 GIRT-19960400611 0
2 0 GIRT-19960400913 0
2 0 GIRT-19960401005 0
2 0 GIRT-19960600019 1
2 0 GIRT-19960600025 0
2 0 GIRT-19960600027 1
2 0 GIRT-19960600037 0
2 0 GIRT-19960600043 0
2 0 GIRT-19960600179 0
2 0 GIRT-19960600264 0
2 0 GIRT-19960600348 0
2 0 GIRT-19960600374 0
2 0 GIRT-19960600404 0
2 0 GIRT-19960600413 0
2 0 GIRT-19960600449 0
2 0 GIRT-19960600450 1
2 0 GIRT-19960600451 0
2 0 GIRT-19960600458 0
2 0 GIRT-19960600576 0
2 0 GIRT-19960600650 0
2 0 GIRT-19960600652 1
2 0 GIRT-19960600655 0
2 0 GIRT-19960600658 0
2 0 GIRT-19960600661 0
2 0 GIRT-19960600664 1
2 0 GIRT-19960600700 0
2 0 GIRT-19960610046 0
2 0 GIRT-19960610155 0
2 0 GIRT-19960610156 0
2 0 GIRT-19960610195 0
2 0 GIRT-19960610293 0
2 0 GIRT-19960680 0
2 0 GIRT-19960760 0
2 0 GIRT-19960765 0
2 0 GIRT-19961156 0
2 0 GIRT-19961281 0
2 0 GIRT-19961301 0
2 0 GIRT-19961469 0
2 0 GIRT-19961892 0
2 0 GIRT-19961960 0
2 0 GIRT-19962021 0
2 0 GIRT-19962111 0
2 0 GIRT-19962161 0
2 0 GIRT-19962454 0
2 0 GIRT-19962514 1
2 0 GIRT-19962794 0
2 0 GIRT-19963115 0
2 0 GIRT-19963180 0
2 0 GIRT-19963576 0
2 0 GIRT-19963721 0
2 0 GIRT-19963785 0
2 0 GIRT-19963789 0
2 0 GIRT-19964064 0
2 0 GIRT-19964131 0
2 0 GIRT-19964168 0
2 0 GIRT-19964194 0
2 0 GIRT-19964214 0
2 0 GIRT-19964457 0
2 0 GIRT-19964644 0
2 0 GIRT-19964724 0
2 0 GIRT-19964725 0
2 0 GIRT-19964860 0
2 0 GIRT-19964864 0
2 0 GIRT-19965162 0
2 0 GIRT-19965295 0
2 0 GIRT-19965699 0
2 0 GIRT-19967184 0
2 0 GIRT-19967365 0
2 0 GIRT-19967385 0
2 0 GIRT-19967444 0
2 0 GIRT-19969443 0
2 0 GIRT-19969557 0
2 0 GIRT-19969771 0
2 0 GIRT-19969966 0
2 0 GIRT-19969974 0
2 0 GIRT-19970100002 0
2 0 GIRT-19970100194 0
2 0 GIRT-19970101201 0
2 0 GIRT-19970101704 0
2 0 GIRT-19970107757 0
2 0 GIRT-19970107773 0
2 0 GIRT-19970107783 0
2 0 GIRT-19970110445 0
2 0 GIRT-19970110508 0
2 0 GIRT-19970110720 0
2 0 GIRT-19970110796 0
2 0 GIRT-19970111153 0
2 0 GIRT-19970111202 0
2 0 GIRT-19970111481 0
2 0 GIRT-19970111486 0
2 0 GIRT-19970111714 0
2 0 GIRT-19970111983 0
2 0 GIRT-19970112359 0
2 0 GIRT-19970112384 0
2 0 GIRT-19970113217 0
2 0 GIRT-19970113219 0
2 0 GIRT-19970113234 0
2 0 GIRT-19970113425 0
2 0 GIRT-19970113615 0
2 0 GIRT-19970120056 0
2 0 GIRT-19970122040 0
2 0 GIRT-19970122047 0
2 0 GIRT-19970200099 0
2 0 GIRT-19970200281 0
2 0 GIRT-19970400668 0
2 0 GIRT-19970400868 0
2 0 GIRT-19970600121 1
2 0 GIRT-19970600234 0
2 0 GIRT-19970600308 0
2 0 GIRT-19970600526 0
2 0 GIRT-19970600532 0
2 0 GIRT-19970600571 0
2 0 GIRT-19970600593 1
2 0 GIRT-19970600730 0
2 0 GIRT-19970610065 0
2 0 GIRT-19970610066 0
2 0 GIRT-19970696 0
2 0 GIRT-19973245176 0
2 0 GIRT-19973297906 0
2 0 GIRT-19973302066 0
2 0 GIRT-19973302448 0
2 0 GIRT-19973304052 0
2 0 GIRT-19973304902 0
2 0 GIRT-19973305495 0
2 0 GIRT-19973307529 0
2 0 GIRT-19973338668 0
2 0 GIRT-19973339014 1
2 0 GIRT-19973339127 0
2 0 GIRT-19973341416 0
2 0 GIRT-19973344803 0
2 0 GIRT-19980110170 0
2 0 GIRT-19980110205 0
2 0 GIRT-19980110246 0
2 0 GIRT-19980111406 0
2 0 GIRT-19980112805 0
2 0 GIRT-19980200113 0
2 0 GIRT-19980400040 0
2 0 GIRT-19980400157 0
2 0 GIRT-19980400242 0
2 0 GIRT-19980400874 0
2 0 GIRT-19980403345 0
2 0 GIRT-19980403469 0
2 0 GIRT-19980600233 0
2 0 GIRT-19981700010 0
2 0 GIRT-19981700443 0
2 0 GIRT-19981702863 0
2 0 GIRT-19990111530 1
2 0 GIRT-19990111541 1
2 0 GIRT-19990469 0
3 0 GIRT-19800101491 0
3 0 GIRT-19810100308 0
3 0 GIRT-19810100309 0
3 0 GIRT-19810106242 0
3 0 GIRT-19820111278 0
3 0 GIRT-19820115441 0
3 0 GIRT-19830110178 0
3 0 GIRT-19830115951 0
3 0 GIRT-19840100651 0
3 0 GIRT-19840120141 0
3 0 GIRT-19850092 0
3 0 GIRT-19850102826 0
3 0 GIRT-19850102964 0
3 0 GIRT-19850110941 0
3 0 GIRT-19850111053 0
3 0 GIRT-19850111118 0
3 0 GIRT-19850120851 0
3 0 GIRT-19850122410 0
3 0 GIRT-19860106476 0
3 0 GIRT-19860106795 0
3 0 GIRT-19860120030 0
3 0 GIRT-19860120808 0
3 0 GIRT-19864198 0
3 0 GIRT-19870120391 0
3 0 GIRT-19878356 0
3 0 GIRT-19880100924 0
3 0 GIRT-19880101443 0
3 0 GIRT-19880120628 0
3 0 GIRT-19880121828 0
3 0 GIRT-19881300270 0
3 0 GIRT-19890112670 0
3 0 GIRT-19890120242 0
3 0 GIRT-19891703 0
3 0 GIRT-19892590 0
3 0 GIRT-19897131 0
3 0 GIRT-19900112621 0
3 0 GIRT-19900400614 0
3 0 GIRT-19900402249 0
3 0 GIRT-19900402359 0
3 0 GIRT-19910101627 0
3 0 GIRT-19910107092 0
3 0 GIRT-19910108335 0
3 0 GIRT-19910110384 0
3 0 GIRT-19910111389 0
3 0 GIRT-19910111454 0
3 0 GIRT-19910111889 0
3 0 GIRT-19919188 0
3 0 GIRT-19920100018 0
3 0 GIRT-19920100424 0
3 0 GIRT-19920101676 0
3 0 GIRT-19920106229 0
3 0 GIRT-19920106510 0
3 0 GIRT-19920110191 0
3 0 GIRT-19920111436 0
3 0 GIRT-19920120570 0
3 0 GIRT-19922891 0
3 0 GIRT-19928442 0
3 0 GIRT-19930101508 0
3 0 GIRT-19930112693 0
3 0 GIRT-19930113198 0
3 0 GIRT-19930122276 0
3 0 GIRT-19930402704 0
3 0 GIRT-19935611 0
3 0 GIRT-19940100221 0
3 0 GIRT-19940101052 0
3 0 GIRT-19940101138 0
3 0 GIRT-19940101140 0
3 0 GIRT-19940101518 0
3 0 GIRT-19940101674 0
3 0 GIRT-19940101751 0
3 0 GIRT-19940108123 0
3 0 GIRT-19940108351 0
3 0 GIRT-19940110018 0
3 0 GIRT-19940110641 0
3 0 GIRT-19940112754 0
3 0 GIRT-19940113524 0
3 0 GIRT-19940113587 0
3 0 GIRT-19940113955 0
3 0 GIRT-19940120140 0
3 0 GIRT-19940120213 0
3 0 GIRT-19940120515 0
3 0 GIRT-19940121126 0
3 0 GIRT-19940121206 0
3 0 GIRT-19940195 0
3 0 GIRT-19940306 0
3 0 GIRT-19940401 0
3 0 GIRT-19940456 0
3 0 GIRT-19940470301 0
3 0 GIRT-19940470669 0
3 0 GIRT-19940470706 0
3 0 GIRT-19940470824 0
3 0 GIRT-19940470837 0
3 0 GIRT-19940471314 0
3 0 GIRT-19940480532 0
3 0 GIRT-19940480546 0
3 0 GIRT-19940550 0
3 0 GIRT-19940869 0
3 0 GIRT-19941289 0
3 0 GIRT-19941450 0
3 0 GIRT-19941659 0
3 0 GIRT-19941767 0
3 0 GIRT-19941851 0
3 0 GIRT-19942388 0
3 0 GIRT-19942492 0
3 0 GIRT-19943003 0
3 0 GIRT-19943255 0
3 0 GIRT-19943435 0
3 0 GIRT-19943548 0
3 0 GIRT-19945243 0
3 0 GIRT-19947492 0
3 0 GIRT-19947763 0
3 0 GIRT-19947833 0
3 0 GIRT-19949543 0
3 0 GIRT-19949628 0
3 0 GIRT-19950100196 0
3 0 GIRT-19950100428 0
3 0 GIRT-19950100680 0
3 0 GIRT-19950100695 0
3 0 GIRT-19950101604 0
3 0 GIRT-19950101622 0
3 0 GIRT-19950101701 0
3 0 GIRT-19950106225 0
3 0 GIRT-19950106409 0
3 0 GIRT-19950106425 0
3 0 GIRT-19950106625 0
3 0 GIRT-19950107795 0
3 0 GIRT-19950110197 0
3 0 GIRT-19950111531 0
3 0 GIRT-19950111532 0
3 0 GIRT-19950112185 0
3 0 GIRT-19950112241 0
3 0 GIRT-19950112531 0
3 0 GIRT-19950113236 0
3 0 GIRT-19950120220 0
3 0 GIRT-19950120227 0
3 0 GIRT-19950120249 0
3 0 GIRT-19950120541 0
3 0 GIRT-19950120627 0
3 0 GIRT-19950120887 0
3 0 GIRT-19950122238 0
3 0 GIRT-19950122358 0
3 0 GIRT-19950166 0
3 0 GIRT-19950185 0
3 0 GIRT-19950200114 0
3 0 GIRT-19950222 0
3 0 GIRT-19950410372 0
3 0 GIRT-19950410508 0
3 0 GIRT-19950410674 0
3 0 GIRT-19950410839 0
3 0 GIRT-19950410850 0
3 0 GIRT-19950411024 0
3 0 GIRT-19950600068 0
3 0 GIRT-19950600503 0
3 0 GIRT-19950600672 0
3 0 GIRT-19950600713 0
3 0 GIRT-19950600767 0
3 0 GIRT-19950701 0
3 0 GIRT-19950788 0
3 0 GIRT-19951058 0
3 0 GIRT-19952083 0
3 0 GIRT-19952270 0
3 0 GIRT-19952279 0
3 0 GIRT-19952426 0
3 0 GIRT-19952657 0
3 0 GIRT-19952799 0
3 0 GIRT-19952887 0
3 0 GIRT-19952939 0
3 0 GIRT-19955312 0
3 0 GIRT-19955601 0
3 0 GIRT-19955777 0
3 0 GIRT-19957205 0
3 0 GIRT-19957521 0
3 0 GIRT-19957582 0
3 0 GIRT-19957810 0
3 0 GIRT-19957815 0
3 0 GIRT-19958291 0
3 0 GIRT-19958296 0
3 0 GIRT-19958361 0
3 0 GIRT-19960051 0
3 0 GIRT-19960089 0
3 0 GIRT-19960092 0
3 0 GIRT-19960100073 0
3 0 GIRT-19960100444 0
3 0 GIRT-19960100602 0
3 0 GIRT-19960100737 0
3 0 GIRT-19960100744 0
3 0 GIRT-19960100766 0
3 0 GIRT-19960101009 0
3 0 GIRT-19960101012 0
3 0 GIRT-19960101091 0
3 0 GIRT-19960101206 0
3 0 GIRT-19960101227 0
3 0 GIRT-19960101291 0
3 0 GIRT-19960101467 0
3 0 GIRT-19960101599 0
3 0 GIRT-19960101930 0
3 0 GIRT-19960102236 0
3 0 GIRT-19960102378 0
3 0 GIRT-19960106481 0
3 0 GIRT-19960106487 0
3 0 GIRT-19960107790 0
3 0 GIRT-19960107823 0
3 0 GIRT-19960110017 0
3 0 GIRT-19960110028 0
3 0 GIRT-19960110053 0
3 0 GIRT-19960110203 0
3 0 GIRT-19960110325 0
3 0 GIRT-19960110365 0
3 0 GIRT-19960110497 0
3 0 GIRT-19960110577 0
3 0 GIRT-19960110587 0
3 0 GIRT-19960110652 0
3 0 GIRT-19960110710 0
3 0 GIRT-19960110764 0
3 0 GIRT-19960111043 0
3 0 GIRT-19960111094 0
3 0 GIRT-19960111114 0
3 0 GIRT-19960112190 0
3 0 GIRT-19960112260 0
3 0 GIRT-19960112301 0
3 0 GIRT-19960112750 0
3 0 GIRT-19960112770 0
3 0 GIRT-19960113021 0
3 0 GIRT-19960113030 0
3 0 GIRT-19960113034 0
3 0 GIRT-19960113105 0
3 0 GIRT-19960113137 0
3 0 GIRT-19960113337 0
3 0 GIRT-19960113359 0
3 0 GIRT-19960113360 0
3 0 GIRT-19960113513 0
3 0 GIRT-19960113724 0
3 0 GIRT-19960120528 0
3 0 GIRT-19960120644 0
3 0 GIRT-19960122112 0
3 0 GIRT-19960200286 0
3 0 GIRT-19960200373 0
3 0 GIRT-19960206 0
3 0 GIRT-19960400610 0
3 0 GIRT-19960400991 0
3 0 GIRT-19960502 0
3 0 GIRT-19960503 0
3 0 GIRT-19960504 0
3 0 GIRT-19960516 0
3 0 GIRT-19960542 0
3 0 GIRT-19960600805 0
3 0 GIRT-19960610094 0
3 0 GIRT-19960700 0
3 0 GIRT-19960880 0
3 0 GIRT-19960955 0
3 0 GIRT-19961165 0
3 0 GIRT-19961298 0
3 0 GIRT-19961612 0
3 0 GIRT-19961899 0
3 0 GIRT-19961911 0
3 0 GIRT-19962155 0
3 0 GIRT-19962222 0
3 0 GIRT-19962281 0
3 0 GIRT-19962702 0
3 0 GIRT-19963261 0
3 0 GIRT-19963306 0
3 0 GIRT-19963466 0
3 0 GIRT-19963501 0
3 0 GIRT-19963779 0
3 0 GIRT-19964146 0
3 0 GIRT-19964214 0
3 0 GIRT-19964864 0
3 0 GIRT-19965017 0
3 0 GIRT-19965288 0
3 0 GIRT-19965410 0
3 0 GIRT-19965500 0
3 0 GIRT-19965686 0
3 0 GIRT-19965706 0
3 0 GIRT-19968061 0
3 0 GIRT-19969318 0
3 0 GIRT-19969322 0
3 0 GIRT-19969385 0
3 0 GIRT-19969398 0
3 0 GIRT-19969569 0
3 0 GIRT-19969858 0
3 0 GIRT-19969965 0
3 0 GIRT-19969989 0
3 0 GIRT-19970100265 0
3 0 GIRT-19970100992 0
3 0 GIRT-19970101134 0
3 0 GIRT-19970101254 0
3 0 GIRT-19970101259 0
3 0 GIRT-19970107740 0
3 0 GIRT-19970110549 0
3 0 GIRT-19970110816 0
3 0 GIRT-19970110909 0
3 0 GIRT-19970111386 0
3 0 GIRT-19970111406 0
3 0 GIRT-19970111555 0
3 0 GIRT-19970111900 0
3 0 GIRT-19970112001 0
3 0 GIRT-19970112034 0
3 0 GIRT-19970112139 0
3 0 GIRT-19970112215 0
3 0 GIRT-19970112553 0
3 0 GIRT-19970112805 0
3 0 GIRT-19970112897 0
3 0 GIRT-19970113491 0
3 0 GIRT-19970120027 0
3 0 GIRT-19970120041 0
3 0 GIRT-19970120117 0
3 0 GIRT-19970120118 0
3 0 GIRT-19970120119 0
3 0 GIRT-19970120122 0
3 0 GIRT-19970120123 0
3 0 GIRT-19970120126 0
3 0 GIRT-19970120127 0
3 0 GIRT-19970120132 0
3 0 GIRT-19970120134 0
3 0 GIRT-19970120136 0
3 0 GIRT-19970120183 0
3 0 GIRT-19970200066 0
3 0 GIRT-19970400542 0
3 0 GIRT-19970400543 0
3 0 GIRT-19970400826 0
3 0 GIRT-19970401196 0
3 0 GIRT-19970401241 0
3 0 GIRT-19970401325 0
3 0 GIRT-19970401367 0
3 0 GIRT-19970401398 0
3 0 GIRT-19973246456 0
3 0 GIRT-19973338607 0
3 0 GIRT-19973341045 0
3 0 GIRT-19980100848 0
3 0 GIRT-19980107788 0
3 0 GIRT-19980110023 0
3 0 GIRT-19980110087 0
3 0 GIRT-19980110490 0
3 0 GIRT-19980111369 0
3 0 GIRT-19980111476 0
3 0 GIRT-19980111651 0
3 0 GIRT-19980200291 0
3 0 GIRT-19980200302 0
3 0 GIRT-19980400271 0
3 0 GIRT-19980400450 0
3 0 GIRT-19980400634 0
3 0 GIRT-19980400643 0
3 0 GIRT-19980400730 0
3 0 GIRT-19980400763 0
3 0 GIRT-19980400911 0
3 0 GIRT-19980403291 0
3 0 GIRT-19980403846 0
3 0 GIRT-19980404426 0
3 0 GIRT-19980404831 0
3 0 GIRT-19980405218 0
3 0 GIRT-19981700176 0
3 0 GIRT-19981700816 0
3 0 GIRT-19981701581 0
3 0 GIRT-19981701758 0
3 0 GIRT-19982803 0
3 0 GIRT-19990106199 0
3 0 GIRT-19990111121 0
3 0 GIRT-19990111510 0
3 0 GIRT-19990400638 0
3 0 GIRT-19992890 0
