71
1801
1648
882
thine
1488
1050
560
wherewithal
1387
512
1932
what
458
451
1785
1364
1250
1109
of
1630
695
978
1244
1638
will
742
much
325
29
neither
1233
1969
vis-a-vis
1810
part
540
1615
1162
58
can
where
1732
337
1546
340
76
311
1924
057
1214
1190
1660
495
1703
k
1123
upon
1816
only
very
me
1954
218
14
by
834
1608
usually
1216
621371
1903
007
1135
96
1068
1778
1667
1859
486
160
8
there
98
1278
1381
1000
43
everyone
047
1760
391
sometimes
1728
1887
1375
180
1585
410
1877
01
999
1180
430
thee
1446
1741
1767
1315
415
1688
1292
1356
into
480
438
1871
certain
87
good
tother
making
1458
1832
1336
221
till
39
1560
12
0001
6500
1762
1554
1844
1530
0012
734
1723
1
116
136
144
few
1580
whom
1440
1935
1471
1814
906
1349
1517
373
whichsoever
1975
205
22
1973
1991
should
1752
1576
301
yourselves
he
51
1622
1758
1260
456
1822
p
975
493
1708
1436
1911
1591
1677
1539
y
bar
less
1541
1390
272
1993
yours
1893
1646
1499
1469
534
746
400
pending
20
633
1372
1983
1977
1754
and
1669
1627
1825
w
1161
1285
1952
287
700
78
1927
1380
413
1442
1614
349
1743
1959
1525
1981
1208
138
1874
606
1803
1855
often
432
519
next
860
yourself
off
1567
17
1776
etc
1327
1274
110
333
1995
1601
toward
1656
323
1834
contain
1664
112
545
1684
262
1944
1220
212
1582
1599
anti
2900
make
1305
m
twain
themselves
1087
1662
nothing
170
1587
33
660
1921
1559
1793
7
others
1701
26
that
1860
1937
1901
264
3500
1885
359
182
1229
1817
108
604
556
b
232
477
some
with
671
1511
225
142
207
330
1510
48
360
1857
1605
wa
1907
1945
969
1988
plus
1946
766
510
non
against
1574
1579
yet
1508
1771
or
946
1485
128
1724
1520
oneself
303
250
else
per
outside
1765
fewer
whereas
1313
1617
490
1843
130
53
1465
1302
1913
1112
626
hisself
considering
1294
461
inside
1562
257
1358
1879
85
1824
between
1557
425
1869
539
781
276
you
both
ourself
1920
1831
1950
1698
520
1218
1404
55
e
1890
1543
although
1681
57
424
1625
1106
395
1836
89
175
somebody
1531
988
though
35
1841
1550
1882
1454
347
1421
all
434
aught
1476
whomso
1207
1584
1675
1577
1572
1318
1329
1764
1908
1589
1725
no
1098
1718
939
suchlike
1670
relate
465
202
1612
184
1189
776
1537
1748
1819
140
mine
1570
1984
1900
954
385
1359
1479
307
1671
154
including
479
1563
1462
1003
1378
thyself
unless
681
1054
go
1800
335
1717
itself
5
1634
ourselves
524
know
1957
1848
552
1867
780
mostly
1623
74
1666
890
440
230
1926
1289
299
115
377
notwithstanding
602
1694
1898
1787
behind
must
1350
1751
91
1240
214
1976
something
below
whoever
563
during
1650
1967
1865
1783
768
1928
1756
since
1636
self
68
1483
315
1827
338
1947
576
1347
1996
t
1504
25
1775
1415
1078
1265
544
other
whichever
1512
1644
1526
217
astride
122
628
281
1730
46
1316
1851
066
except
n
upper
630
997
36
1368
1655
1449
1943
132
1254
1791
1642
1649
another
1428
546
nobody
537
1798
save
himself
g
whomever
1632
1423
44
2152
1125
1687
1833
1564
1789
2240
529
1838
1773
yon
987
1324
397
1150
have
1096
1657
1535
besides
within
thou
459
1340
247
771
1753
2
401
808
1847
1797
1249
147
1914
973
somewhat
1705
1919
1938
1142
3000
whomsoever
319
opposite
1586
myself
1986
735
404
1922
they
1493
1813
1551
1668
1715
1613
i
ye
1710
1406
083
1133
5546
1905
1118
1575
117
1307
because
1812
1941
1769
worth
046
455
600
80
whatever
1875
336
457
1673
who
963
amongst
094
1721
1873
1431
92
1889
980
1596
1805
10
550
1164
1727
none
1081
do
1569
1736
995
towards
1225
290
149
210
1978
406
1640
173
66
all_the
19
365
1030
the
470
1524
1287
1895
1696
anybody
654
570
so
1880
252
3761
283
for
near
59
1998
1971
1367
1226
r
1949
1024
1744
491
1853
1863
1016
at
13
799
1170
1514
840
1647
1896
4500
1686
1515
1042
38
1955
1480
242
32
1588
118
206
959
1674
many
5516
1065
358
1659
1795
580
give
1020
84
194
them
1768
220
1312
you-all
846
used
31
1689
1989
1861
as_to
being
1553
she
nor
572
1654
various
when
15
527
431
1145
beneath
382
1870
62
1506
a
139
1472
1573
7958
1246
in
4000
876
1999
1792
036
1772
418
168
135
1518
145
1152
49
1876
627
1090
1759
1308
otherwise
1429
1974
hers
715
1934
1916
barring
0
1374
23
1722
1528
1692
950
1678
1845
1025
367
1886
1821
1972
1992
940
1842
1466
485
778
21
523
720
1270
460
on
1645
1389
453
1460
2500
1202
concerning
beside
1040
1755
1854
1232
835
1498
1267
1607
1386
z
113
1536
1639
152
1035
342
4187
295
341
1894
1056
1618
sundry
called
1215
64
1712
1473
312
1628
45
405
237
370
1963
1734
j
1733
416
about
down
380
100
300
1279
120
how
800
those
1321
their
496
605
1987
1779
1568
beyond
up
607
1807
1699
42
399
included
1820
1228
235
naught
1931
1811
436
048
94
1968
1802
816
1450
568
265
1700
which
386
1961
1457
200
own
525
idem
also
27
1621
028
161
1561
1902
1884
1866
2001
000
109
but
1858
1581
over
1239
1604
1507
aboard
later
kept
is
672
1181
1556
1809
197
1731
853
751
60
1500
1766
dont
1746
1400
circa
1980
4004
1676
911
like
907
past
001316
82
650
1154
1868
895
1763
69
1157
c
1910
1470
1878
1790
1690
especially
include
ha
79
1420
his
1982
126
excluding
1594
251
such_as
under
996
1533
1548
1840
across
through
while
483
947
256
everybody
1823
held
1540
1284
1661
1330
428
4840
take
1606
our
99
72
500
1496
its
1592
1221
1933
790
1757
1200
1682
yonder
1413
1122
1697
1598
1770
1856
1491
1804
263
632
991
we
to
931
50
476
1994
1519
1409
1626
wherewith
1716
293
an
1272
made
1781
1663
967
1683
1611
322
1382
1835
1452
1566
1815
709
whatall
28
40
310
192
v
1337
end
687
960
such
150
1707
7000
are
x
1892
1777
354
particular
without
than
9
1099
l
1965
1740
1600
34
become
90
1850
620
565
1346
my
1964
see
850
1547
1045
937
1619
16
921
1013
1490
994
1806
1738
611
1786
1849
849
amid
11
several
round
511
93
899
292
2000
114
either
1306
429
1939
1979
1328
1899
73
throughout
1929
1737
1948
3143
67
1962
1958
241
489
585
1609
1970
u
944
1080
1780
following
1864
280
273
1603
622
1881
1503
1509
1416
24
1936
1658
131
1643
1565
1558
whose
1796
after
1237
1635
1513
1872
355
159
5000
back
1633
1037
47
1942
as
1484
37
270
o
195
2005
1057
1706
1839
1788
d
1147
1960
162
1923
1441
1912
out
1399
334
versus
1027
1997
theirs
103
201
871
1680
1953
1826
266
1747
someone
1742
herself
820
underneath
1799
1624
1571
1695
1552
1194
97
41
1704
668
6400
52
1749
750
302
1451
1453
onto
whole
1534
1940
6000
082
1915
new
1641
616
640
83
enough
804
870
1384
1468
1726
1464
1818
1494
962
1085
1837
1714
143
1906
short
use
1403
1672
1685
alongside
1891
6
unlike
562
1304
1497
183
518
despite
minus
362
until
1711
1542
1593
478
excepting
384
1735
1720
1376
two
1888
if
18
912
him
785
1930
587
1167
1235
1595
each
190
95
1808
1750
1739
1610
your
551
00
0929
whatsoever
697
726
106
1966
65
1665
1909
261
it
067
1782
1093
81
321
792
624
1300
1199
86
371
1079
1248
059194
1590
1990
814
1652
1516
924
1412
1709
228
760
863
anything
531
s
345
1745
172
1297
1521
1862
721
1897
121
1066
1852
494
1505
us
1956
anyone
1137
253
448
that_is
via
1227
216
852
643
around
63
3600
1951
along
cannot
not
1637
1120
1475
1532
1794
1187
whosoever
1192
one
1784
879
q
1679
1830
1620
1444
1527
1883
from
1846
133
her
123
1925
2600
547
1538
1616
1583
1544
any
258
1422
1631
1828
56
more
amidst
54
1204
70
839
ilk
88
let
1578
30
before
this
466
regarding
75
618
1917
1829
among
1904
450
be
1761
1629
1918
1702
1455
1405
most
1713
1492
h
above
1729
f
1100
1377
1461
3
1774
146
356
1719
4
1985
1691
