### bzr hashcache v5
.bzrignore// 9be5eb8ee4d17d9ddbcef0173e16a4e1926b8624 10 1179336345 1179336345 6005857 64769 33204
log/.exists// da39a3ee5e6b4b0d3255bfef95601890afd80709 0 1179336325 1179336325 424533 64769 33204
Makefile.PL// 02e08fc0fde898defe371c7a19f441473535ecd5 703 1179338733 1179338733 6005852 64769 33204
lib/Asterisk/Store/Queue/Member.pm// ba7b6e74fa0288a94172959223f6460cbda6966a 5224 1179337907 1179337907 65359 64769 33204
TODO// 729c1ead5a987ecb00b78043b2f1339cdf4466d1 11 1179339836 1179339836 6005859 64769 33204
MANIFEST// dd34f66dd3ad11a1d46cc429e89156fc714e02e4 103 1179335872 1179335872 6005856 64769 33204
t/Asterisk-Store-Queue-Member.t// 0e2296b7cf34c32590875b9b5d3a929957f18eb7 1764 1179338260 1179338260 32650 64769 33204
README// 3bc25e75862fbe026bd7993674a79ebe52a21cc8 885 1179339824 1179339824 6005860 64769 33204
Changes// 378bab926da6830327aba85afe7aaa29e6028c2f 193 1179335872 1179335872 6005855 64769 33204
