  6.88418198  6.8972702  6.86739254  6.8038125  6.72434568  6.6480155
  6.58849001  6.55136538  6.53591347  6.54023361  6.56852627  6.63942289
  6.79346848  7.09529161  7.6236372  8.44442654  9.57149792  10.9336281
  12.3726435  13.684207  14.6836615  15.258112  15.3756189  15.0582294
  14.3530521  13.3279667  12.0850744  10.7636623  9.51532936  8.46255684
  7.66745472  7.12794685  6.79794979  6.61545849  6.52405691  6.4826231
  6.46568584  6.45943975  6.45723391  6.45623732  7.34263086  7.37118244
  7.31137085  7.18216801  7.02044344  6.86576557  6.74656487  6.67391157
  6.6441226  6.64763784  6.68087769  6.75847149  6.9230566  7.24765253
  7.82353306  8.72902584  9.98509407  11.5185461  13.1599493  14.688097
  15.9007502  16.6688442  16.9436836  16.72719  16.0447788  14.9490137
  13.5427971  11.986517  10.468132  9.15004158  8.12592506  7.41029024
  6.95877457  6.70093918  6.56773138  6.50578833  6.48013735  6.4706831
  6.46717596  6.46507168  8.1215353  8.17885971  8.07094383  7.83302593
  7.53452826  7.25052977  7.03518629  6.90898848  6.86229372  6.87019205
  6.91189861  6.98918772  7.13945675  7.43809032  7.98395872  8.86508369
  10.111907  11.6597395  13.3469276  14.9592524  16.29879  17.2341385
  17.7032242  17.6818295  17.1602325  16.1562347  14.7499666  13.0996618
  11.4130011  9.88711643  8.65369034  7.75723696  7.16919088  6.82082701
  6.63529158  6.54760122  6.51167727  6.498981  6.4939518  6.48946047
  9.30403996  9.41019821  9.23485661  8.83740139  8.33700657  7.86384916
  7.5125289  7.31838179  7.26152372  7.29056406  7.35381508  7.42773247
  7.53526258  7.74828053  8.16994667  8.89738846  9.97457123  11.3564024
  12.9076366  14.4440746  15.7939796  16.8394947  17.513092  17.7644405
  17.5403347  16.8057728  15.5911274  14.0221052  12.3016806  10.651083
  9.24462795  8.17166519  7.43644428  6.98496246  6.73920441  6.62372494
  6.57925558  6.56571054  6.55965233  6.55014277  10.9018269  11.0834436
  10.8271809  10.2239313  9.46056175  8.74382114  8.22559357  7.96259689
  7.91968918  8.00523186  8.11932087  8.19758224  8.23825836  8.30548
  8.50730324  8.95396805  9.70996761  10.7603073  12.0101471  13.3211727
  14.5630522  15.6442013  16.5012817  17.0635166  17.2331524  16.9108353
  16.0543194  14.7277946  13.1040487  11.415082  9.87939167  8.64338303
  7.75970745  7.2017045  6.89692831  6.7604475  6.71688461  6.71016407
  6.70519638  6.68562841  12.8092527  13.0965166  12.7601738  11.9266996
  10.8643503  9.87465  9.1822958  8.87221718  8.88963318  9.08883286
  9.30333805  9.41101551  9.3746624  9.24804878  9.14869595  9.20901012
  9.52457047  10.1202803  10.9494658  11.9253283  12.9633732  14.0033588
  14.9932566  15.8503151  16.4383907  16.5927811  16.1878872  15.2082081
  13.7772284  12.1245604  10.5091887  9.13936806  8.12530708  7.47663784
  7.13189316  6.99714279  6.9770484  6.99348974  6.99442196  6.95602942
  14.7915459  15.2115784  14.8161182  13.765358  12.4126768  11.1629086
  10.3231182  10.0122042  10.1541653  10.5397367  10.9211273  11.1032839
  11.0028887  10.6605473  10.2088203  9.81379223  9.61497116  9.68642998
  10.0323591  10.6138792  11.3859882  12.3154755  13.3630896  14.4420815
  15.3899002  15.9879065  16.0335197  15.4303436  14.2442789  12.6905136
  11.0573874  9.60856438  8.51130295  7.81510019  7.47329235  7.38338423
  7.42562723  7.49217939  7.50699854  7.43627405  16.5256901  17.0930252
  16.6782227  15.4661865  13.8850937  12.4364052  11.5085535  11.2574053
  11.5889997  12.230402  12.8475304  13.1636076  13.0400333  12.4990416
  11.6901226  10.8217573  10.0887671  9.62220573  9.47658348  9.65171528
  10.1284218  10.8888893  11.9024944  13.0846643  14.262599  15.1864986
  15.5997696  15.3405161  14.4189291  13.0238733  11.4534721  10.0086861
  8.90392971  8.22762012  7.95129204  7.96529627  8.1212759  8.27292728
  8.3117094  8.19075966  17.6869698  18.3943138  18.0093632  16.7267704
  15.024682  13.4771137  12.5394297  12.4029493  12.9644928  13.9002256
  14.799716  15.3071547  15.2240095  14.5462513  13.4348841  12.1411676
  10.919755  9.96177673  9.36841774  9.16647625  9.34650135  9.89192581
  10.7746372  11.9181309  13.1586294  14.2452955  14.9008808  14.9231014
  14.2733269  13.100523  11.6862555  10.3427782  9.31634235  8.7318573
  8.58382988  8.75919151  9.07846451  9.34872437  9.4202528  9.22969341
  18.0497837  18.8643036  18.554575  17.3074665  15.6157122  14.08708
  13.2164469  13.2231731  14.0074034  15.2194195  16.3988304  17.1284981
  17.1540794  16.4379044  15.1402235  13.5442724  11.9572124  10.6238117
  9.68255424  9.1737957  9.08306313  9.38393688  10.0480909  11.0160217
  12.1546154  13.2437735  14.0197792  14.2647667  13.8965693  13.0081835
  11.8358755  10.6758785  9.79130554  9.34289455  9.35567379  9.72028637
  10.2273741  10.6328096  10.7394199  10.4641724  17.5642262  18.4342327
  18.2318134  17.1199532  15.5672979  14.1692505  13.424222  13.5663004
  14.5113049  15.9153595  17.3067799  18.2392712  18.4192715  17.7745056
  16.4504719  14.7423153  12.9886637  11.467907  10.3370733  9.63351536
  9.32588673  9.37362957  9.75326633  10.4368887  11.3448839  12.3156605
  13.1252651  13.5563965  13.4827242  12.9240894  12.045907  11.1062689
  10.3748407  10.0506058  10.1990528  10.7252607  11.3971443  11.9220924
  12.0550642  11.6915665  16.3809834  17.2541218  17.1780109  16.2799721
  14.9709129  13.7905788  13.2041864  13.4433355  14.4472084  15.9072533
  17.3820992  18.4374542  18.7697945  18.2830315  17.0996208  15.5032463
  13.8321772  12.364748  11.2469311  10.4922829  10.043582  9.84952831
  9.90512466  10.2338848  10.8313322  11.6138268  12.4108114  13.0100718
  13.2350559  13.0178862  12.4358664  11.6956778  11.0685301  10.7951479
  10.9910555  11.5886374  12.347065  12.9379358  13.0766573  12.6382895
  14.8168049  15.6641397  15.7297297  15.0985394  14.1015635  13.1923637
  12.7744856  13.0600386  14.0117836  15.3750572  16.7722263  17.8215504
  18.2468185  17.9516373  17.0379982  15.7588558  14.4164295  13.2471962
  12.3493414  11.6895103  11.178688  10.764246  10.4784622  10.416914
  10.6664362  11.229907  11.9913321  12.739624  13.2416468  13.3352299
  13.0039387  12.3988237  11.7900009  11.4598236  11.5784283  12.1172104
  12.845624  13.4216862  13.53866  13.055975  13.2709332  14.1060877
  14.3367996  14.0029898  13.348196  12.7285013  12.4727907  12.7618113
  13.5750055  14.714488  15.8828363  16.7805824  17.195137  17.0608196
  16.4727936  15.6430693  14.8069687  14.11905  13.5946598  13.133996
  12.6151266  11.9968519  11.3665943  10.9062233  10.7991838  11.1312418
  11.8330002  12.6885595  13.4086294  13.7430601  13.5891047  13.0449362
  12.3751621  11.895319  11.8252325  12.1814079  12.7630501  13.2418194
  13.3122873  12.826726  12.1177006  12.999671  13.4307146  13.405611
  13.0871582  12.7431164  12.6331272  12.903574  13.5397043  14.388257
  15.2282305  15.8537626  16.1411057  16.0845757  15.7920408  15.4347715
  15.1623764  15.0198193  14.9169073  14.6790009  14.1575384  13.3363123
  12.3687382  11.5239487  11.0719795  11.1655397  11.7687006  12.6587811
  13.502389  13.9825983  13.9298811  13.3967915  12.6338911  11.9714813
  11.6628628  11.766777  12.1263466  12.4520693  12.4636698  12.0169315
  11.6085863  12.6230392  13.2907391  13.563755  13.5422573  13.4316015
  13.4436569  13.6972189  14.1725321  14.7386637  15.2292862  15.5224018
  15.5898447  15.5040703  15.4041338  15.4294538  15.6411591  15.9669037
  16.2082081  16.1232624  15.5516405  14.5142574  13.2305632  12.0416508
  11.2781878  11.1335192  11.5902004  12.4229555  13.2776403  13.8037024
  13.7927437  13.2615957  12.4351482  11.6331787  11.1176796  10.977603
  11.1048384  11.2654524  11.222682  10.8462467  11.8142509  13.0385017
  13.95749  14.4869299  14.6903715  14.7464571  14.8502579  15.1070929
  15.4843426  15.8474169  16.0511875  16.0292263  15.8348885  15.6205482
  15.5686235  15.8016996  16.3062725  16.9069271  17.3153172  17.2451248
  16.5443821  15.2790947  13.7234974  12.2616282  11.2476902  10.8839531
  11.1571007  11.8479948  12.6105957  13.098135  13.0937319  12.589468
  11.7735233  10.9298334  10.3023367  9.99261189  9.93660641  9.96120453
  9.88232613  9.59140491  12.6211863  14.0877228  15.2277584  15.932972
  16.2603226  16.3990421  16.5593243  16.8493671  17.2195072  17.507513
  17.5520611  17.3022861  16.8620644  16.4496498  16.2952499  16.5235786
  17.0743904  17.7018585  18.0618591  17.8539886  16.9539051  15.4731417
  13.7203245  12.0868587  10.9113359  10.3751507  10.4576874  10.9556322
  11.5572348  11.9518728  11.9402418  11.5003557  10.7771969  10.0007372
  9.37571716  8.99895954  8.83946133  8.77987766  8.68846607  8.48198986
  13.7765713  15.4529152  16.7315731  17.4986687  17.8340092  17.9682808
  18.151041  18.5060978  18.9650269  19.3199482  19.3601856  19.0085545
  18.3804722  17.7361736  17.3520603  17.3755646  17.7362213  18.1609192
  18.2897835  17.8366814  16.7152901  15.0731859  13.2275734  11.5435314
  10.3126955  9.67471027  9.59532738  9.89455891  10.3120461  10.5935497
  10.5741787  10.2268343  9.65341377  9.02321148  8.49122906  8.13732147
  7.95095348  7.85918808  7.77524662  7.64053965  14.9601841  16.7562943
  18.0578518  18.7668667  19.0086422  19.0724258  19.2568684  19.7055149
  20.3302326  20.8682346  21.0379467  20.7033482  19.9562721  19.0737438
  18.3736324  18.0448532  18.0435543  18.112381  17.9114819  17.1873436
  15.8893414  14.1822691  12.3653812  10.7524519  9.57082653  8.91048145
  8.72318172  8.85635471  9.10682678  9.28286552  9.26015091  9.01276016
  8.6054945  8.15132332  7.75609255  7.47773886  7.31573009  7.22844648
  7.16328049  7.08245564  15.8612804  17.661974  18.878334  19.4462299
  19.5454807  19.5215664  19.7137203  20.2786388  21.1075802  21.8841534
  22.2520542  22.0028343  21.1842422  20.0717163  19.0185566  18.2671967
  17.827776  17.491003  16.9606667  16.0213394  14.6451445  12.9909172
  11.3179722  9.87590122  8.82546425  8.21113205  7.97534609  7.99380875
  8.11694908  8.21032715  8.18771362  8.02779388  7.76752901  7.4750433
  7.21546316  7.02600956  6.90941525  6.84381008  6.79983854  6.75523281
  16.2462978  17.9529591  19.0273476  19.4470978  19.4368763  19.3748093
  19.6146793  20.3103542  21.332737  22.3249302  22.8722191  22.7038136
  21.823164  20.4966984  19.1059952  17.9474297  17.0950413  16.4011936
  15.6209745  14.5719032  13.2321234  11.7349491  10.2872438  9.07397652
  8.19846916  7.6713357  7.43254519  7.38441849  7.42195272  7.45668983
  7.43326759  7.33615017  7.18402767  7.01377726  6.86124659  6.74749184
  6.67510462  6.63336754  6.60716724  6.58449793  16.0085449  17.5698681
  18.5196648  18.8718548  18.8680096  18.8781433  19.2326984  20.062212
  21.2206879  22.3347778  22.9652309  22.8098335  21.846014  20.3336506
  18.6733932  17.202528  16.0482521  15.1171904  14.2081099  13.1606054
  11.9462061  10.6637793  9.46787357  8.48872375  7.78734016  7.35377026
  7.13128948  7.04520607  7.02445507  7.01426411  6.98210859  6.91822863
  6.83087015  6.73746204  6.6549592  6.59321737  6.55329752  6.5299716
  6.51590967  6.50515795  15.1886835  16.6069794  17.512022  17.9373169
  18.1027336  18.3226681  18.8645973  19.8171558  21.0252743  22.1297836
  22.7099857  22.4740047  21.4013481  19.7530727  17.9373093  16.3084469
  15.0196753  14.0076361  13.0962744  12.1354761  11.0859375  10.0163822
  9.04112434  8.25222683  7.68428755  7.31724548  7.10020876  6.97659206
  6.89993811  6.8395915  6.77998114  6.71712017  6.65424633  6.59737301
  6.5515995  6.51895857  6.49820137  6.48600006  6.47866154  6.47337532
  13.9538088  15.2665787  16.2277222  16.8695679  17.3537426  17.8992119
  18.6805611  19.7335701  20.9048538  21.8786907  22.2925472  21.9036655
  20.7204647  19.0128803  17.1842709  15.5789709  14.3424892  13.4098864
  12.6075859  11.7858047  10.897747  9.99572945  9.17272568  8.50075531
  8.00083923  7.64842987  7.39768076  7.2053957  7.04396725  6.90238047
  6.78020382  6.68039083  6.60449791  6.55111122  6.51638174  6.49532843
  6.48306894  6.47566271  6.4704895  6.46620512  12.5355053  13.7839441
  14.8726168  15.8162823  16.6967049  17.6181793  18.6513443  19.778532
  20.857729  21.6350594  21.8298302  21.2718487  20.0150337  18.3427639
  16.6442223  15.2324419  14.2173195  13.5048285  12.9040165  12.2581015
  11.5185404  10.7359676  9.99921513  9.37392044  8.87463474  8.47330093
  8.12681675  7.80315638  7.49347401  7.20866871  6.96692657  6.78133535
  6.6537466  6.57566738  6.53315592  6.51199102  6.50101614  6.49329519
  6.48570633  6.47772455  11.1506643  12.3517694  13.574872  14.810998
  16.0623283  17.3258495  18.5789337  19.7593937  20.7410946  21.3331242
  21.3373833  20.658287  19.39781  17.8534718  16.3969898  15.3017492
  14.6294775  14.243186  13.9234848  13.5018005  12.9299116  12.2632465
  11.5931854  10.982605  10.4392157  9.92901707  9.41047478  8.86554718
  8.31154251  7.79118586  7.35042953  7.01814222  6.79758024  6.67045212
  6.60776186  6.58059072  6.56693554  6.55402422  6.53728533  6.51755619
  9.94218731  11.0776196  12.3731823  13.8008556  15.3036041  16.8010979
  18.2054729  19.4250317  20.3473282  20.8291492  20.7350826  20.0272484
  18.845665  17.4992332  16.3449631  15.6223669  15.3510656  15.3552589
  15.3882017  15.2673998  14.940053  14.4592066  13.9099703  13.3430557
  12.7511673  12.0899839  11.3214674  10.450881  9.53678989  8.67061043
  7.93989086  7.39675283  7.04617071  6.85467482  6.76976776  6.73905754
  6.72282124  6.69883776  6.66092253  6.61361313  8.96426868  9.98935318
  11.2521439  12.7169285  14.2983561  15.8796587  17.3431263  18.5842743
  19.4982128  19.966053  19.8852901  19.2493267  18.2187672  17.1075554
  16.2628632  15.9048243  16.0311222  16.4468727  16.8906555  17.1672516
  17.2086182  17.0462704  16.7367859  16.2985306  15.6953154  14.8676596
  13.7864828  12.4950256  11.1133184  9.80182934  8.70512199  7.90598822
  7.4101963  7.16152048  7.07258654  7.05560303  7.04383707  7.00124502
  6.92115688  6.81701612  8.20718098  9.07296562  10.1951084  11.5419855
  13.0293608  14.5416031  15.962925  17.1908169  18.122715  18.644207
  18.6598644  18.1699505  17.3370075  16.4699879  15.907609  15.8647242
  16.341259  17.1498413  18.0335426  18.7889633  19.3214645  19.6185322
  19.6820583  19.4753876  18.9191208  17.9352798  16.5113106  14.7442722
  12.8349638  11.0305195  9.54446888  8.49483204  7.88534832  7.62797594
  7.58712864  7.62516356  7.6368041  7.567204  7.41220951  7.2033844
  7.63518381  8.31056309  9.21722603  10.3349371  11.5995798  12.9208393
  14.2053337  15.3630953  16.2934875  16.8782883  17.0169754  16.7026329
  16.0851154  15.4559288  15.139945  15.3527641  16.1136532  17.2645855
  18.5704327  19.8255424  20.902338  21.729887  22.2390041  22.3247414
  21.8575497  20.7415047  18.9878159  16.7582569  14.34517  12.0898628
  10.2780247  9.06189728  8.43808842  8.27719307  8.38159084  8.54796505
  8.61932087  8.51660061  8.24310398  7.86203575  7.21285868  7.69595003
  8.36196327  9.20332336  10.1820326  11.2410803  12.3168592  13.3375826
  14.2091894  14.8138733  15.0485897  14.8975668  14.4903479  14.0892677
  13.99473  14.4186945  15.4029627  16.8264484  18.4828148  20.1678677
  21.7225285  23.0194092  23.9226398  24.2654667  23.8755302  22.6456871
  20.6154804  18.0122299  15.2159786  12.6547947  10.6779156  9.4640398
  8.99552059  9.09282017  9.48385048  9.88436604  10.0721359  9.93820286
  9.49923325  8.86635494  6.91269302  7.22834778  7.67351866  8.25009346
  8.94225407  9.72202396  10.5527725  11.3821669  12.1294718  12.688343
  12.9645014  12.9401569  12.7240763  12.5422974  12.659955  13.2740593
  14.4385118  16.0596657  17.9525814  19.91259  21.7568321  23.3204384
  24.4280415  24.8799992  24.484724  23.137188  20.906168  18.073679
  15.0883636  12.4430962  10.531497  9.54540253  9.44477177  9.99333954
  10.8358088  11.5953274  11.9730129  11.8245058  11.1846399  10.2275667
  6.7116375  6.89971542  7.17078495  7.53141975  7.97972012  8.50690365
  9.09560108  9.7110014  10.2908506  10.7505674  11.0162401  11.0771418
  11.025857  11.0515976  11.3783627  12.1763725  13.4937897  15.2430725
  17.2419262  19.27742  21.152792  22.694334  23.7285271  24.0662308
  23.5308685  22.0367546  19.6794682  16.7764492  13.8158541  11.3250694
  9.71752739  9.18255424  9.65016174  10.8244762  12.2647886  13.4976063
  14.1418715  14.0138006  13.1676388  11.8488588  6.58703136  6.6891675
  6.83972025  7.04597425  7.31213665  7.63897467  8.02031326  8.43518353
  8.84111595  9.17997456  9.4041729  9.5163269  9.59908485  9.80991554
  10.33253  11.3032331  12.7478819  14.5623407  16.5461178  18.4685574
  20.1276627  21.3681698  22.0584049  22.0619698  21.2504959  19.5732574
  17.1478615  14.3056211  11.5439863  9.39484596  8.26795387  8.33589745
  9.49373531  11.3886013  13.5017529  15.2710886  16.2381954  16.179615
  15.1652231  13.5081263  6.51644945  6.56701136  6.64337158  6.75136375
  6.89623737  7.08175039  7.30693674  7.56057739  7.81755495  8.04444981
  8.21902847  8.35843468  8.54018116  8.89724255  9.57870579  10.6863136
  12.2150192  14.0305653  15.9022055  17.5772552  18.8551216  19.6161461
  19.7946033  19.3321629  18.1684036  16.2956123  13.8471718  11.1500311
  8.68684387  6.97071075  6.38984632  7.09007406  8.93094349  11.5125723
  14.2573719  16.5377502  17.836298  17.8960094  16.7942047  14.8938694
  6.48015547  6.50298643  6.53839588  6.59019947  6.66246128  6.75871372
  6.87976646  7.02053499  7.16869926  7.30970573  7.44072533  7.59017897
  7.83198118  8.28040123  9.0566597  10.2324104  11.7732821  13.5160484
  15.2031794  16.5659828  17.4114742  17.6596184  17.3121662  16.3892746
  14.8981209  12.8712578  10.4503489  7.94529629  5.80823898  4.51823902
  4.4304781  5.65929317  8.03407192  11.1262379  14.330369  16.9907093
  18.5625877  18.7692204  17.6854343  15.6949644  6.46326399  6.47267675
  6.48770285  6.51047802  6.54348278  6.58908367  6.64833498  6.71956158
  6.79844427  6.88227987  6.97996044  7.1254797  7.38752365  7.86414909
  8.65377617  9.80469799  11.2627888  12.8501177  14.3004341  15.3454599
  15.8070498  15.638442  14.8913527  13.6430807  11.9503326  9.87364483
  7.55434513  5.2768569  3.45286059  2.51717305  2.78480482  4.33873463
  6.98966742  10.3059559  13.6934366  16.5140438  18.2358475  18.5822697
  17.6173019  15.711832  6.45615625  6.45970249  6.46554279  6.47471809
  6.48851395  6.50823545  6.53471136  6.5678792  6.60755587  6.656919
  6.72967577  6.85951948  7.10663939  7.55261755  8.27576923  9.30764008
  10.5871572  11.9420586  13.1223793  13.881628  14.0643415  13.646102
  12.7023182  11.3358622  9.62648106  7.6459403  5.52617455  3.51939726
  1.98873305  1.31597078  1.77083886  3.40864396  6.03734303  9.25122547
  12.5072775  15.2299356  16.9394398  17.3811913  16.6039715  14.9361
  6.45344973  6.45467234  6.45675135  6.46013832  6.46541452  6.47321272
  6.48408318  6.49854755  6.51801825  6.54750013  6.60069561  6.70661831
  6.91401339  7.28695679  7.88506651  8.72842312  9.76031113  10.8323231
  11.73281  12.255538  12.2740583  11.7760458  10.8366375  9.5555582
  8.01138592  6.27194023  4.45171881  2.76454806  1.51715446  1.02999997
  1.5237776  3.03184152  5.37627316  8.2035141  11.053772  13.4476213
  14.9869156  15.4569216  14.8911066  13.5559921
