 -0.243054584 -0.243832901 -0.243719518 -0.242725432 -0.240947023 -0.238551646
 -0.23575294 -0.232781187 -0.229854256 -0.227154225 -0.224812731 -0.222906098
 -0.221459582 -0.220458984 -0.219867304 -0.219644949 -0.219771937 -0.220271215
 -0.221231699 -0.222828954 -0.225340053 -0.229147688 -0.234727815 -0.242615968
 -0.25334987 -0.267391115 -0.285035849 -0.306331068 -0.331017107 -0.358516276
 -0.387979358 -0.418385893 -0.448678225 -0.477894723 -0.505260527 -0.530208528
 -0.552318156 -0.571196795 -0.586345315 -0.597066402 -0.602464437 -0.601554394
 -0.593462348 -0.577663481 -0.55418551 -0.523710132 -0.487532169 -0.44737643
 -0.405112773 -0.362436146 -0.320584118 -0.28015393 -0.241051331 -0.202573538
 -0.16360198 -0.122863293 -0.0792120323 -0.0318933539  0.0192473177
  0.0736290887  0.129887909  0.18592304  0.239037752  0.286170483  0.324200183
  0.350299329  0.362292379  0.358967215  0.340283245  0.307432622 -0.257272393
 -0.258482516 -0.258322328 -0.256806761 -0.254082233 -0.250404954 -0.246103212
 -0.241532013 -0.237028271 -0.232874423 -0.229275137 -0.226348773 -0.224132374
 -0.222597569 -0.221673653 -0.221275166 -0.221331388 -0.221816137 -0.222775638
 -0.224352315 -0.226800144 -0.230487317 -0.235880494 -0.243506879 -0.253893077
 -0.267485648 -0.284564197 -0.305164754 -0.329034388 -0.355633587 -0.384195536
 -0.41383335 -0.443669528 -0.472950101 -0.501103044 -0.527714491 -0.55242455
 -0.574770868 -0.594039321 -0.609186053 -0.618877232 -0.621663034 -0.616253316
 -0.601822257 -0.578258336 -0.546278417 -0.50736469 -0.463530898 -0.416970819
 -0.369671255 -0.323079288 -0.277893543 -0.234017104 -0.190671161 -0.146635264
 -0.100561783 -0.0513049811  0.00178704422  0.0586569533  0.118422292
  0.179367736  0.239044011  0.294463843  0.342378348  0.379611194  0.403417408
  0.411827236  0.403924257  0.38001281  0.341635734 -0.277178586 -0.279005349
 -0.278790712 -0.276553422 -0.272508591 -0.267036051 -0.260624677 -0.253805101
 -0.247082829 -0.24088338 -0.235516384 -0.231161281 -0.227872893 -0.225602537
 -0.224229842 -0.223600253 -0.223564699 -0.224018186 -0.224934772 -0.226395249
 -0.228603661 -0.231887668 -0.236678958 -0.243470505 -0.252752781 -0.264935195
 -0.280266136 -0.298769116 -0.32021448 -0.344140172 -0.369924486 -0.396896541
 -0.424453348 -0.452144027 -0.479682237 -0.50686878 -0.533434212 -0.558846116
 -0.582149923 -0.601910233 -0.616306126 -0.623377681 -0.621382892 -0.609174192
 -0.586489379 -0.55407542 -0.513595998 -0.467341483 -0.417807817 -0.367243499
 -0.317268908 -0.268647939 -0.22125189 -0.17420961 -0.126200259 -0.0758226961
 -0.0219696034  0.0358568802  0.0973329172  0.161226898  0.2254439  0.287187427
  0.343216956  0.390170246  0.424920261  0.444927633  0.448551178  0.435275316
  0.405818194  0.362095624 -0.304051489 -0.306730092 -0.306459635 -0.303261131
 -0.297440201 -0.289542019 -0.280272365 -0.270400524 -0.260662675 -0.251681536
 -0.24391292 -0.237622663 -0.232891962 -0.229645044 -0.227691874 -0.226779133
 -0.226643726 -0.227063999 -0.227904677 -0.229150832 -0.230926231 -0.233491629
 -0.237219974 -0.242548496 -0.24991186 -0.259666473 -0.272020519 -0.286987394
 -0.304379553 -0.323850334 -0.344980896 -0.367388994 -0.390827596 -0.415227115
 -0.440653354 -0.467166126 -0.494607955 -0.522375464 -0.549255848 -0.573401034
 -0.592482328 -0.60401994 -0.6058231 -0.596431911 -0.575447381 -0.543653131
 -0.502888501 -0.455698311 -0.404841125 -0.352775067 -0.301235944 -0.250997931
 -0.201856196 -0.152819976 -0.102460884 -0.0493373573  0.0075904401
  0.0686280876  0.133146539  0.199536741  0.265315264  0.327356637  0.382215112
  0.426492393  0.45720908  0.472138554  0.470068663  0.450962722  0.415994406
  0.367450655 -0.339014918 -0.342831939 -0.342515916 -0.338086575 -0.329963177
 -0.318903953 -0.30589658 -0.292023271 -0.278324902 -0.265687168 -0.254763007
 -0.245937064 -0.239329204 -0.23482953 -0.232154772 -0.230916679 -0.230694145
 -0.231102154 -0.231851324 -0.232791558 -0.233934253 -0.235448703 -0.237631187
 -0.240850121 -0.245475233 -0.251804531 -0.260006189 -0.270092249 -0.281937331
 -0.295343757 -0.310141206 -0.32629174 -0.343960196 -0.363509953 -0.385396361
 -0.409960449 -0.437161833 -0.466321975 -0.495963871 -0.523827136 -0.547091067
 -0.562788069 -0.568321228 -0.561966658 -0.543229103 -0.512952328 -0.473149836
 -0.426591367 -0.376245469 -0.324710131 -0.273761034 -0.224111483 -0.175423086
 -0.126547277 -0.0759309828 -0.0220935363  0.0359235257  0.0982145295
  0.163830474  0.230782062  0.296212822  0.356705159  0.408665806  0.448734701
  0.474162072  0.483113557  0.474871725  0.449917853  0.409887344  0.357406855
 -0.382830232 -0.388118744 -0.387785763 -0.381842226 -0.370844156 -0.355812877
 -0.338088989 -0.319149971 -0.30042538 -0.283139884 -0.268204063 -0.256161183
 -0.247186631 -0.241130427 -0.237589791 -0.235999539 -0.235728666 -0.236173674
 -0.236838952 -0.237395301 -0.237709239 -0.237838268 -0.237992808 -0.238471717
 -0.239584744 -0.241580501 -0.244599149 -0.248667479 -0.253743321 -0.259804308
 -0.266959012 -0.27554369 -0.286161333 -0.299624026 -0.316781074 -0.338247001
 -0.364085674 -0.393532544 -0.4248496 -0.455388218 -0.481885403 -0.500955641
 -0.509681404 -0.506157875 -0.489861697 -0.461737037 -0.423976451 -0.379544407
 -0.331558764 -0.282677501 -0.234629825 -0.187987417 -0.142212674 -0.0959531516
 -0.0475045629  0.0046646744  0.061435394  0.122695647  0.187189654
  0.252574533  0.315663069  0.372801393  0.420313925  0.454945177  0.474235058
  0.476785958  0.462397307  0.432063252  0.387847245  0.332654476 -0.435673624
 -0.442801416 -0.442505002 -0.434774667 -0.420322269 -0.400480688 -0.377015203
 -0.351884305 -0.326995879 -0.303996861 -0.284123927 -0.26812607 -0.256256402
 -0.248321354 -0.243771583 -0.241818845 -0.241564095 -0.242123038 -0.242735595
 -0.24284631 -0.242145211 -0.240563691 -0.23822771 -0.235380217 -0.232292339
 -0.229187891 -0.226204351 -0.223406896 -0.220857844 -0.218727976 -0.217417061
 -0.217639759 -0.220429987 -0.227028728 -0.23864764 -0.256138146 -0.27963531
 -0.308271587 -0.340056509 -0.371995777 -0.400459528 -0.4217484 -0.432738572
 -0.431456953 -0.417441159 -0.391790807 -0.356890529 -0.315871298 -0.271939039
 -0.227730826 -0.184841543 -0.143620342 -0.103263967 -0.0621679425
 -0.0184444003  0.0295116063  0.0825249553  0.140305758  0.201332718
  0.262965471  0.321754247  0.373882383  0.415662289  0.443999887  0.456759989
  0.452989906  0.432984233  0.398201078  0.351059884  0.294656813 -0.496937275
 -0.506286919 -0.506111383 -0.496361941 -0.477918386 -0.452466488 -0.422261536
 -0.389825523 -0.357633591 -0.327840894 -0.302083522 -0.281369388 -0.266057462
 -0.25591132 -0.250209659 -0.247894093 -0.247736037 -0.2485037 -0.249110505
 -0.24872613 -0.246834978 -0.243234694 -0.237979338 -0.231283903 -0.223418027
 -0.214620546 -0.205063179 -0.19487977 -0.184258088 -0.173571184 -0.163505629
 -0.155134231 -0.149885491 -0.149377942 -0.155124456 -0.16815196 -0.188616976
 -0.215523377 -0.246639892 -0.278678626 -0.307734996 -0.329915345 -0.342023164
 -0.342142224 -0.329972297 -0.306830496 -0.275312245 -0.23869209 -0.200209722
 -0.162407398 -0.12666747 -0.093045257 -0.0604142211 -0.0268754736
  0.00967397727  0.050941024  0.0977287516  0.14961715  0.204884455
  0.260673523  0.313361228  0.359056413  0.394132614  0.415704191  0.421974629
  0.412412107  0.387747943  0.349818826  0.301297694  0.245364815 -0.565097034
 -0.577038586 -0.577101052 -0.565172613 -0.542301655 -0.510554433 -0.472728223
 -0.431978494 -0.391428471 -0.353823245 -0.321271867 -0.295098305 -0.275801033
 -0.263107717 -0.256104827 -0.253419876 -0.25343436 -0.254502296 -0.255148649
 -0.254221022 -0.250972718 -0.245067075 -0.236508653 -0.225524515 -0.212432429
 -0.197537482 -0.181091145 -0.163330004 -0.144586384 -0.125436932 -0.106836751
 -0.0901789293 -0.0772289559 -0.0699101686 -0.0699563697 -0.0784920081
 -0.0956343338 -0.120228127 -0.149810344 -0.180853277 -0.209269539 -0.23109287
 -0.243185624 -0.243811071 -0.232928783 -0.212133884 -0.184252396 -0.152685851
 -0.120663367 -0.0905740559 -0.0635285303 -0.0392361209 -0.0162080266
  0.00777729461  0.0350607932  0.0674778  0.10584905  0.149683148  0.197137788
  0.245235607  0.290284097  0.328413904  0.356134146  0.370808035  0.37097472
  0.356478125  0.328403473  0.288857311  0.240646183  0.186917618 -0.637685299
 -0.652541757 -0.652990341 -0.638824582 -0.611248612 -0.57271713 -0.526599228
 -0.476732939 -0.42695263 -0.380663186 -0.340514392 -0.30820328 -0.284406334
 -0.268829703 -0.26035586 -0.257262707 -0.257488787 -0.258913428 -0.259616405
 -0.258081049 -0.253309935 -0.244838044 -0.232650056 -0.217032671 -0.198408499
 -0.177205354 -0.153802738 -0.128573924 -0.102010936 -0.0748887509
 -0.0484039299 -0.0242214836 -0.0043765977  0.00898391567  0.0139923729
  0.00950838719 -0.00448210305 -0.0266316999 -0.0542505234 -0.0836158395
 -0.110539645 -0.131086797 -0.142290547 -0.142697394 -0.132606 -0.113937944
 -0.0897644237 -0.0636008903 -0.0386346094 -0.0170636084  0.00030853675
  0.0141430134  0.0263046529  0.0393434539  0.0558443591  0.0777871609
  0.106044978  0.140114009  0.178114876  0.217051551  0.253269911  0.283021122
  0.303023756  0.310925633  0.305592448  0.287189573  0.257065207  0.217480913
  0.171254277  0.121384956 -0.711390853 -0.729400992 -0.730406106 -0.714068532
 -0.681719244 -0.636185586 -0.581408918 -0.521929383 -0.462328672 -0.40672031
 -0.358349711 -0.319338888 -0.290583313 -0.271790057 -0.261637866 -0.258033514
 -0.258434147 -0.260197341 -0.260912985 -0.258668214 -0.252202958 -0.240935504
 -0.224864349 -0.204384908 -0.18008092 -0.152557179 -0.122365259 -0.0900434032
 -0.0562526323 -0.0219548028  0.011443303  0.0420553572  0.0676424131
  0.0859111696  0.0949406847  0.0936486498  0.0821817219  0.0621111728
  0.0363539755  0.00879517943 -0.0163350143 -0.0352085568 -0.0451089181
 -0.0449344888 -0.0353734381 -0.0186995771  0.00176687073  0.0224094782
  0.040102791  0.0528576896  0.0601852052  0.0631124303  0.0638640746
  0.0652977228  0.0702254996  0.0807692185  0.0978749171  0.121074729
  0.148526251  0.177309349  0.203909829  0.224793106  0.236957684  0.238371089
  0.228218481  0.206937805  0.176057503  0.137889534  0.0951519683
  0.0505947061 -0.782288373 -0.803569317 -0.805308759 -0.786999643 -0.750054896
 -0.697631538 -0.634210765 -0.565016687 -0.495379776 -0.430141836 -0.373177618
 -0.327075094 -0.292987823 -0.270654172 -0.258563995 -0.254250884 -0.25467357
 -0.256642848 -0.25723362 -0.254120201 -0.245778948 -0.231528372 -0.211414114
 -0.185984746 -0.156033128 -0.12238469 -0.0857956484 -0.0469867364
 -0.00678821746  0.0336678512  0.072796993  0.108537547  0.138503477
  0.160317659  0.17206867  0.172790036  0.162832543  0.144016817  0.119489923
  0.0932819769  0.0696321577  0.0522208102  0.0434757173  0.0441177525
  0.0530556887  0.0676647499  0.0843887776  0.0995273516  0.110029303
  0.114114538  0.111593127  0.103825666  0.0933526605  0.0832908973
  0.0766380131  0.0756321996  0.0812915713  0.0932112113  0.109640919
  0.127811581  0.144434363  0.156270772  0.160664141  0.155937716  0.141598582
  0.118324906  0.087763831  0.0521981679  0.014160227 -0.0239296015
 -0.846171379 -0.870686352 -0.873326898 -0.853378594 -0.812279344 -0.753446758
 -0.681832612 -0.60328728 -0.523849726 -0.449073076 -0.383466363 -0.330106258
 -0.290437996 -0.264266193 -0.249922886 -0.244589537 -0.244738057 -0.24663642
 -0.246846318 -0.242634237 -0.232225344 -0.214860007 -0.19066079 -0.160363153
 -0.125001535 -0.0856476128 -0.0432774611  0.00120389345  0.0468076952
  0.0922541469  0.135813072  0.175285727  0.208181351  0.232082292  0.245128065
  0.246501788  0.236784324  0.218059465  0.19370766  0.167897969  0.144869298
  0.128146246  0.119867995  0.120385118  0.128225297  0.140443221  0.153277919
  0.162969425  0.166550934  0.162442058  0.150719628  0.133026168  0.11215201
  0.0914032012  0.0738981739  0.061942637  0.0566003695  0.0575299896
  0.0631002933  0.0707413927  0.0774508789  0.0803500861  0.0771822259
  0.0666648299  0.0486416221  0.0240215622 -0.00546048628 -0.0375977531
 -0.0700972304 -0.100920238 -0.898945808 -0.926482856 -0.930159211 -0.909022093
 -0.8644678 -0.800084114 -0.721190274 -0.634162426 -0.545664907 -0.461902767
 -0.387989849 -0.327489704 -0.282160789 -0.251911223 -0.234960094 -0.228183806
 -0.227611423 -0.229007095 -0.228453815 -0.222841173 -0.210171357 -0.189633012
 -0.161448538 -0.126559243 -0.0862525329 -0.0418492854  0.00546146836
  0.054606121  0.104460962  0.153627038  0.200259492  0.242053732  0.276443064
  0.300993681  0.313914567  0.314551026  0.303719223  0.283766747  0.258304536
  0.231640622  0.208018363  0.190822765  0.181932405  0.181368724  0.187328428
  0.19659847  0.205261067  0.209531441  0.206541061  0.194897532  0.174907893
  0.148436964  0.118449979  0.0883598179  0.0613259748  0.0396530814  0.0244004
  0.0152622843  0.010721297  0.00842243899  0.00568130426  1.92323969E-05
 -0.0103783328 -0.0263622403 -0.0477250405 -0.073312588 -0.101301983
 -0.129573286 -0.156091899 -0.179223269 -0.937025547 -0.967193127 -0.971991658
 -0.950210571 -0.903136134 -0.834419131 -0.749614418 -0.655486703 -0.55919826
 -0.467504442 -0.386055112 -0.318869799 -0.26802358 -0.233562797 -0.213650271
 -0.204928517 -0.203061298 -0.2033858 -0.201576203 -0.194204316 -0.17909494
 -0.15541555 -0.123503901 -0.0845075846 -0.0399557389  0.0086033605
  0.0597970672  0.112416707  0.165239349  0.21678184  0.265116185  0.307858527
  0.342385948  0.366260082  0.377761781  0.37639302  0.363193423  0.340759575
  0.312921107  0.284119904  0.258612126  0.239667386  0.228944823  0.226192161
  0.22934027  0.234974518  0.239079773  0.237890393  0.228658289  0.210175633
  0.182950556  0.149017304  0.111445978  0.0736752748  0.0388219133
  0.00911018159 -0.0144739058 -0.0322539285 -0.0456696562 -0.0568790883
 -0.0682496205 -0.0818459839 -0.0990155637 -0.120146006 -0.144631758
 -0.171041191 -0.197435543 -0.221761301 -0.242229238 -0.257603019 -0.957678854
 -0.989920914 -0.995872557 -0.974060357 -0.92559737 -0.854080558 -0.765149951
 -0.66579026 -0.563496768 -0.465432584 -0.377676308 -0.304639548 -0.248696968
 -0.2100586 -0.186895117 -0.175706536 -0.171899304 -0.170495838 -0.166866213
 -0.157351509 -0.139661461 -0.112976179 -0.0777558386 -0.0353380144
  0.0125405593  0.0641483888  0.117977843  0.172733977  0.227139667
  0.279667437  0.328340828  0.370723188  0.404153377  0.42619583  0.435199618
  0.430807978  0.414260447  0.38837406  0.357171327  0.325210303  0.296757877
  0.274983913  0.261363924  0.255424261  0.254893154  0.25622198  0.255361229
  0.248615384  0.233390525  0.208675757  0.175169423  0.135043725  0.0914226547
  0.0477055907  0.00689174514 -0.0289540049 -0.0589971356 -0.0836517587
 -0.104342394 -0.123078786 -0.141943589 -0.162602141 -0.185931265 -0.211835802
 -0.239279538 -0.266512245 -0.291434735 -0.312016785 -0.326676548 -0.334546089
 -0.959279478 -0.992913961 -1. -0.978814602 -0.930242062 -0.85771209
 -0.766786814 -0.664482057 -0.558434129 -0.456037015 -0.363656402 -0.28600046
 -0.225702167 -0.183149621 -0.156585172 -0.142471299 -0.136088669 -0.132286564
 -0.126264423 -0.114243083 -0.0938931331 -0.0644443333 -0.0264784135
  0.0185085479  0.0686234236  0.122013323  0.177097335  0.232551619
  0.287095338  0.339200675  0.386879772  0.427675545  0.458912373  0.478171855
  0.483871281  0.475780964  0.45531106  0.425460994  0.39040333  0.354775757
  0.322830707  0.297631919  0.280484408  0.270725667  0.26592809  0.262465209
  0.256311357  0.243895724  0.222823784  0.192314133  0.153271973  0.108006492
  0.059676107  0.0116037363 -0.0333824605 -0.07344459 -0.10797666 -0.137565181
 -0.163700119 -0.188316464 -0.213272452 -0.23987627 -0.268555641 -0.298732221
 -0.328918338 -0.35700804 -0.380693167 -0.39791286 -0.407239646 -0.408125699
 -0.941433609 -0.975714266 -0.983890474 -0.964018464 -0.916713655 -0.845129788
 -0.754590869 -0.6519472 -0.544766128 -0.440474153 -0.345555574 -0.264894247
 -0.201317742 -0.155390665 -0.125485733 -0.108137764 -0.0986464098
 -0.0918474048 -0.082922779 -0.0680991337 -0.0450926982 -0.0132212359
  0.0268190987  0.0734150186  0.124579906  0.178408757  0.233314574
  0.288003057  0.341239542  0.391539872  0.43694669  0.475022852  0.503115892
  0.518853366  0.520735979  0.508655608  0.484167218  0.45040676  0.411639541
  0.372522384  0.337238878  0.308707476  0.288042516  0.274392962  0.265195608
  0.25678122  0.245194465  0.227042913  0.20018658  0.164126456  0.12002106
  0.0703505799  0.0183262918 -0.0328071676 -0.0804168656 -0.122937597
 -0.160057783 -0.19261688 -0.222259268 -0.250934511 -0.280358464 -0.311549842
 -0.344534993 -0.378276944 -0.410837591 -0.43973431 -0.462411016 -0.476724595
 -0.48134318 -0.475979269 -0.904983222 -0.939179003 -0.948414385 -0.930566847
 -0.88595587 -0.81736511 -0.729727805 -0.629537046 -0.524080932 -0.420610338
 -0.32554701 -0.243811518 -0.178344861 -0.129871741 -0.0969434306 -0.0762718394
 -0.0633216128 -0.0530797206 -0.0408703163 -0.023057064  0.00250969129
  0.0363882929  0.0777782351  0.124994837  0.176022992  0.228974581
  0.282318711  0.334841818  0.385398597  0.432589769  0.474533886  0.508864105
  0.533006132  0.544683576  0.542515814  0.526528239  0.498402148  0.46136269
  0.419697553  0.37799862  0.340296686  0.309289485  0.285843313  0.268883973
  0.255700588  0.242591798  0.225703731  0.201869562  0.169265404  0.127744168
  0.0787890702  0.0251183007 -0.0299500246 -0.0832154378 -0.132230952
 -0.175722957 -0.213719979 -0.247383639 -0.278598666 -0.309424281 -0.341529459
 -0.375730932 -0.411726683 -0.448073983 -0.482414275 -0.511893392 -0.533689559
 -0.545538843 -0.546150327 -0.535431147 -0.851892054 -0.885376871 -0.895705342
 -0.880622923 -0.840137959 -0.776584983 -0.694371164 -0.599456847 -0.498651981
 -0.398833096 -0.306177557 -0.225500226 -0.159764692 -0.10982611 -0.0744493678
 -0.0506150834 -0.0340876095 -0.0201613065 -0.00445476873  0.0164049603
  0.0443513505  0.0797849521  0.121812619  0.168722376  0.218529671
  0.269422174  0.319973588  0.369088799  0.415743321  0.458657265  0.496070862
  0.525749564  0.545268893  0.552520752  0.546301901  0.526801527  0.49582085
  0.456629276  0.413457632  0.370731115  0.332217664  0.300288886  0.275473893
  0.256408244  0.240193725  0.223084688  0.201342836  0.172066465  0.133808285
  0.0868503079  0.0330877416 -0.0244347174 -0.0822114795 -0.137022808
 -0.186568618 -0.229857117 -0.267277569 -0.300362676 -0.331310183 -0.36237821
 -0.395287454 -0.430752903 -0.468237817 -0.505974472 -0.541245103 -0.570861697
 -0.591747165 -0.601499319 -0.598823905 -0.583757639 -0.785043776 -0.817386448
 -0.828960836 -0.817425251 -0.782467008 -0.72590667 -0.651513159 -0.564562857
 -0.471215069 -0.377794951 -0.290072083 -0.212621763 -0.148339882 -0.0981761143
 -0.0611287244 -0.0345208421 -0.0145298569  0.0031082416  0.0223476626
  0.046188578  0.0762762278  0.112825558  0.154862151  0.200683266  0.2483816
  0.296262294  0.343033463  0.387736708  0.429484159  0.4671413  0.499114692
  0.523370147  0.537718594  0.540311456  0.530200958  0.507788181  0.475000829
  0.435112298  0.392215043  0.350457162  0.313217849  0.282419384  0.25814411
  0.238651752  0.220798731  0.200766712  0.174934253  0.140692994  0.0970253646
  0.0447157025 -0.0138415145 -0.0751814023 -0.135519832 -0.191537932
 -0.241022572 -0.283228874 -0.318900436 -0.349963725 -0.378978908 -0.408476114
 -0.440318465 -0.475221813 -0.512521744 -0.550229192 -0.585357964 -0.614455938
 -0.634231746 -0.642151773 -0.636890709 -0.618552804 -0.707989395 -0.739028752
 -0.752167702 -0.745009959 -0.716911733 -0.66912806 -0.60469836 -0.528096318
 -0.444694877 -0.360126704 -0.279621482 -0.207403883 -0.146224707 -0.0970910937
 -0.0592441261 -0.0304006618 -0.00723649608  0.0139667029  0.0366326123
  0.0633028746  0.0952799916  0.132573158  0.174135268  0.218300104  0.26326704
  0.307480097  0.34978956  0.38937223  0.425476938  0.457128316  0.482939571
  0.501145661  0.509885967  0.507672369  0.493903011  0.469252199  0.4357903
  0.39676255  0.356046557  0.317404032  0.283700287  0.256283253  0.234677374
  0.216678128  0.198835373  0.177224815  0.148334458  0.10986644  0.0612704307
  0.00388895418 -0.0593146048 -0.124376394 -0.18715167 -0.244143933
 -0.293158442 -0.33364448 -0.366668433 -0.39454338 -0.420211494 -0.446521163
 -0.475550413 -0.508110166 -0.543518722 -0.579683006 -0.613461733 -0.64123559
 -0.659567475 -0.665823281 -0.658634901 -0.638121128 -0.624680579 -0.654573321
 -0.669788241 -0.667886376 -0.647876322 -0.610402107 -0.557707608 -0.4933801
 -0.421912462 -0.348149657 -0.276692331 -0.211338565 -0.154638112 -0.107627489
 -0.0697917193 -0.0392731242 -0.0133011248  0.0112286499  0.0371401832
  0.066460751  0.100115046  0.137895077  0.178689063  0.220882788  0.262795866
  0.303012401  0.340513051  0.37458998  0.404612869  0.429767847  0.448906034
  0.460594863  0.463390619  0.456266493  0.439058512  0.412778705  0.379664063
  0.342908949  0.306111634  0.272552609  0.244474888  0.222544521  0.205635309
  0.191006586  0.174853221  0.153118074  0.12238957  0.0806848928  0.0279369242
 -0.0339281969 -0.101343229 -0.169801056 -0.234743372 -0.292436481 -0.340640932
 -0.378939331 -0.40866828 -0.432490051 -0.453714252 -0.475520611 -0.500246286
 -0.528872907 -0.560803592 -0.593960702 -0.625173151 -0.650768518 -0.667252719
 -0.671942115 -0.663429737 -0.641806722 -0.53922689 -0.568457484 -0.586447418
 -0.590701222 -0.579851329 -0.553892612 -0.514227211 -0.463507742 -0.405299991
 -0.343616873 -0.282390147 -0.224957287 -0.17364268 -0.129498452 -0.0922543555
 -0.0604926795 -0.0320236571 -0.00439104252  0.0245964061  0.0564255603
  0.0916304439  0.129785284  0.169721097  0.209884062  0.248713762  0.284920752
  0.317589134  0.346093893  0.369897157  0.388337404  0.400520712  0.405395627
  0.402010024  0.389884025  0.369373441  0.341886729  0.309853613  0.276405901
  0.244816706  0.217817828  0.196953297  0.182136521  0.171533763  0.161830142
  0.148844182  0.12837559  0.0971075296  0.0533650443 -0.00244707009
 -0.0678334758 -0.138636336 -0.209810853 -0.276377499 -0.334339231 -0.381367445
 -0.417118311 -0.443131298 -0.462353528 -0.478411943 -0.494794101 -0.514106393
 -0.537548959 -0.564692914 -0.593586445 -0.621151507 -0.643783033 -0.658028841
 -0.661218405 -0.651924133 -0.63017875 -0.455698013 -0.485044271 -0.506651282
 -0.517927527 -0.51708889 -0.503445327 -0.477532297 -0.441054434 -0.396648914
 -0.347503573 -0.296892315 -0.24770458 -0.202049091 -0.16100131 -0.124540769
 -0.0916947201 -0.0608584061 -0.030227216  0.00175614969  0.0360415392
  0.0727802962  0.111341089  0.150509372  0.188796446  0.224755377  0.257202893
  0.2852934  0.308443964  0.326174051  0.337951362  0.343138933  0.341091514
  0.331396043  0.314179093  0.290374011  0.261831462  0.231197134  0.201538891
  0.175784677  0.156085983  0.143257231  0.136437804  0.13308014  0.129302323
  0.120561644  0.102527738  0.0719795227  0.027530944 -0.0299820509
 -0.0975539684 -0.170504242 -0.243314341 -0.310629368 -0.368205994 -0.413609207
 -0.446518272 -0.468600333 -0.483000815 -0.493582755 -0.504081309 -0.517346621
 -0.534811974 -0.556272686 -0.579992115 -0.603095114 -0.622156739 -0.633864701
 -0.635629237 -0.626029134 -0.605021238 -0.377980232 -0.40843308 -0.434557438
 -0.45360288 -0.463318914 -0.46230194 -0.450215399 -0.427836329 -0.396914065
 -0.359866142 -0.319368452 -0.277918249 -0.237454563 -0.199106649 -0.163119689
 -0.1289666 -0.0956168845 -0.061897818 -0.0268607549  0.00993585121
  0.0482897647  0.0873903409  0.125996828  0.16269578  0.196149409  0.22526224
  0.249227226  0.267465472  0.279512823  0.284934014  0.283328235  0.2744537
  0.258447081  0.236063421  0.208839267  0.179090649  0.149695039  0.123667389
  0.103597336  0.0910680443  0.08618588  0.0873525888  0.0913566351
  0.0938070044  0.0898542181  0.0750757456  0.0463544652  0.00256377389
 -0.0550982766 -0.123218797 -0.196715549 -0.269716948 -0.336591989 -0.392912924
 -0.436151356 -0.465974182 -0.484099686 -0.49377054 -0.498980463 -0.503621519
 -0.510727406 -0.521946847 -0.537323177 -0.555396557 -0.57358104 -0.588726461
 -0.597747505 -0.598199844 -0.58869952 -0.569123566 -0.309671402 -0.342317641
 -0.373797297 -0.401124299 -0.421530575 -0.43288061 -0.433983892 -0.424741924
 -0.406095594 -0.379787832 -0.347997576 -0.312924087 -0.276413649 -0.239704117
 -0.203334525 -0.167226404 -0.130904883 -0.0937941745 -0.0555085838
 -0.0160656124  0.0240275376  0.0638231039  0.10208758  0.137503475
  0.168849498  0.195110664  0.215498269  0.22940506  0.236344486  0.235935345
  0.227971435  0.212577045  0.190408632  0.162827492  0.131960019  0.100583062
  0.071813032  0.0486305468  0.0333239026  0.0269618556  0.0290185492
  0.0372509956  0.0478882827  0.0561350547  0.0569252446  0.0458036847
  0.0197717492 -0.0220766626 -0.0782750845 -0.145140618 -0.217354149
 -0.288857698 -0.353888303 -0.407933056 -0.448411942 -0.474960238 -0.489276111
 -0.494593441 -0.494915664 -0.494179606 -0.495517492 -0.500744998 -0.510146737
 -0.522569478 -0.535772979 -0.546951652 -0.55331552 -0.552619636 -0.543550372
 -0.525910378 -0.25398764 -0.289868087 -0.327338696 -0.363098234 -0.393819213
 -0.416634291 -0.4295443 -0.431658208 -0.423220396 -0.405428857 -0.380097508
 -0.349249989 -0.314742178 -0.277994215 -0.23988004 -0.200778753 -0.160750449
 -0.119772464 -0.0779630989 -0.0357323326  0.00617350359  0.0467299223
  0.0847608  0.119082794  0.148616612  0.172438428  0.189774543  0.199969813
  0.202480599  0.196930349  0.183245316  0.16184555  0.133835346  0.101114802
  0.0663462803  0.032734219  0.00362744811 -0.0180008672 -0.0301046465
 -0.032035742 -0.0248311646 -0.0112369703  0.00456596166  0.0175192934
  0.0224568099  0.0149644138 -0.00782035571 -0.0466295853 -0.0998372212
 -0.163650975 -0.232705444 -0.300951689 -0.362666547 -0.413376331 -0.450511783
 -0.473673463 -0.484477848 -0.486046642 -0.482270151 -0.477008969 -0.473392516
 -0.473333776 -0.47732538 -0.484520525 -0.493050247 -0.500494123 -0.504402816
 -0.502771616 -0.494385958 -0.478989035 -0.213646635 -0.253610134 -0.297366679
 -0.341231316 -0.381295532 -0.4139902 -0.436582506 -0.447502583 -0.446438551
 -0.434195727 -0.412375003 -0.382964283 -0.347945333 -0.309006721 -0.267408848
 -0.224002793 -0.179363936 -0.133974999 -0.08839003 -0.0433322676
  0.000294855825  0.0414676927  0.0791368112  0.112311326  0.14009957
  0.16170159  0.176374227  0.183411643  0.182185814  0.172272459  0.153652936
  0.1269456  0.0935931578  0.0559274517  0.0170551799 -0.0194530915
 -0.0500358045 -0.0717001185 -0.0825656578 -0.082284525 -0.072250329
 -0.0555377714 -0.0365597755 -0.0204747263 -0.0124202128 -0.0166900232
 -0.0359934159 -0.0709390864 -0.119856104 -0.179008514 -0.243181676
 -0.306536525 -0.363568246 -0.409975111 -0.443271786 -0.463032752 -0.470744163
 -0.469324291 -0.462436587 -0.453748018 -0.446280807 -0.44196555 -0.441450596
 -0.444170713 -0.448625118 -0.452791989 -0.454583824 -0.452260703 -0.44473061
 -0.431697607 -0.190703556 -0.235278413 -0.285164505 -0.33624813 -0.384051561
 -0.424368203 -0.453842193 -0.470368028 -0.47323826 -0.463031948 -0.441296756
 -0.41012761 -0.371752501 -0.328217894 -0.281224668 -0.232113764 -0.181957424
 -0.131692901 -0.0822355151 -0.0345321894  0.0104511157  0.0517847948
  0.0886317715  0.120269641  0.146059439  0.165376753  0.177544147  0.181817502
  0.177468613  0.163975567  0.141290158  0.110113487  0.0720923468
  0.0298525523 -0.0131759234 -0.053141892 -0.0863067433 -0.109634832
 -0.121329352 -0.121210419 -0.110858805 -0.093489483 -0.0735608563
 -0.0561653487 -0.0462845191 -0.0480168425 -0.063905336 -0.0944854319
 -0.13815029 -0.191375166 -0.249277011 -0.306410879 -0.357654065 -0.399001211
 -0.428122044 -0.444580734 -0.449699074 -0.446119606 -0.437183589 -0.426263422
 -0.416179538 -0.408799887 -0.404868186 -0.404058635 -0.405214548 -0.406700939
 -0.40679267 -0.404023737 -0.397441477 -0.386733234 -0.186337337 -0.235641122
 -0.290991396 -0.347833991 -0.401172906 -0.446270823 -0.479293734 -0.497768372
 -0.500767469 -0.488812536 -0.46355325 -0.42732659 -0.382716388 -0.332208782
 -0.27799511 -0.221919999 -0.165531501 -0.110167429 -0.057024613 -0.00717673916
  0.0384518057  0.0791279152  0.114323199  0.143670604  0.166860372
  0.183508515  0.193052039  0.194735542  0.187727138  0.171366408  0.145493463
  0.11077331  0.0689109266  0.0226724856 -0.0243286937 -0.0680646524
 -0.104670107 -0.131054297 -0.145429671 -0.147656173 -0.139337152 -0.123647034
 -0.104913466 -0.0880111158 -0.0776529163 -0.0776794404 -0.0904593319
 -0.116500877 -0.154354274 -0.200833872 -0.251535207 -0.301555514 -0.346284628
 -0.382113487 -0.40692693 -0.420296729 -0.423359573 -0.418432474 -0.408466548
 -0.396462917 -0.384964824 -0.375708699 -0.369473428 -0.366123587 -0.364807278
 -0.364248723 -0.36306873 -0.36007151 -0.354453295 -0.345907182 -0.200615883
 -0.254320741 -0.313973784 -0.374608427 -0.430804491 -0.477438509 -0.510375261
 -0.526960194 -0.526225448 -0.508797228 -0.476565599 -0.43222338 -0.378798902
 -0.319281459 -0.256386817 -0.192467093 -0.129516244 -0.0692130402
 -0.0129500721  0.0381727889  0.0833800212  0.12223947  0.154627591
  0.180619046  0.200310066  0.213623449  0.220165759  0.219206601  0.209819853
  0.191180333  0.162948802  0.125645578  0.0808938295  0.0314462781
 -0.0190459639 -0.0664928555 -0.10696689 -0.137326509 -0.155736879 -0.161990374
 -0.157571539 -0.145458981 -0.12970154 -0.114832081 -0.105206937 -0.104363821
 -0.114494994 -0.136119008 -0.168012083 -0.207418308 -0.250511587 -0.293029159
 -0.330958962 -0.361153066 -0.381751537 -0.392348707 -0.393888175 -0.388335228
 -0.378212124 -0.366102517 -0.354222506 -0.344125897 -0.336576372 -0.331580192
 -0.328546107 -0.326520413 -0.324443161 -0.321376503 -0.316669255 -0.310040325
 -0.232298478 -0.289658397 -0.352047592 -0.414155155 -0.470269471 -0.515058041
 -0.544281185 -0.555296779 -0.547269404 -0.521073699 -0.47895053 -0.424031317
 -0.359847009 -0.289922595 -0.217509717 -0.145452023 -0.0761457607
 -0.0115410741  0.0468636192  0.0980441943  0.141476482  0.17712456
  0.205353454  0.226751283  0.241882086  0.251031578  0.254025728  0.250198781
  0.238552451  0.218088984  0.188245654  0.149313509  0.102716133  0.0510539897
 -0.00212252 -0.0527775958 -0.0969975144 -0.131613493 -0.154713959 -0.165949002
 -0.166579321 -0.159272656 -0.147690445 -0.135936901 -0.127954662 -0.1269532
 -0.134952068 -0.152506262 -0.178658441 -0.21112965 -0.246719733 -0.281847358
 -0.31313321 -0.337915182 -0.3546049 -0.362826943 -0.363333642 -0.357733876
 -0.348111242 -0.336616367 -0.325116277 -0.314953208 -0.306840062 -0.300884724
 -0.296714693 -0.293660015 -0.290950596 -0.287889957 -0.283979595 -0.278981298
 -0.278745174 -0.338682353 -0.401996225 -0.463134915 -0.516255617 -0.556012273
 -0.578263462 -0.580565691 -0.562369168 -0.524909317 -0.470853597 -0.40381512
 -0.327844799 -0.2470029 -0.165054783 -0.0852944776 -0.0104587404  0.0573125407
  0.116508573  0.166277811  0.206437424  0.237422943  0.260145217  0.275747299
  0.285295248  0.289469093  0.288348794  0.281369865  0.267491549  0.245557785
  0.214767516  0.175133228  0.12779431  0.0750890598  0.0203475207
 -0.0325587541 -0.0798118785 -0.118259445 -0.145913824 -0.162246823
 -0.168235868 -0.166168794 -0.159257233 -0.15113081 -0.145293504 -0.144621089
 -0.15096873 -0.164941505 -0.185860351 -0.211927548 -0.240563676 -0.268857151
 -0.294044852 -0.313935995 -0.327204287 -0.333503634 -0.333401561 -0.328163952
 -0.319450229 -0.308990121 -0.298305631 -0.288521528 -0.280282587 -0.273771554
 -0.268802613 -0.264957488 -0.261729747 -0.258649528 -0.255370229 -0.251710236
 -0.335998058 -0.397235006 -0.459625065 -0.517502189 -0.56506753 -0.597155929
 -0.609913707 -0.601256847 -0.571040869 -0.520935059 -0.45406583 -0.374526113
 -0.28686291 -0.195629597 -0.105049476 -0.0187970754  0.0601330176  0.129502848
  0.187883317  0.234681994  0.270125538  0.295164645  0.311275035  0.320156187
  0.323367745  0.321982682  0.316344798  0.306016624  0.289950907  0.266866237
  0.235741302  0.196300149  0.14935489  0.096909292  0.041981373 -0.0118166432
 -0.0608461984 -0.102029704 -0.133333445 -0.154054642 -0.164872527 -0.167674378
 -0.16520533 -0.160614341 -0.156972229 -0.156834036 -0.161902413 -0.172834888
 -0.189216509 -0.209697351 -0.232269004 -0.254629642 -0.274572611 -0.290327996
 -0.300798774 -0.305656016 -0.305291146 -0.300650924 -0.293003619 -0.283690959
 -0.273916453 -0.264602184 -0.256326646 -0.249337494 -0.24361822 -0.238982767
 -0.235172331 -0.231935173 -0.229078189 -0.226488099 -0.399067551 -0.460284084
 -0.520085514 -0.572832108 -0.612937033 -0.635592103 -0.637387156 -0.616717577
 -0.573916435 -0.511113048 -0.431876659 -0.340734094 -0.242661208 -0.142623842
 -0.0452144071  0.0456089862  0.126693696  0.195803523  0.251680017
  0.294058174  0.323612988  0.341815621  0.350679994  0.352413267  0.34901619
  0.341910779  0.331687063  0.318044454  0.299965382  0.27609387  0.245236099
  0.206856593  0.161441565  0.110628672  0.0570655465  0.00403119205
 -0.0450915545 -0.0873682499 -0.12077184 -0.144461915 -0.158845782 -0.165432096
 -0.16652365 -0.16481784 -0.162984848 -0.163287446 -0.167291448 -0.175700352
 -0.188329101 -0.204213351 -0.221830696 -0.239392743 -0.255155236 -0.267690182
 -0.276076198 -0.279978275 -0.279617488 -0.275650591 -0.268997401 -0.260658681
 -0.25156188 -0.242458656 -0.233881176 -0.226150945 -0.219422042 -0.21373868
 -0.209088698 -0.205441147 -0.202763587 -0.20102182 -0.46241346 -0.522402048
 -0.578331947 -0.624728143 -0.656364262 -0.668923557 -0.659546435 -0.627171278
 -0.572626531 -0.498473585 -0.408661842 -0.308063686 -0.201979116 -0.095673874
  0.00600790046  0.0989403352  0.179925114  0.246825919  0.298632443
  0.335450977  0.358409613  0.369461238  0.371083468  0.365894914  0.356237471
  0.343801022  0.329372615  0.312783539  0.293079376  0.268891186  0.238924652
  0.202449635  0.159666702  0.111855917  0.0612722039  0.0108121941
 -0.0364606827 -0.0778240934 -0.11132431 -0.136044964 -0.152178809 -0.160911784
 -0.164161667 -0.164232224 -0.163446933 -0.163818166 -0.166794747 -0.173114985
 -0.182776749 -0.195119828 -0.209000081 -0.223021775 -0.235784754 -0.246103629
 -0.253162473 -0.256585628 -0.256423414 -0.253069878 -0.247142017 -0.239353016
 -0.230406612 -0.220929548 -0.211444348 -0.202374682 -0.194067582 -0.186816826
 -0.180874974 -0.17644918 -0.173683047 -0.172632545 -0.520555735 -0.578352213
 -0.629651427 -0.669267952 -0.692446709 -0.695446432 -0.676002383 -0.633596718
 -0.569509864 -0.486657768 -0.389262557 -0.282418221 -0.171616271 -0.0622864477
  0.0406087525  0.132901281  0.211459458  0.274336278  0.32082656  0.351422489
  0.367672145  0.371929854  0.367019564  0.355832845  0.340915561  0.324111521
  0.30633381  0.287524074  0.266820848  0.242910534  0.214487761  0.180717602
  0.141587645  0.0980644897  0.0520195104  0.005945893 -0.0374586247
 -0.0757457837 -0.107106209 -0.130622596 -0.146350771 -0.155233786 -0.15888533
 -0.15929468 -0.158509195 -0.158343792 -0.160155103 -0.164704606 -0.172120854
 -0.181957349 -0.193328813 -0.205097988 -0.216077507 -0.225211412 -0.231707245
 -0.235103115 -0.235269129 -0.232357532 -0.226724565 -0.218849167 -0.209268332
 -0.198539063 -0.187225536 -0.1759011 -0.165150613 -0.155559972 -0.147686034
 -0.142008096 -0.138870925 -0.138433203 -0.568717241 -0.623685539 -0.670180202
 -0.703405201 -0.719143808 -0.714255035 -0.687047303 -0.637484252 -0.56719929
 -0.479336917 -0.378251702 -0.269110233 -0.157445759 -0.0487065203
  0.0521627031  0.141074643  0.215064079  0.272444516  0.312844336  0.337124944
  0.34718439  0.345663905  0.335582703  0.319938332  0.301320106  0.2815938
  0.261712939  0.241700009  0.220811799  0.19786036  0.171627641  0.141279757
  0.10668622  0.0685697645  0.0284556802 -0.011562421 -0.0491784923
 -0.0822675154 -0.10923095 -0.129229039 -0.142267704 -0.149140269 -0.151252046
 -0.150370896 -0.148350388 -0.1468696 -0.147223637 -0.150188625 -0.155972674
 -0.164252073 -0.17427896 -0.1850373 -0.195416138 -0.204369485 -0.211037964
 -0.214818224 -0.215380549 -0.212646365 -0.206745133 -0.197970599 -0.186750397
 -0.173633561 -0.159289971 -0.1445086 -0.130179092 -0.117245711 -0.106630914
 -0.0991375297 -0.095346503 -0.0955331102 -0.603374779 -0.65523833 -0.697312474
 -0.725261569 -0.73542738 -0.725235522 -0.693487883 -0.640509605 -0.568142712
 -0.479601562 -0.379208714 -0.272043437 -0.1635281 -0.0589884594  0.0367745794
  0.119860113  0.18754825  0.238454074  0.272539169  0.29098323  0.295936197
  0.290185243  0.276776791  0.258636147  0.238229856  0.217311263  0.196787655
  0.176731676  0.156541944  0.135225654  0.111751735  0.0853986591
  0.0560235344  0.0241911355 -0.00886209682 -0.0414171964 -0.0715657398
 -0.0975393504 -0.118006207 -0.132278115 -0.140398845 -0.143109515 -0.141709477
 -0.137845263 -0.133265883 -0.129582405 -0.128064632 -0.129500285 -0.13413164
 -0.141672686 -0.151397407 -0.16227828 -0.173146874 -0.182847321 -0.190358758
 -0.194873825 -0.195833147 -0.192927167 -0.186082467 -0.175449565 -0.161402091
 -0.144546911 -0.125734404 -0.106051467 -0.0867799371 -0.0693101212
 -0.0550116226 -0.0450772308 -0.0403677747 -0.041289445 -0.622619927
 -0.671433985 -0.70992136 -0.734244704 -0.741280735 -0.728941143 -0.696394444
 -0.644168556 -0.574139953 -0.489415199 -0.394116163 -0.293077081 -0.191468522
 -0.0943692178 -0.00633262796  0.0690060034  0.129219502  0.173235118
  0.201314494  0.214877889  0.21620883  0.208089203  0.193422586  0.174891636
  0.154686242  0.134327397  0.114600912  0.0956053287  0.076906316  0.057772316
  0.0374537669  0.0154495342 -0.00828940794 -0.0332644358 -0.0584596656
 -0.0824905038 -0.103835262 -0.121099733 -0.133261353 -0.13984786 -0.14102304
 -0.137570903 -0.130786777 -0.122297078 -0.113837168 -0.107020415 -0.103131555
 -0.102972873 -0.106783494 -0.114240482 -0.124535359 -0.136507601 -0.148806557
 -0.160051882 -0.168967485 -0.174475208 -0.175748259 -0.172235668 -0.163674667
 -0.150106564 -0.131902695 -0.109795608 -0.0848988071 -0.0586923361
 -0.0329538099 -0.00962460041  0.00938202627  0.0224056318  0.0282568093
  0.0263855383 -0.626259267 -0.672336757 -0.70835048 -0.730968773 -0.737545311
 -0.726365328 -0.696809471 -0.649432421 -0.585961938 -0.509222209 -0.42297563
 -0.331672996 -0.240114555 -0.153036311 -0.0746702403 -0.00833976734
  0.0438361131  0.0810760036  0.10388238  0.113820918  0.113181666  0.104594961
  0.0906675979  0.0736927614  0.0554582365  0.0371595547  0.0194074512
  0.0023148302 -0.0143577335 -0.0310187042 -0.0480516367 -0.0656400025
 -0.0836411864 -0.101533957 -0.118451461 -0.133294716 -0.144905716 -0.152267918
 -0.154697269 -0.15199016 -0.144503027 -0.133150205 -0.119318873 -0.104711384
 -0.0911363065 -0.080277577 -0.0734756514 -0.0715545639 -0.074721992
 -0.0825561807 -0.0940779224 -0.107888862 -0.122346774 -0.135744095
 -0.146462321 -0.153086707 -0.154481143 -0.149835244 -0.138701722 -0.121038936
 -0.0972630009 -0.06829945 -0.0356113985 -0.00117479928  0.0326238982
  0.0631779581  0.0879260376  0.104658037  0.111807168  0.108671032
 -0.615649879 -0.659452498 -0.694182575 -0.716994524 -0.725640237 -0.718650877
 -0.695460737 -0.65647918 -0.603117824 -0.537766814 -0.463697433 -0.384870648
 -0.305631697 -0.230311438 -0.162780985 -0.106037624 -0.0619061217
 -0.0309218187 -0.0124154529 -0.00477788644 -0.00583137153 -0.0132251233
 -0.0247729626 -0.0386808775 -0.0536501184 -0.0688692182 -0.0839295462
 -0.0987006128 -0.113195583 -0.127446219 -0.141398996 -0.154839218 -0.167349309
 -0.178306729 -0.186925694 -0.192341551 -0.193729386 -0.190443292 -0.182155177
 -0.168970823 -0.151500344 -0.130864799 -0.108627759 -0.0866524726
 -0.0668973401 -0.0511767119 -0.0409232117 -0.0369911268 -0.0395360216
 -0.0479898341 -0.0611337572 -0.0772492364 -0.0943152755 -0.110213429
 -0.122909449 -0.130593821 -0.131780669 -0.125378981 -0.110755697 -0.0878057331
 -0.057031285 -0.0196142476  0.0225480609  0.0668817088  0.110278398
  0.149352595  0.180793196  0.201763138  0.210275561  0.205473825 -0.593316436
 -0.635331869 -0.669843078 -0.694451272 -0.707218528 -0.706798673 -0.692537248
 -0.664554477 -0.623813808 -0.572159052 -0.512283921 -0.447593361 -0.381933361
 -0.319203705 -0.262907565 -0.215728745 -0.179233462 -0.15376699 -0.13857165
 -0.132086307 -0.132344067 -0.137369022 -0.145478949 -0.155445188 -0.166502148
 -0.178244725 -0.190468132 -0.203008249 -0.215621114 -0.227918655 -0.239357546
 -0.249265045 -0.256884217 -0.261426717 -0.262128025 -0.258308023 -0.249440655
 -0.235235989 -0.215729535 -0.191366002 -0.163057804 -0.132194966 -0.10058666
 -0.070324935 -0.0435776487 -0.0223344732 -0.00814618822 -0.00190283416
 -0.00369281089 -0.0127693294 -0.0276277605 -0.0461748689 -0.0659529492
 -0.0843762308 -0.0989435837 -0.10740792 -0.107901536 -0.0990337059
 -0.0799816325 -0.0505906269 -0.0114826001  0.0358493216  0.0889986902
  0.144702122  0.199029133  0.247715801  0.286614776  0.312199146  0.322032332
  0.315111011 -0.56244415 -0.603068709 -0.638130605 -0.665624142 -0.683836401
 -0.691439748 -0.68758297 -0.671997845 -0.645119488 -0.608188272 -0.56328398
 -0.513239026 -0.461398304 -0.411239088 -0.365916669 -0.327832967 -0.298338801
 -0.27764681 -0.264976293 -0.258882046 -0.257672966 -0.259801835 -0.264129102
 -0.270010412 -0.277217358 -0.28574118 -0.295563489 -0.306463897 -0.317916691
 -0.329086989 -0.338910878 -0.346220851 -0.349877983 -0.348879695 -0.342432648
 -0.329995096 -0.311303556 -0.286404133 -0.255695015 -0.219978929 -0.18050614
 -0.138982192 -0.0975116193 -0.058461383 -0.0242450275  0.00294896751
  0.0214419942  0.0303108022  0.0295457076  0.020089969  0.00375462743
 -0.0169705972 -0.0391696543 -0.0597680956 -0.0757775083 -0.0844939873
 -0.0836516619 -0.0715487301 -0.0471695922 -0.0103188492  0.0382383391
  0.096657142  0.161965743  0.230142921  0.296361864  0.355409294  0.402242899
  0.432608366  0.443609118  0.434112787 -0.526355207 -0.565802336 -0.601774514
 -0.632597685 -0.656710923 -0.672730029 -0.679543376 -0.676450729 -0.6633389
 -0.640847266 -0.610463262 -0.574478984 -0.535775244 -0.497446984 -0.462340742
 -0.432617277 -0.409454197 -0.39297387 -0.38241297 -0.376477271 -0.373774767
 -0.373193651 -0.374128103 -0.376496673 -0.38057518 -0.386719197 -0.395067275
 -0.405323595 -0.41666919 -0.427817106 -0.437177688 -0.443078041 -0.443975717
 -0.438622028 -0.426154256 -0.406125605 -0.378497779 -0.343627393 -0.302266955
 -0.255585909 -0.205195025 -0.153144524 -0.101862691 -0.0540115535
 -0.0122590298  0.0210110247  0.0440036952  0.0557768941  0.0564106926
  0.0470482521  0.0298009664  0.00754035404 -0.0163787454 -0.0384139419
 -0.0551068857 -0.0633087531 -0.0603613257 -0.0442534722 -0.0137778707
  0.0312976278  0.0900536105  0.160274446  0.238395393  0.319604307
  0.398144513  0.467824548  0.522688925  0.557753384  0.5696733  0.557215154
 -0.488068521 -0.526317418 -0.563105226 -0.5970276 -0.626617551 -0.65039432
 -0.666969955 -0.6752249 -0.67453748 -0.665008724 -0.647607028 -0.624161363
 -0.597161472 -0.56938231 -0.543413579 -0.521215439 -0.503823221 -0.491290241
 -0.482879162 -0.477441937 -0.473862588 -0.471427888 -0.470012873 -0.470038831
 -0.472229511 -0.477256536 -0.485386789 -0.496239215 -0.508711517 -0.521085799
 -0.531269789 -0.537100434 -0.536632717 -0.528353751 -0.511298418 -0.485073954
 -0.44982639 -0.406191707 -0.355260432 -0.298567683 -0.238094434 -0.176247686
 -0.115785383 -0.0596580319 -0.0107664727  0.0283424407  0.0557935089
  0.070654504  0.0731084496  0.0644891188  0.0471757576  0.0243703928
 -0.000196770605 -0.0225810297 -0.0389138348 -0.0456492789 -0.0397700593
 -0.0189745724  0.0181289203  0.0718097836  0.14099957  0.223119795
  0.314023167  0.408120424  0.498743862  0.578749537  0.641301036  0.68072021
  0.693252742  0.677598178 -0.450009793 -0.486799985 -0.523884296 -0.560067296
 -0.593937993 -0.623910546 -0.648347557 -0.66577369 -0.675151289 -0.676152706
 -0.669345915 -0.656208754 -0.638937891 -0.620066822 -0.601985931 -0.586490631
 -0.574489892 -0.565964043 -0.560178936 -0.55608815 -0.552789867 -0.549888492
 -0.547652483 -0.546917856 -0.54878068 -0.554175973 -0.563475549 -0.576221704
 -0.591063023 -0.605900824 -0.618192375 -0.625325561 -0.624972343 -0.615350962
 -0.595366418 -0.56463784 -0.523451746 -0.472685665 -0.41374445 -0.348518252
 -0.279355854 -0.209017783 -0.140576676 -0.0772395507 -0.0220904946
  0.0222217645  0.0538010597  0.0717703626  0.0764318854  0.0692913458
  0.0529407561  0.0308272112  0.00695215631 -0.0144467894 -0.0291931815
 -0.0334291384 -0.0238406546  0.00212595728  0.0460315794  0.108188473
  0.187402725  0.280772775  0.383623749  0.489658028  0.591376901  0.680770278
  0.750207901  0.793396354  0.806233168  0.78738749 -0.413891047 -0.448763043
 -0.485293567 -0.522441626 -0.558829129 -0.592783749 -0.622480333 -0.64618665
 -0.66257745 -0.671041548 -0.671891332 -0.666388512 -0.656548738 -0.644750774
 -0.633242667 -0.623684943 -0.616862774 -0.612659156 -0.610293448 -0.608747602
 -0.607238114 -0.605577886 -0.604313076 -0.604587257 -0.607782423 -0.615044355
 -0.626837254 -0.642654061 -0.660953045 -0.679331899 -0.69487679 -0.704590261
 -0.705797553 -0.696453035 -0.675308287 -0.641952217 -0.596762538 -0.54081589
 -0.475800157 -0.403943092 -0.327949047 -0.250915587 -0.17619884 -0.107209831
 -0.0471423827  0.00133680156  0.0363919213  0.0572597794  0.0643841997
  0.0594182275  0.0450951941  0.024995923  0.00325615378 -0.0157401618
 -0.027647702 -0.0284157693 -0.0145241963  0.0167753417  0.067189917
  0.137084752  0.225183696  0.328336269  0.441442162  0.557622075  0.668688536
  0.765914857  0.841016769  0.887203217  0.900102854  0.878386676 -0.380741417
 -0.413114429 -0.448049873 -0.484612912 -0.521450341 -0.55683881 -0.588845909
 -0.615602195 -0.635640621 -0.648224771 -0.653566778 -0.65285176 -0.648030221
 -0.641411185 -0.635155678 -0.630812705 -0.629038155 -0.629583001 -0.631557643
 -0.633881629 -0.635776997 -0.637137771 -0.638657451 -0.641669512 -0.647751629
 -0.658210337 -0.673598826 -0.69340241 -0.715968788 -0.738691032 -0.758382738
 -0.771741927 -0.77579689 -0.768251061 -0.747682512 -0.713607728 -0.666445017
 -0.607423365 -0.538479149 -0.462154955 -0.381492734 -0.29990226 -0.220981464
 -0.148279279 -0.0850116387 -0.033762157  0.00378811359  0.0270602815
  0.0366679132  0.0343871154  0.0230134297  0.00613625301 -0.0121317822
 -0.0274307169 -0.0354120806 -0.0319775678 -0.0135139497  0.0228479505
  0.0789307654  0.155168474  0.250263959  0.360923946  0.481770515  0.605522633
  0.723506033  0.826480269  0.905694127  0.954005957  0.966865718  0.942967117
 -0.351038992 -0.380309492 -0.412577659 -0.446975529 -0.482174635 -0.51644522
 -0.547833979 -0.574454904 -0.59484297 -0.608287811 -0.615047693 -0.616360247
 -0.614215791 -0.610931396 -0.608630121 -0.608771324 -0.611875176 -0.617528141
 -0.624668837 -0.632065773 -0.638833582 -0.644818127 -0.650727928 -0.65796721
 -0.668218732 -0.682902038 -0.702661574 -0.727026105 -0.754320681 -0.781843603
 -0.806245387 -0.824010134 -0.831927121 -0.827466786 -0.809018612 -0.775987685
 -0.728783667 -0.668742955 -0.598016679 -0.519437969 -0.436367065 -0.352499038
 -0.271627754 -0.19736971 -0.132869989 -0.0805243477 -0.0417576246
 -0.0168882534 -0.00509859016 -0.00450898753 -0.0123366956 -0.0251087248
 -0.0388957337 -0.0495400876 -0.0528672785 -0.0448904708 -0.0220309012
  0.0186162237  0.0789539218  0.159503862  0.25902468  0.374213904  0.499599993
  0.627724826  0.749673188  0.855937421  0.937517047  0.987083673  1.
  0.974985898 -0.324886113 -0.350528687 -0.379180849 -0.410011083 -0.441721201
 -0.472618878 -0.500809729 -0.524498224 -0.542344749 -0.553792417 -0.559265673
 -0.560158432 -0.558584869 -0.55693233 -0.557327449 -0.56116122 -0.568820238
 -0.579704821 -0.592537165 -0.605863094 -0.618593574 -0.630411863 -0.641921043
 -0.654483259 -0.669800937 -0.689359903 -0.713897049 -0.743032873 -0.775156319
 -0.807577312 -0.836891949 -0.859460354 -0.871891499 -0.871447384 -0.856318772
 -0.825767159 -0.780154109 -0.7208848 -0.650296628 -0.571493864 -0.488137931
 -0.404184729 -0.323581994 -0.249948576 -0.186271578 -0.134659573 -0.0961844996
 -0.0708280206 -0.0575294979 -0.0543147139 -0.0584747493 -0.0667619929
 -0.0755760744 -0.0811286569 -0.0795907304 -0.0672458112 -0.0406805538
  0.00295559643  0.0656077564  0.147907332  0.248755217  0.364989936
  0.491255105  0.620167017  0.74284339  0.849776149  0.931946754  0.982007861
  0.995313704  0.970594764 -0.302174807 -0.323827028 -0.348161995 -0.374363393
 -0.401171565 -0.426969171 -0.449984312 -0.468594313 -0.481675982 -0.488916546
 -0.490987629 -0.489508122 -0.486769557 -0.485270947 -0.487172276 -0.493819922
 -0.505479455 -0.521366 -0.539967597 -0.559567392 -0.578808069 -0.597124875
 -0.614917994 -0.633412719 -0.654252231 -0.678942978 -0.708308876 -0.742097974
 -0.778833091 -0.815927029 -0.850014269 -0.877411723 -0.894603014 -0.89866662
 -0.887593567 -0.860483408 -0.81762135 -0.760458231 -0.691498458 -0.614107966
 -0.532238245 -0.450087845 -0.371725768 -0.300720423 -0.23982963 -0.190791309
 -0.154241636 -0.129756436 -0.115990266 -0.110870004 -0.111798823 -0.115833916
 -0.119818397 -0.120471649 -0.114459038 -0.0984783396 -0.0694048777
 -0.0245299805  0.0380956121  0.119235098  0.218020514  0.331587881
  0.454910785  0.580938995  0.701100528  0.806153715  0.887285709  0.937282979
  0.951553226  0.928799331 -0.282710314 -0.300227702 -0.319868803 -0.340820968
 -0.361871362 -0.381506056 -0.398118794 -0.410311729 -0.417231083 -0.418854743
 -0.416139007 -0.41095385 -0.405786812 -0.403263628 -0.405596316 -0.414107352
 -0.428967476 -0.449231356 -0.473169208 -0.498800755 -0.524477661 -0.549341023
 -0.573524296 -0.598044395 -0.624420643 -0.654134691 -0.688081384 -0.726151824
 -0.767047286 -0.808344424 -0.846785188 -0.878702939 -0.900501192 -0.909100533
 -0.902300954 -0.879035473 -0.839506745 -0.785203159 -0.718794703 -0.643906772
 -0.564779639 -0.485846639 -0.411276102 -0.344551444 -0.288152069 -0.243386745
 -0.210394368 -0.188289061 -0.175398961 -0.169534355 -0.168219984 -0.168858603
 -0.168807879 -0.165391147 -0.155880421 -0.137504116 -0.107531831 -0.0634753481
 -0.00341758318  0.0735564679  0.166893229  0.274173915  0.390906692
  0.51061815  0.62530458  0.726233602  0.804995596  0.854635954  0.870653629
  0.851667106 -0.266280502 -0.279754549 -0.294672847 -0.310223371 -0.325248927
 -0.338356793 -0.348129421 -0.353415042 -0.353643924 -0.349088997 -0.340984076
 -0.331435055 -0.323108286 -0.318744391 -0.320608616 -0.330018163 -0.347083896
 -0.370747089 -0.399107903 -0.429963589 -0.461396277 -0.492252052 -0.522372723
 -0.552526116 -0.584060669 -0.618391156 -0.656454682 -0.698278427 -0.742751896
 -0.78764385 -0.829835832 -0.865713537 -0.891630292 -0.904372156 -0.90156579
 -0.881992638 -0.845784783 -0.794481933 -0.730931699 -0.659029901 -0.583312333
 -0.508445442 -0.438689828 -0.377427816 -0.326837242 -0.287768066 -0.259827405
 -0.241629899 -0.231141523 -0.226023346 -0.223903432 -0.222528547 -0.219792157
 -0.213667378 -0.202100024 -0.182929412 -0.153900206 -0.112809867 -0.0578059927
  0.0121916477  0.0970135555  0.194812223  0.301806092  0.412306815
  0.519096375  0.614151001  0.689619601  0.738895833  0.757580698  0.744139493
 -0.252678394 -0.26241833 -0.272904396 -0.283330023 -0.292602628 -0.299459845
 -0.302677393 -0.301345319 -0.295160413 -0.284658313 -0.271305591 -0.257392675
 -0.245715201 -0.239091948 -0.239824459 -0.249236122 -0.267416626 -0.293254614
 -0.324756712 -0.359571397 -0.395574927 -0.431359798 -0.466493428 -0.50148648
 -0.537490845 -0.575818062 -0.617411494 -0.66240263 -0.709848166 -0.757696033
 -0.802966833 -0.84210366 -0.871423423 -0.887597501 -0.888104558 -0.871604562
 -0.838191986 -0.789488018 -0.728545189 -0.659547925 -0.587338507 -0.51682204
 -0.452354014 -0.397217214 -0.353290468 -0.32096532 -0.299310386 -0.286425859
 -0.279885948 -0.277163684 -0.275944501 -0.274278253 -0.27056694 -0.263427615
 -0.251499265 -0.233273163 -0.207021505 -0.170876816 -0.123081356 -0.0623855554
  0.0114728743  0.0973111764  0.192190394  0.291363627  0.388559967
  0.476606786  0.548315287  0.597477436  0.619783998  0.613474905 -0.241694868
 -0.248180151 -0.254776359 -0.260693282 -0.264911711 -0.266302437 -0.263826132
 -0.256791383 -0.245120287 -0.229553089 -0.211717516 -0.194010869 -0.17928426
 -0.17037636 -0.1695932 -0.178264171 -0.196494028 -0.223186463 -0.256343067
 -0.293563128 -0.332612276 -0.371907413 -0.410794228 -0.449551105 -0.48912999
 -0.530714393 -0.575212598 -0.622811258 -0.672684729 -0.72291553 -0.770627618
 -0.812301993 -0.844215572 -0.862939417 -0.865835428 -0.851484537 -0.819990456
 -0.773099959 -0.71410346 -0.647496998 -0.578440189 -0.512083709 -0.452885687
 -0.404045343 -0.367165357 -0.342206031 -0.327720284 -0.321298569 -0.320106536
 -0.321385831 -0.322815329 -0.322673917 -0.31980294 -0.313412368 -0.302809507
 -0.287140995 -0.26523155 -0.235583171 -0.196561947 -0.146757752 -0.0854566172
 -0.0131245693  0.0682210699  0.154870301  0.241594821  0.322154224
  0.390073001  0.439554334  0.466350645  0.468411326 -0.233100474 -0.236916274
 -0.240325809 -0.242570043 -0.242711872 -0.239753723 -0.23282522 -0.221418768
 -0.205628172 -0.186326027 -0.165215597 -0.144709483 -0.127627164 -0.11675559
 -0.114360228 -0.121766225 -0.139120251 -0.165404037 -0.198706493 -0.236686885
 -0.277112335 -0.318326861 -0.359535277 -0.400834382 -0.442995042 -0.487060249
 -0.533864141 -0.583590388 -0.635462224 -0.687628329 -0.737257838 -0.780828953
 -0.814561546 -0.834937334 -0.839234114 -0.826003194 -0.795410335 -0.749376953
 -0.691465557 -0.62650156 -0.559967399 -0.497261405 -0.442953616 -0.40018186
 -0.370312244 -0.352921247 -0.346090525 -0.34692812 -0.352186382 -0.358834743
 -0.364471436 -0.367509604 -0.367129922 -0.36304906 -0.355182707 -0.343304962
 -0.326794952 -0.304546624 -0.275079995 -0.236850411 -0.188703597 -0.130382761
 -0.0629618615  0.0109166084  0.0870975778  0.160293162  0.224745587
  0.275053471  0.306997091  0.318187445 -0.226631999 -0.228400186 -0.229390711
 -0.228891775 -0.226056635 -0.220015466 -0.210046917 -0.195789456 -0.177451327
 -0.155963376 -0.133017346 -0.110948481 -0.0924561322 -0.0801999941
 -0.0763531327 -0.0822159126 -0.0979922116 -0.122793384 -0.154877633
 -0.192069441 -0.232252017 -0.273808032 -0.315896839 -0.358503193 -0.402253151
 -0.448049605 -0.496621162 -0.548089862 -0.601653695 -0.655448377 -0.706618071
 -0.751587272 -0.786497056 -0.807745576 -0.812559903 -0.799509704 -0.768876374
 -0.722798586 -0.665136635 -0.601052344 -0.536345184 -0.476652592 -0.426659405
 -0.389467418 -0.366251528 -0.356266618 -0.357184052 -0.365673363 -0.378082752
 -0.391076028 -0.402096748 -0.409588009 -0.412954777 -0.41231209 -0.408100516
 -0.400671214 -0.389942586 -0.375215411 -0.355198115 -0.328255117 -0.292836696
 -0.248003125 -0.193919376 -0.132190004 -0.0659264028  0.000506644079
  0.0620368607  0.113626473  0.15105471  0.171573028 -0.221991107 -0.222308263
 -0.221625611 -0.219293505 -0.214562148 -0.206684068 -0.195067093 -0.179459423
 -0.160131246 -0.138004825 -0.114683181 -0.0923422873 -0.073481299
 -0.0605633743 -0.0556174554 -0.0598924644 -0.073652491 -0.0961723998
 -0.125944242 -0.161044776 -0.199576348 -0.240065679 -0.281723261 -0.324497908
 -0.368917674 -0.41575864 -0.465622634 -0.518520892 -0.573557436 -0.628780544
 -0.681241512 -0.727263391 -0.762886047 -0.784432173 -0.789107978 -0.77554518
 -0.744183838 -0.697408557 -0.639388025 -0.575608313 -0.512162745 -0.454905689
 -0.408630133 -0.376419783 -0.359306425 -0.356289655 -0.364703119 -0.380832404
 -0.40064472 -0.420477271 -0.437552959 -0.450244874 -0.458064169 -0.46140942
 -0.461150348 -0.458152592 -0.452848613 -0.444956154 -0.433412582 -0.416553527
 -0.392509043 -0.359738469 -0.317581475 -0.266687036 -0.209198385 -0.14862521
 -0.0894075185 -0.0362552367  0.00659656199  0.0360508934 -0.218855664
 -0.218246341 -0.216549039 -0.213187933 -0.207514048 -0.198895976 -0.186852232
 -0.171209738 -0.152257711 -0.130856827 -0.108461365 -0.0870248899
 -0.0687844157 -0.0559507906 -0.0503644086 -0.0531944335 -0.0647572801
 -0.0845077634 -0.111211047 -0.143258676 -0.179050177 -0.217343345 -0.257484287
 -0.299457461 -0.343742549 -0.391010284 -0.44172743 -0.49576053 -0.552067578
 -0.608551502 -0.662119806 -0.708958983 -0.744997084 -0.766492069 -0.770658076
 -0.756223202 -0.723812044 -0.676065803 -0.617446899 -0.553732216 -0.491263866
 -0.436074048 -0.393042624 -0.365245491 -0.353612006 -0.356953055 -0.372338444
 -0.395734727 -0.422762871 -0.4494268 -0.472680002 -0.490739524 -0.503116071
 -0.510380566 -0.513736486 -0.514496326 -0.513575733 -0.51111871 -0.506337225
 -0.497614831 -0.482862353 -0.460054636 -0.427828938 -0.385999322 -0.335850805
 -0.28012684 -0.222696915 -0.167970791 -0.120188914 -0.0827512965 -0.216899708
 -0.215788439 -0.213607892 -0.209863201 -0.204006672 -0.19551529 -0.184002131
 -0.169348419 -0.151831284 -0.132213667 -0.111762211 -0.0921681076
 -0.0753673241 -0.0632818267 -0.0575314611 -0.0591804162 -0.0685828626
 -0.0853717327 -0.108600423 -0.137007102 -0.169335872 -0.204634219 -0.242446139
 -0.28284955 -0.326320142 -0.373448551 -0.424570382 -0.479391813 -0.53669709
 -0.594212651 -0.648677051 -0.69612956 -0.732392132 -0.75367856 -0.75723803
 -0.74191761 -0.708535016 -0.65997237 -0.600945532 -0.537463784 -0.476051182
 -0.422858566 -0.382817924 -0.358993411 -0.352244079 -0.361251473 -0.382895559
 -0.412891835 -0.446561158 -0.479587108 -0.508625627 -0.53167516 -0.548158109
 -0.5587219 -0.564814985 -0.568130076 -0.570033312 -0.57110095 -0.570867419
 -0.56785053 -0.559859455 -0.544524372 -0.519929647 -0.485200137 -0.44089058
 -0.389076203 -0.333113819 -0.277124941 -0.225321338 -0.181329727 -0.215815559
 -0.21451728 -0.212243304 -0.208581716 -0.203082711 -0.195322648 -0.18499504
 -0.172017708 -0.156636149 -0.139496401 -0.121659696 -0.104539059 -0.089754343
 -0.0789235905 -0.0734293535 -0.0742128938 -0.0816477835 -0.0955297425
 -0.115192115 -0.139721498 -0.168221608 -0.200055376 -0.234999463 -0.273261964
 -0.31534788 -0.361792088 -0.412812382 -0.46795845 -0.525839627 -0.584005713
 -0.639034033 -0.686834812 -0.723152041 -0.744187891 -0.747253895 -0.731328547
 -0.697410703 -0.648583412 -0.58975035 -0.527068853 -0.467157573 -0.416209519
 -0.379157186 -0.359037369 -0.356658846 -0.37062493 -0.397693992 -0.433402359
 -0.472828925 -0.511367202 -0.545374513 -0.572595954 -0.592304349 -0.605147362
 -0.612740815 -0.617094874 -0.619989693 -0.622434795 -0.624330878 -0.62441659
 -0.620522916 -0.610086262 -0.590800643 -0.561258137 -0.521416903 -0.47277981
 -0.418238252 -0.361619473 -0.307049453 -0.258281589 -0.215332806 -0.214058384
 -0.211945444 -0.208662093 -0.20384948 -0.197172865 -0.188393772 -0.177454412
 -0.164559305 -0.150232941 -0.135332003 -0.120996639 -0.108537838 -0.0992746428
 -0.0943515971 -0.0945775881 -0.10032732 -0.111534752 -0.127786055 -0.148492783
 -0.173102036 -0.201287299 -0.233062997 -0.268781126 -0.308994323 -0.354201376
 -0.404521972 -0.459369749 -0.517202973 -0.575426638 -0.630496681 -0.67824316
 -0.714382708 -0.735151708 -0.737953305 -0.721900523 -0.688144922 -0.639908075
 -0.582192838 -0.521200061 -0.463537186 -0.415347815 -0.381501853 -0.364980042
 -0.366549402 -0.384776711 -0.416362941 -0.456738442 -0.500809193 -0.543730974
 -0.581588268 -0.611868322 -0.633661807 -0.647562325 -0.655288458 -0.659106553
 -0.661169648 -0.662910759 -0.664628208 -0.665358186 -0.663072228 -0.655159891
 -0.639087379 -0.613069475 -0.57659775 -0.530690253 -0.477807343 -0.421460897
 -0.365617484 -0.314043343 -0.215230256 -0.214102164 -0.212289646 -0.209534019
 -0.20555748 -0.200102597 -0.192987666 -0.184171423 -0.173815623 -0.162329599
 -0.150380507 -0.138857424 -0.128786996 -0.12121094 -0.117048666 -0.116976343
 -0.121354043 -0.130224153 -0.143386304 -0.160533726 -0.181417048 -0.205988348
 -0.234479323 -0.267377406 -0.305285513 -0.348679155 -0.397602409 -0.45136562
 -0.508320928 -0.565785527 -0.620162547 -0.667275667 -0.702886164 -0.72332114
 -0.726106882 -0.710488379 -0.677726626 -0.631105065 -0.575619996 -0.517396033
 -0.462912261 -0.418162286 -0.387879968 -0.374952435 -0.38010487 -0.401899695
 -0.437040925 -0.480929077 -0.528377175 -0.574376106 -0.614789844 -0.646874011
 -0.669532657 -0.683271706 -0.689859331 -0.691757858 -0.691440761 -0.690739036
 -0.690360665 -0.689696014 -0.686956823 -0.679620445 -0.665073872 -0.64130038
 -0.607445002 -0.564117849 -0.513372302 -0.45837456 -0.402852744 -0.350469083
 -0.215340093 -0.214413062 -0.212952659 -0.210763842 -0.207638189 -0.203383341
 -0.19786416 -0.191050842 -0.183065653 -0.174216285 -0.165004522 -0.15610081
 -0.148283452 -0.142349973 -0.139017776 -0.138837501 -0.142142802 -0.149053574
 -0.159536853 -0.17351298 -0.190979764 -0.212117225 -0.237334371 -0.267227709
 -0.30243963 -0.343427777 -0.390182585 -0.441951275 -0.497038007 -0.552746654
 -0.605515301 -0.651252747 -0.685849249 -0.705787778 -0.708750486 -0.694105744
 -0.663175881 -0.619218111 -0.567109406 -0.512773514 -0.462439269 -0.421846092
 -0.395515174 -0.38619709 -0.394567698 -0.419212878 -0.456895977 -0.50306654
 -0.552535474 -0.600218534 -0.641837835 -0.67446959 -0.696850896 -0.709385574
 -0.713846743 -0.712829292 -0.709063351 -0.704730153 -0.700933516 -0.697446883
 -0.692795217 -0.684652507 -0.670455396 -0.648084283 -0.616443634 -0.575803399
 -0.527830184 -0.47531262 -0.421665668 -0.370341092 -0.215545073 -0.214827329
 -0.213711321 -0.212054849 -0.209706485 -0.206526741 -0.202417776 -0.197358072
 -0.191436246 -0.184875533 -0.178040683 -0.171420947 -0.165587932 -0.161134079
 -0.158603907 -0.158435211 -0.160927355 -0.166248992 -0.17448768 -0.185731813
 -0.200162828 -0.218127862 -0.240161583 -0.2669321 -0.299100757 -0.337106138
 -0.380904883 -0.429722667 -0.481878608 -0.534745872 -0.584891856 -0.628408909
 -0.661405265 -0.680584967 -0.683817565 -0.670585334 -0.642219543 -0.601864696
 -0.554166853 -0.504727542 -0.459408909 -0.423595816 -0.401523143 -0.395761013
 -0.406926125 -0.433650821 -0.472812116 -0.519989133 -0.570089221 -0.618057489
 -0.65956986 -0.69159776 -0.712751389 -0.723331392 -0.725076914 -0.720649064
 -0.712956309 -0.704459906 -0.696617007 -0.689580619 -0.682229459 -0.672511756
 -0.658016205 -0.636627138 -0.607101083 -0.569429517 -0.524912119 -0.475937694
 -0.425546706 -0.37689352 -0.215771005 -0.215242967 -0.214429304 -0.213229805
 -0.211537912 -0.209255621 -0.206314102 -0.202698022 -0.198469177 -0.193784013
 -0.188899085 -0.184160084 -0.179974094 -0.176768631 -0.174946457 -0.174848258
 -0.176735073 -0.180799425 -0.187206045 -0.196154565 -0.207946733 -0.223034397
 -0.242022976 -0.265610009 -0.294450581 -0.328958571 -0.369072884 -0.414036244
 -0.462243229 -0.511214912 -0.557739079 -0.598184049 -0.628958523 -0.647048056
 -0.65053606 -0.639007986 -0.613755405 -0.577730238 -0.535247326 -0.491478622
 -0.451817065 -0.421205729 -0.403526664 -0.401131004 -0.41456598 -0.442531437
 -0.482069731 -0.528969109 -0.578334093 -0.625251591 -0.66545862 -0.695909441
 -0.715139389 -0.723356366 -0.722230434 -0.714418769 -0.702917755 -0.690380037
 -0.678544939 -0.667910516 -0.657714844 -0.646225333 -0.631256044 -0.610779285
 -0.583482325 -0.549136102 -0.508699596 -0.464153737 -0.418125808 -0.373410106
 -0.215976834 -0.21560578 -0.215037614 -0.214204058 -0.213032618 -0.211456552
 -0.209428936 -0.206939042 -0.204028457 -0.20080325 -0.197438091 -0.19416979
 -0.191279709 -0.189068034 -0.187825724 -0.187812835 -0.189251184 -0.192337394
 -0.197276354 -0.204329059 -0.213860795 -0.226370916 -0.242484301 -0.262887597
 -0.288204283 -0.318815917 -0.354655683 -0.39501521 -0.438415706 -0.48259294
 -0.524631143 -0.561251581 -0.589230537 -0.605882108 -0.609523714 -0.599832177
 -0.578017652 -0.546773553 -0.51000309 -0.47236377 -0.43869853 -0.413440198
 -0.400066823 -0.400679588 -0.415749073 -0.444061786 -0.482872277 -0.528252661
 -0.575602174 -0.620259285 -0.658132136 -0.686248839 -0.70312947 -0.708903611
 -0.705141902 -0.694426239 -0.67974484 -0.663837731 -0.64863652 -0.63492161
 -0.622265875 -0.609269023 -0.594013989 -0.574623823 -0.549782693 -0.519096196
 -0.483217657 -0.443730593 -0.402834982 -0.362931162 -0.216144755 -0.215894803
 -0.215513825 -0.214956835 -0.214176103 -0.213127658 -0.211780503 -0.210127354
 -0.208195269 -0.206053868 -0.20381844 -0.201646328 -0.199726596 -0.198264673
 -0.197466388 -0.197526917 -0.198630184 -0.200962424 -0.204739794 -0.210244507
 -0.217858911 -0.228082836 -0.241517901 -0.258806169 -0.280517846 -0.306994826
 -0.338172555 -0.373415172 -0.411407799 -0.450149179 -0.487073839 -0.51930964
 -0.544045448 -0.558953881 -0.562596083 -0.554728091 -0.53644681 -0.510140181
 -0.479244649 -0.447846174 -0.420185894 -0.400141925 -0.390755653 -0.393858612
 -0.409842104 -0.437595874 -0.474626869 -0.517355144 -0.561560214 -0.602932215
 -0.637651026 -0.662905753 -0.677258611 -0.680778682 -0.674910307 -0.662093341
 -0.645211995 -0.626986265 -0.609438241 -0.593549967 -0.579180598 -0.565248668
 -0.550124109 -0.532122612 -0.509978056 -0.483184457 -0.452134222 -0.418041348
 -0.382688403 -0.348076165
