 1196 1198 1204 1220 1244 1220 1200 1196 1188 1180 1172 1180 1188 1192 1200 1210 1224 1236 1244 1254 1264 1272 1284 1300 1316 1316 1312 1308 1304 1294 1290 1296 1290 1284 1288 1300 1308 1312 1316 1305                          
 1204 1212 1228 1244 1244 1232 1212 1200 1192 1184 1180 1184 1190 1196 1208 1212 1224 1240 1254 1262 1272 1284 1292 1300 1316 1332 1332 1320 1312 1306 1304 1302 1300 1296 1300 1308 1316 1324 1320 1308                          
 1216 1240 1248 1260 1248 1244 1224 1200 1192 1186 1186 1190 1194 1200 1220 1224 1228 1246 1260 1268 1280 1292 1300 1308 1324 1336 1344 1332 1324 1318 1314 1310 1306 1308 1312 1316 1324 1332 1324 1312                          
 1240 1256 1264 1272 1258 1250 1240 1210 1194 1188 1192 1194 1198 1212 1224 1244 1246 1250 1266 1280 1292 1300 1306 1316 1328 1344 1348 1346 1340 1332 1326 1322 1320 1320 1324 1332 1338 1338 1324 1310                          
 1260 1276 1288 1280 1264 1256 1244 1224 1198 1192 1196 1202 1206 1224 1236 1252 1260 1266 1274 1292 1304 1308 1316 1324 1340 1348 1360 1360 1352 1346 1340 1338 1336 1338 1342 1346 1346 1336 1324 1308                          
 1300 1306 1292 1276 1252 1244 1232 1212 1200 1196 1200 1208 1216 1234 1248 1260 1274 1284 1292 1298 1312 1326 1340 1344 1350 1360 1368 1376 1372 1364 1358 1356 1354 1356 1358 1356 1344 1334 1320 1308                          
 1324 1316 1290 1260 1238 1222 1214 1208 1202 1200 1208 1214 1222 1246 1254 1268 1276 1296 1304 1310 1320 1336 1352 1360 1360 1362 1368 1378 1390 1382 1372 1368 1368 1368 1368 1356 1344 1334 1320 1308                          
 1332 1320 1292 1258 1234 1222 1214 1210 1210 1211 1218 1224 1240 1250 1264 1276 1296 1300 1308 1326 1336 1344 1354 1356 1360 1364 1364 1376 1378 1380 1380 1376 1376 1382 1376 1360 1348 1336 1324 1310                          
 1332 1320 1298 1260 1238 1228 1220 1217 1216 1224 1234 1244 1260 1258 1276 1288 1296 1318 1320 1330 1334 1340 1344 1346 1348 1354 1362 1366 1364 1362 1364 1362 1360 1368 1368 1368 1352 1340 1328 1314                          
 1332 1318 1292 1262 1246 1236 1232 1234 1240 1256 1258 1260 1272 1272 1288 1298 1308 1320 1326 1330 1334 1338 1342 1344 1344 1348 1352 1352 1352 1344 1340 1344 1344 1346 1354 1358 1356 1344 1332 1320                          
 1300 1314 1300 1288 1264 1252 1250 1264 1288 1286 1288 1284 1284 1284 1292 1304 1320 1332 1336 1336 1340 1342 1344 1344 1344 1342 1338 1338 1338 1320 1290 1330 1300 1300 1308 1320 1340 1342 1338 1330                          
 1290 1306 1302 1288 1280 1268 1268 1274 1304 1308 1308 1302 1300 1298 1304 1312 1328 1346 1344 1344 1344 1344 1345 1344 1344 1336 1328 1326 1320 1300 1276 1290 1278 1268 1276 1280 1296 1300 1324 1332                          
 1284 1312 1308 1300 1292 1291 1293 1302 1308 1324 1324 1324 1322 1316 1324 1330 1341 1356 1352 1351 1349 1348 1346 1346 1340 1332 1320 1292 1288 1276 1270 1260 1260 1252 1252 1256 1280 1272 1288 1320                          
 1276 1308 1312 1304 1302 1300 1306 1318 1320 1330 1336 1340 1336 1328 1328 1338 1370 1364 1360 1356 1352 1350 1348 1346 1340 1332 1316 1280 1274 1268 1260 1252 1248 1252 1248 1252 1256 1256 1268 1280                          
 1270 1290 1320 1316 1316 1320 1324 1332 1336 1340 1348 1352 1360 1354 1344 1352 1382 1376 1370 1364 1360 1354 1350 1346 1342 1334 1324 1290 1268 1260 1252 1242 1234 1234 1232 1236 1236 1240 1248 1260                          
 1264 1288 1300 1318 1340 1340 1344 1346 1348 1354 1360 1366 1374 1374 1368 1360 1392 1386 1380 1374 1368 1344 1320 1316 1316 1320 1328 1300 1270 1256 1246 1236 1230 1228 1227 1226 1230 1232 1236 1248                          
 1256 1280 1300 1318 1322 1340 1356 1360 1364 1368 1376 1380 1392 1392 1384 1380 1400 1396 1386 1340 1340 1336 1324 1300 1308 1296 1280 1310 1290 1252 1240 1230 1222 1220 1220 1220 1226 1230 1234 1240                          
 1250 1272 1292 1300 1316 1340 1352 1364 1380 1388 1392 1408 1416 1412 1410 1416 1398 1356 1340 1340 1320 1300 1280 1280 1300 1280 1268 1274 1280 1280 1240 1216 1214 1214 1212 1214 1220 1226 1230 1232                          
 1244 1264 1280 1296 1316 1328 1340 1356 1372 1372 1384 1408 1424 1426 1425 1420 1392 1360 1328 1316 1300 1268 1248 1272 1272 1260 1256 1260 1266 1272 1252 1220 1208 1208 1206 1208 1216 1224 1226 1228                          
 1238 1256 1272 1292 1308 1316 1332 1348 1352 1362 1380 1408 1425 1420 1420 1416 1392 1320 1290 1270 1248 1236 1236 1244 1240 1240 1240 1248 1252 1256 1260 1240 1202 1200 1202 1206 1210 1216 1220 1226                          
 1234 1254 1266 1278 1294 1312 1326 1332 1344 1360 1380 1408 1404 1400 1400 1324 1290 1260 1238 1232 1228 1222 1216 1216 1216 1220 1224 1232 1234 1236 1240 1246 1200 1188 1196 1202 1208 1212 1218 1224                          
 1232 1246 1258 1274 1292 1308 1312 1328 1344 1368 1396 1396 1388 1384 1324 1292 1268 1240 1238 1224 1220 1218 1214 1204 1202 1204 1208 1214 1216 1220 1224 1224 1196 1180 1188 1196 1204 1208 1212 1218                          
 1228 1242 1258 1268 1278 1292 1308 1320 1344 1362 1392 1384 1376 1372 1310 1276 1256 1240 1232 1224 1216 1214 1210 1194 1192 1194 1196 1202 1206 1206 1202 1196 1194 1174 1176 1182 1192 1202 1208 1212                          
 1224 1240 1252 1260 1270 1284 1304 1322 1344 1372 1364 1360 1354 1350 1300 1270 1250 1240 1232 1224 1212 1212 1204 1192 1184 1186 1184 1194 1180 1176 1176 1180 1180 1170 1168 1176 1180 1190 1200 1206                          
 1220 1234 1248 1260 1272 1284 1300 1320 1340 1360 1332 1328 1330 1336 1340 1280 1252 1234 1228 1224 1212 1208 1200 1192 1188 1182 1176 1176 1176 1176 1176 1176 1182 1172 1162 1164 1170 1178 1188 1194                          
 1224 1240 1252 1264 1276 1288 1304 1326 1346 1338 1320 1320 1322 1324 1324 1324 1260 1236 1228 1228 1226 1212 1202 1202 1194 1184 1176 1176 1176 1176 1176 1176 1180 1172 1160 1159 1160 1164 1162 1160                          
 1220 1244 1252 1264 1280 1300 1312 1332 1320 1308 1306 1308 1312 1313 1312 1316 1280 1250 1236 1235 1234 1228 1216 1212 1220 1200 1192 1180 1180 1176 1176 1181 1176 1174 1160 1158 1157 1156 1152 1144                          
 1228 1244 1260 1272 1288 1306 1320 1320 1304 1296 1296 1300 1302 1304 1304 1306 1308 1280 1264 1256 1252 1248 1244 1240 1240 1234 1210 1196 1192 1188 1188 1187 1182 1174 1162 1158 1156 1155 1144 1132                          
 1224 1244 1256 1272 1292 1306 1320 1310 1300 1294 1291 1292 1293 1296 1296 1298 1300 1300 1296 1280 1282 1272 1264 1259 1252 1252 1244 1240 1208 1200 1198 1198 1194 1180 1168 1156 1152 1144 1132 1131                          
 1228 1246 1260 1272 1288 1304 1314 1308 1300 1296 1292 1288 1288 1290 1290 1292 1292 1292 1296 1304 1296 1284 1276 1272 1268 1266 1260 1256 1240 1224 1216 1214 1214 1204 1176 1160 1152 1140 1132 1132                          
 1228 1244 1256 1272 1288 1304 1316 1312 1304 1296 1290 1287 1285 1286 1286 1286 1284 1284 1288 1296 1306 1300 1292 1286 1284 1280 1272 1264 1260 1250 1240 1234 1228 1216 1208 1172 1152 1144 1140 1140                          
 1228 1248 1262 1276 1292 1306 1320 1315 1300 1292 1288 1286 1283 1280 1281 1282 1282 1282 1284 1290 1300 1310 1308 1300 1298 1292 1284 1280 1276 1268 1256 1248 1236 1224 1212 1200 1160 1152 1150 1146                          
 1232 1248 1264 1280 1294 1312 1326 1314 1300 1292 1284 1282 1280 1278 1276 1278 1279 1279 1280 1284 1292 1306 1316 1316 1312 1306 1298 1294 1290 1282 1264 1256 1244 1230 1218 1204 1184 1166 1158 1154                          
 1224 1240 1260 1278 1292 1309 1328 1314 1300 1291 1284 1280 1277 1275 1274 1274 1275 1275 1276 1281 1288 1300 1314 1320 1322 1320 1316 1304 1292 1284 1272 1260 1248 1236 1220 1208 1190 1176 1174 1164                          
 1224 1240 1260 1272 1288 1308 1320 1316 1300 1290 1284 1279 1276 1274 1272 1272 1272 1273 1274 1278 1284 1296 1306 1314 1316 1328 1320 1304 1296 1288 1272 1260 1248 1236 1226 1212 1200 1186 1180 1176                          
 1228 1246 1260 1272 1288 1302 1319 1316 1300 1292 1284 1279 1275 1272 1271 1270 1270 1270 1271 1274 1280 1288 1300 1304 1310 1316 1316 1304 1292 1284 1268 1256 1246 1236 1226 1218 1208 1200 1192 1186                          
 1228 1248 1260 1274 1292 1308 1324 1322 1304 1294 1286 1280 1274 1271 1270 1269 1268 1268 1268 1269 1274 1281 1288 1296 1304 1310 1312 1300 1290 1280 1264 1252 1240 1232 1224 1216 1210 1204 1200 1192                          
 1220 1240 1256 1268 1284 1302 1316 1330 1312 1298 1286 1280 1272 1270 1268 1267 1267 1266 1266 1267 1270 1276 1280 1288 1296 1304 1308 1300 1286 1272 1258 1248 1238 1226 1218 1208 1199 1194 1194 1192                          
 1228 1246 1260 1272 1288 1306 1320 1330 1316 1300 1286 1279 1270 1266 1264 1265 1265 1265 1265 1265 1267 1272 1275 1280 1288 1296 1300 1292 1280 1268 1252 1245 1232 1222 1214 1202 1192 1188 1186 1184                          
 1232 1248 1264 1278 1292 1308 1320 1316 1308 1296 1282 1276 1266 1260 1260 1260 1264 1264 1263 1264 1265 1267 1270 1276 1282 1288 1292 1284 1272 1260 1248 1240 1228 1220 1208 1198 1188 1182 1180 1177                          
