 -2.34117699 -1.94823408 -1.40074885 -0.660370946  0.291356891  1.43954742
  2.72691607  4.05315781  5.28515816  6.27741194  6.89865494  7.05806303
  6.72368431  5.92753839  4.75550032  3.32455683  1.75355828  0.13519071
 -1.48384655 -3.10994864 -4.79580927 -6.62174082 -8.66976357 -10.9968071
 -13.6139803 -16.4777527 -19.4960537 -22.5474663 -25.5069771 -28.268219
 -30.7529869 -32.9039154 -34.6638069 -35.9531059 -36.658226 -36.6407471
 -35.7666283 -33.9449577 -31.1591549 -27.4752426 -23.0206547 -17.9397907
 -12.3431063 -6.27036762  0.315241724  7.49661303  15.3432922  23.8416729
  32.8379021  42.0135117  50.903614  58.9545021  65.6053543  70.3730164
  72.9200745  73.094368  70.9375916  66.6689911  60.6525879  53.3552094
 -1.7727983 -1.25318992 -0.521089911  0.478437722  1.77236617  3.34087372
  5.1048131  6.92504454  8.61686897  9.97860813  10.828723  11.0422707
  10.5766468  9.47893047  7.87245274  5.92610598  3.81493092  1.68245709
 -0.385921478 -2.37291622 -4.32168341 -6.31388998 -8.43994904 -10.7694035
 -13.3292665 -16.0961361 -19.0038929 -21.9637032 -24.8878345 -27.7066822
 -30.3699799 -32.8302383 -35.0150871 -36.8027496 -38.0157471 -38.4416962
 -37.878006 -36.1852112 -33.3273163 -29.380928 -24.5066605 -18.8917866
 -12.6852331 -5.95062113  1.3430537  9.28645802  17.9600677  27.351511
  37.2876816  47.4052925  57.1719971  65.9544067  73.1151581  78.1138535
  80.5874557  80.3951721  77.6243057  72.5641937  65.659935  57.4567795
 -1.17065823 -0.521180928  0.41040647  1.69977999  3.3845489  5.43901205
  7.75761843  10.1545248  12.3832874  14.1753426  15.2896528  15.5613575
  14.9360676  13.4798965  11.362031  8.8147068  6.0818696  3.37022686
  0.814646006 -1.53525579 -3.70674729 -5.77883148 -7.84888363 -10.0007935
 -12.2831869 -14.7029629 -17.2345409 -19.8392506 -22.485096 -25.1555748
 -27.8399811 -30.5060024 -33.0650368 -35.3473129 -37.1034431 -38.0395241
 -37.8794022 -36.4329987 -33.645443 -29.6058044 -24.509737 -18.5881634
 -12.0280104 -4.91505098  2.77845168  11.1542311  20.3079567  30.2342682
  40.7485466  51.4526939  61.7587547  70.9665604  78.3750839  83.3984528
  85.6578369  85.0309372  81.6544113  75.887352  68.2507935  59.3581352
 -0.646811068  0.116703957  1.24339163  2.8336134  4.93735743  7.52180719
  10.4506168  13.4841452  16.3055286  18.5705566  19.9715557  20.299612
  19.4884167  17.6271  14.9382429  11.7273674  8.31822395  4.99123192
  1.9399097 -0.746483386 -3.07407784 -5.11617279 -6.97655725 -8.75593472
 -10.5305529 -12.347477 -14.2347059 -16.2187653 -18.3380413 -20.6411514
 -23.1645489 -25.8938065 -28.7228794 -31.4309597 -33.694313 -35.1376228
 -35.4141388 -34.2884102 -31.6922226 -27.7311382 -22.636961 -16.6822395
 -10.0873575 -2.95438242  4.74730062  13.1366358  22.3311062  32.3405571
  42.9798164  53.8301697  64.2651596  73.5363007  80.8967133  85.729866
  87.6512299  86.5614319  82.6447449  76.3225632  68.179184  58.879158
 -0.371778548  0.465473175  1.75841379  3.63536024  6.15956593  9.28929424
  12.8531914  16.55196  19.9919529  22.7475891  24.440485  24.8160419
  23.7971325  21.4996758  18.205637  14.3012295  10.1979237  6.25739002
  2.73830605 -0.225431934 -2.61559844 -4.49856043 -5.98555708 -7.1977067
 -8.24522877 -9.22409439 -10.2262897 -11.3538342 -12.724124 -14.4561729
 -16.6352215 -19.2634563 -22.2152596 -25.2185879 -27.8788719 -29.7476578
 -30.4193001 -29.6259136 -27.2970238 -23.5612144 -18.687397 -12.9853773
 -6.7009716  0.0570191815  7.33153868  15.2674427  24.0126724  33.6024055
  43.8641968  54.3761101  64.4941025  73.4440689  80.4544907  84.8949356
  86.3848038  84.8486938  80.5113449  73.8419647  65.4685822  56.0844536
 -0.56653583  0.277386725  1.68182313  3.80522132  6.72366714  10.3837662
  14.574955  18.9338322  22.9862499  26.2230797  28.1947479  28.6021156
  27.3596668  24.6134796  20.7089005  16.1171684  11.3418713  6.83003235
  2.90888786 -0.240722418 -2.5754137 -4.15564585 -5.10319328 -5.56473398
 -5.69128561 -5.63542557 -5.56023598 -5.64830685 -6.09758043 -7.09526968
 -8.77008438 -11.1348648 -14.0408401 -17.1662617 -20.0543537 -22.1984863
 -23.1533298 -22.6379395 -20.5952187 -17.1857643 -12.7167187 -7.52946806
 -1.88505387  4.11288071  10.5310335  17.5503139  25.3587437  34.027771
  43.4119034  53.1047249  62.4674797  70.72509  77.1045303  80.9788437
  81.9800034  80.054863  75.45681  68.6832886  60.3815041  51.2474594
 -1.47662628 -0.71747452  0.721382797  3.02933884  6.29322815  10.4439907
  15.2274609  20.2128048  24.8441715  28.5299606  30.7522736  31.1710587
  29.6958733  26.505724  22.0112534  16.7701283  11.379241  6.37206459
  2.14523792 -1.07337427 -3.21647644 -4.34173965 -4.58664799 -4.13037205
 -3.17248535 -1.9292655 -0.63952744  0.433086157  1.0145309  0.858447552
 -0.195960969 -2.16173315 -4.86120367 -7.92508745 -10.8455133 -13.0765276
 -14.1564026 -13.814024 -12.0237741 -8.98853397 -5.05523252 -0.590906382
  4.1387291  9.04737949  14.2369051  19.9340668  26.3759136  33.6801796
  41.7416763  50.1874466  58.4063377  65.6467514  71.1569901  74.3306122
  74.8198318  72.5903473  67.9102097  61.2829247  53.3484726  44.7788467
 -3.32811046 -2.76177096 -1.37914276  1.03944433  4.58784199  9.17600155
  14.5012894  20.0628548  25.2237244  29.3133087  31.7505341  32.1596222
  30.4490452  26.8325729  21.7862473  15.9533033  10.0229263  4.61444139
  0.193505347 -2.96579409 -4.77447462 -5.2918005 -4.67777348 -3.152704
 -0.973844349  1.57136452  4.16471672  6.46348286  8.12569141  8.85902309
  8.48611069  7.00746536  4.63749552  1.79203606 -0.980633378 -3.11405587
 -4.15295982 -3.85854912 -2.25422764  0.405003548  3.73080683  7.33562994
  10.9583483  14.5402956  18.2277088  22.3006039  27.0514183  32.6514702
  39.0461998  45.9110031  52.6816063  58.6516876  63.1115952  65.4911575
  65.4699097  63.0290947  58.4379692  52.1850204  44.8780594  37.1404495
 -6.27097559 -6.0094862 -4.77485895 -2.31909394  1.45354021  6.42569304
  12.2410889  18.3266869  23.9659386  28.4138737  31.0322762  31.4149857
  29.4726238  25.4542809  19.8999214  13.5360727  7.14242172  1.42346013
 -3.08595777 -6.06553459 -7.40617085 -7.17306232 -5.55617428 -2.82687759
  0.689330935  4.62500572  8.57816505  12.1288261  14.8757477  16.494833
  16.8087673  15.8467445  13.8694792  11.3406572  8.84139347  6.94395256
  6.0785985  6.43386793  7.92350197  10.23277  12.9308615  15.6137228
  18.031435  20.1598091  22.1947803  24.4729614  27.3444157  31.036932
  35.5522041  40.6237183  45.7481461  50.2813988  53.5729599  55.1025276
  54.5840378  52.0128059  47.6492844  41.950325  35.4714699  28.7676067
 -10.3217125 -10.4655342 -9.45822239 -7.0264163 -3.07829881  2.23500752
  8.49869919  15.0659218  21.142601  25.9141216  28.6905937  29.0397034
  26.875742  22.4818897  16.4590378  9.6139164  2.81511521 -3.1471889
 -7.66675234 -10.3747435 -11.1413641 -10.0404959 -7.2988615 -3.24902201
  1.70363331  7.10128355  12.4517584  17.2575417  21.0644989  23.5287361
  24.4879303  24.0142384  22.4249477  20.2355804  18.057169  16.4594707
  15.8366117  16.3160324  17.7406025  19.7320061  21.8171387  23.5783424
  24.7806759  25.4373112  25.7947044  26.2447548  27.192585  28.9201736
  31.4852276  34.6825562  38.0770531  41.0974197  43.1643143  43.818306
  42.8150063  40.1655807  36.1173172  31.0857944  25.5615826  20.0178528
 -15.3207512 -15.9430323 -15.2183352 -12.8516293 -8.7604866 -3.13514519
  3.54775119  10.5673237  17.0547676  22.1303711  25.0568581  25.3779068
  23.0105762  18.2684841  11.8086081  4.5138979 -2.65954995 -8.83395481
 -13.3271856 -15.7165728 -15.8479662 -13.8039312 -9.85259151 -4.39661598
  2.06737661  8.98002529  15.7508059  21.8015804  26.6281109  29.8746853
  31.4050751  31.3460026  30.0808544  28.1827354  26.2942963  24.9810448
  24.5976963  25.2074127  26.5804901  28.2753334  29.7783413  30.6606045
  30.7037449  29.9579506  28.7175255  27.4245529  26.5324707  26.3703022
  27.0456505  28.4110165  30.0991459  31.6148224  32.4560776  32.23209
  30.7476254  28.0350819  24.3307838  20.0077152  15.4872169  11.1549253
 -20.9198551 -22.0538063 -21.6363487 -19.3548603 -15.1404657 -9.22518349
 -2.14759016  5.30019951  12.1794062  17.5503063  20.6316261  20.9432354
  18.401371  13.3436451  6.47569799 -1.24919617 -8.78983974 -15.1789293
 -19.6528263 -21.7276821 -21.218504 -18.2132568 -13.0228014 -6.12574625
  1.88112795  10.3271961  18.5155563  25.7829075  31.5748405  35.5276947
  37.5379868  37.794693  36.7544861  35.0538101  33.3709679  32.2701645
  32.0691032  32.7692795  34.0715828  35.4745941  36.4276199  36.4929543
  35.4695854  33.4433289  30.7522945  27.882185  25.3258533  23.4489574
  22.3981609  22.073616  22.1682892  22.2588291  21.9206047  20.8353004
  18.8637562  16.0680141  12.6815996  9.04134655  5.50332022  2.3669827
 -26.6092148 -28.2413406 -28.1247711 -25.9336586 -21.6146164 -15.4400024
 -8.00533772 -0.166382983  7.07671499  12.7314634  15.9765854  16.3073387
  13.6335049  8.30732727  1.07238209 -7.05722046 -14.9609594 -21.5828514
 -26.0738659 -27.8820457 -26.7838593 -22.8667336 -16.4815674 -8.1838522
  1.32565582  11.2601204  20.8117504  29.2294693  35.9082756  40.4782562
  42.8716202  43.3429794  42.4256363  40.8224907  39.250721  38.2767258
  38.1853027  38.9209747  40.1201248  41.2263222  41.655941  40.9656906
  38.9738235  35.801899  31.82967  27.5815144  23.5816727  20.2212582
  17.6723537  15.8680563  14.5475969  13.3484516  11.916995  10.0068769
  7.54017401  4.61822748  1.48388481 -1.5498811 -4.18182755 -6.19130039
 -31.783762 -33.8548813 -34.0080605 -31.9089108 -27.5186768 -21.143486
 -13.4244089 -5.26675367  2.28214025  8.18858051  11.5977077  11.9802828
  9.2332468  3.71178007 -3.81726217 -12.2935705 -20.529211 -27.386652
 -31.9332676 -33.5460014 -31.95681 -27.2455177 -19.7965012 -10.2368279
  0.632921576  11.9131279  22.6885376  32.1238136  39.5666809  44.6434402
  47.3230476  47.9252472  47.0582237  45.4892502  43.972744  43.0769272
  43.0547523  43.7960014  44.875679  45.6860275  45.614563  44.2168427
  41.3349037  37.1301918  32.0268326  26.5876999  21.3642082  16.7637939
  12.970088  9.93183327  7.4160676  5.10441494  2.70213747  0.0293583591
 -2.92877126 -6.02313662 -8.98846722 -11.5205812 -13.3587065 -14.3493719
 -35.8374367 -38.2516441 -38.6300049 -36.6342049 -32.2363892 -25.7645416
 -17.8871078 -9.5375433 -1.78947246  4.2994132  7.85153341  8.31601715
  5.57151747 -0.036732696 -7.7368679 -16.443224 -24.9204979 -31.9663029
 -36.575489 -38.0588913 -36.1030312 -30.7743549 -22.4812355 -11.9101601
  0.052456487  12.4094276  24.1532936  34.3784027  42.3962402  47.8359108
  50.7044449  51.3829613  50.5470581  49.0187912  47.5802536  46.7932663
  46.8728447  47.6502838  48.637722  49.1767883  48.6293488  46.5555954
  42.8295784  37.6622658  31.5314064  25.0450993  18.7835541  13.1656494
  8.37477493  4.35778713  0.888829708 -2.3268764 -5.54213381 -8.88100243
 -12.2981319 -15.5919294 -18.4639244 -20.60429 -21.7773724 -21.8829517
 -38.2648315 -40.9054565 -41.4649162 -39.6054688 -35.303524 -28.8921242
 -21.0429173 -12.6897488 -4.90516043  1.25216997  4.89793491  5.4666214
  2.81564951 -2.73220801 -10.4208679 -19.1657486 -27.7131519 -34.8232956
 -39.441555 -40.8284111 -38.6321869 -32.903923 -24.0652962 -12.8438253
 -0.18702139  12.8388643  25.163847  35.8392143  44.1618004  49.7765541
  52.7318878  53.4642143  52.7028198  51.3065033  50.0656166  49.5174637
  49.8240356  50.7468224  51.7280235  52.0560303  51.069252  48.3397408
  43.7853088  37.6814194  30.5751057  23.1329632  15.9718781  9.52239037
  3.9595077 -0.787373304 -4.95756626 -8.84444523 -12.6791334 -16.5451984
 -20.3456135 -23.8273602 -26.6531315 -28.4967556 -29.1340141 -28.503458
 -38.7470398 -41.4968071 -42.2079697 -40.5466156 -36.4842834 -30.3388233
 -22.7567825 -14.6403618 -7.02961683 -0.956867099  2.70698619  3.39280915
  0.937354505 -4.36969995 -11.8093166 -20.3281212 -28.6899033 -35.6552391
 -40.154705 -41.426033 -39.0960999 -33.204525 -24.1763287 -12.7568245
  0.0794669762  13.2387953  25.6326008  36.310215  44.5864067  50.1423492
  53.0735893  53.8636627  53.2760773  52.1798477  51.3445816  51.2556419
  51.9986725  53.2478943  54.3643036  54.578495  53.2074242  49.8434982
  44.462471  37.4223709  29.3589306  21.0145645  13.054986  5.92696142
 -0.206897244 -5.44663811 -10.0630713 -14.3694324 -18.5965958 -22.8064022
 -26.8640614 -30.472971 -33.2581863 -34.8722687 -35.0924034 -33.8822823
 -37.2027359 -39.9648094 -40.8244743 -39.4527397 -35.8049278 -30.1613483
 -23.1140099 -15.5007534 -8.2971735 -2.48128176  1.11116457  1.92091644
 -0.232338041 -5.09949541 -12.0178432 -19.9956264 -27.8533459 -34.3958244
 -38.5825424 -39.665905 -37.2774467 -31.4557056 -22.6215248 -11.5126972
  0.91008985  13.5770235  25.4365368  35.5880623  43.4061279  48.6339836
  51.4218941  52.2901115  52.0118217  51.4328423  51.2658463  51.9104042
  53.3481178  55.1461029  56.5726509  56.7968636  55.1177025  51.1574211
  44.964138  36.9959259  27.9956284  18.7982197  10.1308346  2.46302676
 -4.05544186 -9.56147671 -14.3707628 -18.8340797 -23.2020283 -27.534771
 -31.6777992 -35.3049164 -38.0119324 -39.4317017 -39.3373795 -37.7060547
 -33.7955132 -36.511467 -37.5496025 -36.5835838 -33.5389442 -28.6361828
 -22.3849335 -15.5293694 -8.95285892 -3.55490232 -0.116951823  0.824574828
 -0.922398627 -5.1534543 -11.2771826 -18.3900356 -25.4063129 -31.2196064
 -34.8650742 -35.6526604 -33.2507324 -27.7127171 -19.4513226 -9.17195129
  2.22173023  13.7400465  24.4298325  33.4985123  40.4263382  45.0466385
  47.5714531  48.5448837  48.7212982  48.8857307  49.6545448  51.3065147
  53.6926422  56.2564201  58.1666412  58.5320015  56.64011  52.1531868
  45.2034988  36.3615456  26.4890556  16.5240135  7.26326513 -0.795481384
 -7.51360512 -13.067337 -17.8242855 -22.1844025 -26.4336891 -30.6493282
 -34.6768303 -38.1787338 -40.7357559 -41.9685287 -41.6453896 -39.7474747
 -28.9012222 -31.5624199 -32.8429565 -32.4124069 -30.1512642 -26.1992207
 -20.9604721 -15.063447 -9.2800045 -4.41554928 -1.1851033 -0.0936050862
 -1.3403182 -4.76670027 -9.86181545 -15.8292093 -21.7062035 -26.5131207
 -29.4035339 -29.7864628 -27.4005547 -22.3329201 -14.9875336 -6.01588678
  3.77610159  13.5331907  22.4604759  29.9294739  35.5698624  39.3300743
  41.4876595  42.5945587  43.3555527  44.4569092  46.3812332  49.2561836
  52.7830124  56.2743645  58.8023415  59.4243736  57.4280128  52.5254364
  44.9396744  35.3564224  24.756403  14.179616  4.49224663 -3.77883339
 -10.5038166 -15.896059 -20.3747864 -24.3928127 -28.2805595 -32.1466331
 -35.8550606 -39.0769844 -41.395565 -42.430851 -41.9493332 -39.9296036
 -23.0487461 -25.6985683 -27.3129482 -27.5458508 -26.2162304 -23.3649578
 -19.2746525 -14.4459181 -9.53196621 -5.24073839 -2.21958899 -0.941067696
 -1.61052465 -4.11487818 -8.02620602 -12.6636038 -17.2037201 -20.8184395
 -22.810751 -22.7216663 -20.3886318 -15.9501877 -9.80347061 -2.52963018
  5.19644213  12.6995373  19.3931484  24.859066  28.910593  31.6280384
  33.3519821  34.6227074  36.0645943  38.2306175  41.4393539  45.6474495
  50.3998795  54.8849945  58.0939026  59.0518227  57.0627022  51.8975067
  43.8693314  33.7696381  22.6832962  11.7369003  1.85414863 -6.41420698
 -12.9457273 -17.9845066 -21.9937477 -25.4740696 -28.8010559 -32.1226883
 -35.3359756 -38.1388626 -40.1348724 -40.9569511 -40.3752708 -38.3619461
 -16.8512859 -19.5772438 -21.630703 -22.6343422 -22.329071 -20.6433086
 -17.7303467 -13.9626913 -9.88134098 -6.10769558 -3.23312187 -1.70695639
 -1.74507082 -3.27931571 -5.9611578 -9.22177315 -12.3775063 -14.7582378
 -15.8296652 -15.2823029 -13.0701923 -9.39585686 -4.65212536  0.660130143
  6.01922178  10.960659  15.1396885  18.3772755  20.6887798  22.2904167
  23.5750313  25.0486698  27.2267685  30.5018787  35.0096626  40.5302048
  46.4616318  51.8900185  55.7546692  57.0773621  55.1988754  49.9558754
  41.7426414  31.4342499  20.1899662  9.19294453 -0.598820686 -8.62283516
 -14.7640514 -19.2878532 -22.6872902 -25.4975681 -28.1317501 -30.7775669
 -33.3733978 -35.6579056 -37.2705879 -37.8700523 -37.2368546 -35.3351784
 -10.9420576 -13.8588266 -16.4504719 -18.2905979 -19.0274582 -18.469265
 -16.641592 -13.8003988 -10.3943605 -6.982862 -4.12582397 -2.26888299
 -1.64923429 -2.2442565 -3.77601671 -5.77279711 -7.67400789 -8.95365429
 -9.23175526 -8.34648514 -6.37103844 -3.57578492 -0.350906372  2.88629818
  5.77586651  8.07586956  9.69472504  10.699399  11.3058739  11.8552122
  12.772891  14.5062284  17.4379654  21.7832775  27.4901562  34.1724854
  41.1067886  47.3132477  51.7196808  53.3800278  51.6946106  46.5696449
  38.4644966  28.3051624  17.2836151  6.5984292 -2.79029202 -10.3257885
 -15.9020891 -19.794508 -22.5072994 -24.5908108 -26.480814 -28.3980255
 -30.3237419 -32.0454445 -33.2496834 -33.631176 -32.9871635 -31.2746105
 -5.92039442 -9.14640808 -12.3460703 -15.0267534 -16.7339172 -17.1553402
 -16.2001743 -14.0301132 -11.0325565 -7.74034309 -4.71641874 -2.43059158
 -1.15787029 -0.923126817 -1.50652993 -2.50881147 -3.46056485 -3.94644403
 -3.71110606 -2.71775746 -1.14469063  0.676297665  2.35836792  3.56462717
  4.09106207  3.90974402  3.17014384  2.16832232  1.2989552  1.00204945
  1.70856047  3.7827363  7.45773697  12.7662392  19.4781952  27.0663071
  34.7237549  41.4510651  46.2112694  48.1288033  46.6854935  41.8578377
  34.1489716  24.4971066  14.0792055  4.06253242 -4.62697649 -11.4585447
 -16.3379955 -19.5387993 -21.5558968 -22.9321404 -24.1069164 -25.3216629
 -26.5960827 -27.7683907 -28.5780315 -28.7624321 -28.1408195 -26.6651115
 -2.30607533 -5.93835497 -9.76440239 -13.212389 -15.7221022 -16.8696957
 -16.468504 -14.6169205 -11.6793833 -8.20376968 -4.79573917 -1.98147094
 -0.0931747556  0.793803215  0.856250942  0.45220688  0.00313123129
 -0.137496948  0.208662048  0.993809581  1.96383989  2.74167585  2.9469533
  2.314394  0.776888728 -1.50692642 -4.1805315 -6.75697947 -8.70255661
 -9.51586437 -8.79203224 -6.27152491 -1.879318  4.24145317  11.7047348
  19.8779373  27.9167442  34.8520241  39.7289314  41.778492  40.5828018
  36.1861992  29.1126156  20.2733955  10.783576  1.73401582 -6.01862335
 -11.9891424 -16.0982418 -18.6067791 -19.9808922 -20.733736 -21.2881737
 -21.8913898 -22.5927315 -23.2778645 -23.7397289 -23.7613716 -23.1874027
 -21.9678192 -0.49605304 -4.58828974 -8.99186325 -13.0502577 -16.1042652
 -17.6371918 -17.3954067 -15.4504871 -12.1847973 -8.20302773 -4.19215822
 -0.765714467  1.66820753  2.98144054  3.32390952  3.04666734  2.57213378
  2.2493732  2.2383554  2.45902514  2.6213274  2.3261838  1.20440769
 -0.951077342 -4.10015249 -7.9399786 -11.957634 -15.5291719 -18.0332661
 -18.9509926 -17.9351845 -14.8473377 -9.77017117 -3.00595665  4.93401051
  13.3530483  21.4162846  28.2319012  32.9682388  34.9924011  34.0002213
  30.0994587  23.8134899  15.9931059  7.65209007 -0.232449144 -6.90178871
 -11.9323959 -15.2625132 -17.131855 -17.9620743 -18.2180099 -18.2882519
 -18.4110851 -18.6548309 -18.9458714 -19.1273232 -19.0272369 -18.5172882
 -17.5489731 -0.720137894 -5.26877546 -10.1294527 -14.5650177 -17.8348846
 -19.3576374 -18.8478642 -16.3885212 -12.4180565 -7.63369131 -2.83498168
  1.25327957  4.13342285  5.6245513  5.86600828  5.23511696  4.20320034
  3.1728425  2.34644842  1.66768467  0.854410708 -0.48848471 -2.71413708
 -5.98825502 -10.1998196 -14.9531069 -19.638916 -23.5576744 -26.0560646
 -26.6410789 -25.0503941 -21.2753658 -15.5475769 -8.30473042 -0.148706362
  8.20027351  15.9583187  22.3490219  26.6944237  28.5175819  27.635479
  24.2138939  18.7592182  12.0376348  4.93478489 -1.71084023 -7.25733137
 -11.3532448 -13.956234 -15.2794971 -15.6899824 -15.591713 -15.3262167
 -15.1110897 -15.0235062 -15.0225172 -14.9957304 -14.8132792 -14.374073
 -13.6343775 -2.99927378 -7.94088984 -13.0765963 -17.6030846 -20.7258396
 -21.8344746 -20.6498299 -17.3019276 -12.3157539 -6.50540829 -0.801103592
  3.94885945  7.15229797  8.57959652  8.37501144  6.9704361  4.92662859
  2.74950957  0.737658024 -1.09073544 -2.96950293 -5.2657752 -8.31329155
 -12.2550535 -16.9475899 -21.9558392 -26.6352386 -30.2709694 -32.2293892
 -32.0803261 -29.6649189 -25.1046047 -18.7639828 -11.1887693 -3.03794909
  4.97933483  12.1615  17.8726578  21.6058826  23.0492573  22.142252
  19.1036301  14.4131355  8.74037361  2.83059883 -2.62683988 -7.11429119
 -10.3565273 -12.3313017 -13.2233658 -13.3409882 -13.0220232 -12.554491
 -12.1280842 -11.8211985 -11.6181383 -11.4448051 -11.2095299 -10.8377151
 -10.2932043 -7.11824226 -12.3387041 -17.5297031 -21.8451405 -24.4713516
 -24.8082275 -22.6195126 -18.1111603 -11.9132881 -4.96577883  1.66859961
  7.02082634  10.4098454  11.5661516  10.6523304  8.17483711  4.81160545
  1.20636916 -2.2075026 -5.29982615 -8.22535515 -11.3054132 -14.8537054
 -19.0090008 -23.631443 -28.2953033 -32.3749924 -35.1918755 -36.1730804
 -34.9768562 -31.5557384 -26.1527653 -19.2448521 -11.4581785 -3.48021054
  4.0158782  10.4291048  15.2746916  18.2203674  19.117836  18.025198
  15.2102079  11.1236143  6.33841181  1.46165586 -2.96309447 -6.53921986
 -9.06551647 -10.5394192 -11.1182537 -11.0534372 -10.6180887 -10.0467758
 -9.49927616 -9.05125141 -8.70711327 -8.42602062 -8.15100288 -7.83317041
 -7.44632912 -12.6277618 -17.9812546 -23.0038605 -26.8360729 -28.6824722
 -27.9908962 -24.5984707 -18.8050671 -11.3499775 -3.29109263  4.19174004
  10.0265436  13.4596558  14.194706  12.4228363  8.73445129  3.93572664
 -1.17715383 -6.01823759 -10.3260098 -14.1596127 -17.7853546 -21.4993706
 -25.4523315 -29.5373383 -33.3765106 -36.4047165 -38.0165939 -37.7265549
 -35.2930794 -30.7769012 -24.5269318 -17.109024 -9.2048769 -1.50912917
  5.35480404  10.8913727  14.7635288  16.8048229  17.0201511  15.5780554
  12.7924309  9.08896351  4.95415497  0.870908201 -2.7482183 -5.6153698
 -7.59591484 -8.70516396 -9.07610893 -8.90944386 -8.42039776 -7.79560423
 -7.16790867 -6.61045694 -6.1459918 -5.76446533 -5.44185686 -5.15497923
 -4.88975286 -18.8879204 -24.2212391 -28.8841629 -32.0349693 -32.9311218
 -31.0989971 -26.4687405 -19.4385643 -10.8457365 -1.84244347  6.3046813
  12.4510574  15.7951345  16.0291538  13.3784294  8.51514626  2.36719346
 -4.12370729 -10.2233391 -15.5398569 -20.035696 -23.9221172 -27.4823742
 -30.8909378 -34.0934753 -36.7846985 -38.4850273 -38.6827545 -36.9901581
 -33.264534 -27.6618786 -20.6160507 -12.7581482 -4.80444717  2.55662918
  8.75472927  13.3926649  16.2660332  17.3552265  16.8005009  14.86905
  11.9185266  8.35765076  4.60353422  1.03736031 -2.0364151 -4.41979122
 -6.03304863 -6.90586901 -7.15064764 -6.92579508 -6.39885426 -5.71796703
 -4.9961586 -4.3084774 -3.69827533 -3.18746805 -2.78607416 -2.49826002
 -2.32434297 -25.153429 -30.3300209 -34.505043 -36.8829613 -36.8009872
 -33.8827515 -28.1570587 -20.1103954 -10.6529846 -0.995173931  7.55021715
  13.8041773  16.9461956  16.6724396  13.2426844  7.39759254  0.164298594
 -7.39613771 -14.4257154 -20.4215717 -25.2622318 -29.1116734 -32.2457352
 -34.8689384 -36.9876328 -38.3787689 -38.6569977 -37.4079971 -34.3382874
 -29.3916054 -22.7995052 -15.0572357 -6.83865881  1.12180579  8.14856434
  13.7192411  17.5190296  19.4524345  19.6200733  18.2739811  15.7647858
  12.4906521  8.85303783  5.2202673  1.8988086 -0.887179017 -3.00633168
 -4.41878414 -5.16300488 -5.33359671 -5.05534029 -4.45956278 -3.66754317
 -2.78274083 -1.89044416 -1.06129324 -0.354711741  0.180475011  0.508792758
  0.612747729 -30.6880856 -35.6067047 -39.246254 -40.8794785 -39.9384956
 -36.1485519 -29.6277771 -20.9274521 -10.9953175 -1.05676293  7.57402325
  13.7233133  16.5800171  15.8566132  11.841835  5.32267094 -2.60887432
 -10.8126469 -18.3462257 -24.628233 -29.476141 -33.0194359 -35.5312881
 -37.2458954 -38.2274361 -38.3308105 -37.2585678 -34.6841888 -30.3938637
 -24.3983173 -16.981472 -8.6762352 -0.17899859  7.77027893  14.5106049
  19.5572853  22.6564522  23.7922249  23.1537323  21.0766315  17.9761753
  14.2855101  10.4075651  6.6827693  3.37127471  0.646841168 -1.40002251
 -2.75153804 -3.44674587 -3.56303215 -3.19865918 -2.45964622 -1.45282626
 -0.284544051  0.937780738  2.10506296  3.110111  3.85642314  4.27058029
  4.31444645 -34.8833694 -39.4874763 -42.6253815 -43.6512451 -42.0943642
 -37.7712898 -30.8667908 -21.9636097 -12.0062008 -2.19103718  6.2086587
  12.0596542  14.5834322  13.516037  9.16441441  2.33442616 -5.85764885
 -14.2397346 -21.8314133 -28.0121517 -32.5660133 -35.6025162 -37.3947792
 -38.2003441 -38.1290436 -37.0983315 -34.8813286 -31.2203217 -25.9603939
 -19.1565247 -11.1216297 -2.40426135  6.29428339  14.23839  20.7811279
  25.4630356  28.0675602  28.62673  27.3833122  24.7249928  21.1091557
  16.9948673  12.7922792  8.83270073  5.35723591  2.51917791  0.395155013
 -0.99919802 -1.6924001 -1.7421068 -1.22445917 -0.229355827  1.13865185
  2.75639915  4.47935915  6.14461613  7.58238268  8.63560867  9.18369102
  9.16377258 -37.352459 -41.6294899 -44.364872 -44.9979401 -43.1454582
 -38.6930275 -31.8600121 -23.222641 -13.681715 -4.36605644  3.52601171
  8.92752457  11.1072502  9.82562733  5.39369774 -1.39267647 -9.43305969
 -17.5697422 -24.8302155 -30.5936279 -34.6379051 -37.0659981 -38.1509247
 -38.1625633 -37.2380295 -35.3349953 -32.2733879 -27.8406601 -21.9177341
 -14.5816288 -6.15311098  2.82270956  11.6546822  19.6200333  26.0850582
  30.603693  32.9738045  33.2436104  31.6737576  28.6700268  24.7061424
  20.2540226  15.7326117  11.4790335  7.73970079  4.67576504  2.37687373
  0.87791127  0.174615011  0.23484087  1.00332069  2.39937425  4.30942011
  6.57869482  9.00817013  11.3622341  13.3898764  14.8573933  15.5858326
  15.4833078 -37.9767799 -41.9479141 -44.4165993 -44.902462 -43.0910759
 -38.907753 -32.5708313 -24.6131058 -15.8577375 -7.33733416 -0.153881848
  4.70549679  6.56150436  5.19411898  0.90290463 -5.55179405 -13.1192865
 -20.6948147 -27.3519001 -32.502037 -35.9396362 -37.771328 -38.2675743
 -37.6972618 -36.2039032 -33.7604713 -30.2081871 -25.3555527 -19.0976467
 -11.5141802 -2.91628146  6.16994762  15.076292  23.1007786  29.6234818
  34.2024422  36.6299324  36.9411621  35.3799896  32.335968  28.2711906
  23.6537342  18.9083271  14.3880091  10.3644619  7.03180027  4.51800108
  2.89879107  2.2096262  2.45235324  3.59423518  5.55926085  8.21475124
  11.3594608  14.721138  17.9705276  20.7545795  22.7451363  23.6930294
  23.4735355 -36.8950195 -40.5990257 -42.9392509 -43.5043488 -42.0255165
 -38.4368134 -32.9226112 -25.9423447 -18.218298 -10.671772 -4.30113935
 -0.0128954258  1.56121421  0.211436898 -3.78792477 -9.73076153 -16.6392326
 -23.4873943 -29.4206505 -33.9052124 -36.76754 -38.1241531 -38.2391014
 -37.3673096 -35.6389465 -33.0191345 -29.3469963 -24.4308281 -18.1617851
 -10.6071329 -2.05513811  6.99923849  15.9216433  24.0389938  30.7478142
  35.6047363  38.3811493  39.0746346  37.8813324  35.1422653  31.2797947
  26.739048  21.9432201  17.2658043  13.0178995  9.44658375  6.73988867
  5.03424549  4.42041111  4.94417572  6.59914637  9.31158924  12.9213247
  17.1667156  21.68396  26.0293522  29.7271843  32.3376465  33.5305405
  33.1459503 -34.4420357 -37.9172554 -40.2375526 -41.0458908 -40.0957947
 -37.3031883 -32.7933731 -26.9338837 -20.3364067 -13.8102112 -8.25622463
 -4.51038647 -3.16820049 -4.43978786 -8.08578205 -13.4636984 -19.6785545
 -25.7941303 -31.0393066 -34.945591 -37.379097 -38.4688263 -38.4687119
 -37.6095047 -35.9927177 -33.5575905 -30.1228676 -25.4804726 -19.5044098
 -12.2388306 -3.93983316  4.93800926  13.8035917  22.0212479  29.0090733
  34.3212585  37.6990395  39.0845108  38.6016312  36.5154419  33.182888
  29.0063896  24.3965359  19.7457256  15.4112711  11.705946  8.89345932
  7.18667173  6.74519253  7.66853571  9.98161793  13.6125278  18.3674812
  23.9130707  29.7784309  35.3876305  40.1250801  43.4255867  44.8702087
  44.2636528 -31.0580959 -34.3269272 -36.6832542 -37.8087997 -37.4599838
 -35.5157623 -32.0288467 -27.2695904 -21.7434273 -16.159771 -11.3389492
 -8.06389523 -6.90834808 -8.09226608 -11.4150829 -16.2972717 -21.9235878
 -27.4442043 -32.1693459 -35.6954803 -37.9288635 -39.010952 -39.1833382
 -38.6471367 -37.4666405 -35.5444641 -32.6679192 -28.6025715 -23.1971645
 -16.466156 -8.62720203 -0.0874169469  8.61387539  16.8874321  24.1806221
  30.0489998  34.2013702  36.5150871  37.026329  35.9044304  33.4201202
  29.9144211  25.7712479  21.3937378  17.1834373  13.5220337  10.75595
  9.18348598  9.04234314  10.493618  13.5986471  18.2887249  24.3336258
  31.3213387  38.6640167  45.6423264  51.4904366  55.5104141  57.1918869
  56.3069077 -27.1951561 -30.2547131 -32.6409874 -34.060585 -34.259594
 -33.0713692 -30.4749298 -26.6513996 -22.0160809 -17.2002964 -12.9670916
 -10.0670118 -9.06645584 -10.2011442 -13.3068571 -17.8575649 -23.1040325
 -28.2681427 -32.7286949 -36.137928 -38.4375496 -39.7799377 -40.3945465
 -40.4532928 -39.9823608 -38.8455276 -36.7956009 -33.568367 -28.9840832
 -23.024086 -15.8634062 -7.85564423  0.519714534  8.72974396  16.2612686
  22.6799793  27.6675243  31.0369644  32.7316437  32.8151169  31.4578686
  28.923275  25.5520878  21.7432861  17.9308109  14.5574493  12.0487518
  10.7886953  11.0960922  13.1980486  17.1967869  23.0301037  30.4329319
  38.9144478  47.7685776  56.1312561  63.0861931  67.8043671  69.6877518
  68.4811096 -23.2429199 -26.0638161 -28.4172573 -30.0239201 -30.6135807
 -29.9753418 -28.0244923 -24.871151 -20.8646946 -16.5849667 -12.7627439
 -10.1355429 -9.27374268 -10.4305706 -13.4703827 -17.9053612 -23.0320377
 -28.1226559 -32.6051674 -36.1733055 -38.7958908 -40.6343193 -41.9089317
 -42.7681503 -43.2069473 -43.0564766 -42.0396118 -39.8652763 -36.3261642
 -31.3695068 -25.1244183 -17.885334 -10.0634747 -2.12466598  5.47014523
  12.310112  18.0624428  22.4860554  25.4373512  26.8741817  26.8602543
  25.568346  23.2777596  20.3620758  17.2660408  14.4743347  12.4767599
  11.733407  12.6398811  15.4893875  20.4283314  27.4065056  36.1309357
  46.0403671  56.3202248  65.9729233  73.9439087  79.2852325  81.321907
  79.7788925 -19.4879341 -22.0211239 -24.2398872 -25.8721218 -26.6318169
 -26.2731171 -24.6653633 -21.8718052 -18.2030544 -14.2137995 -10.6245584
 -8.17497158 -7.44576931 -8.70532513 -11.8361483 -16.3712845 -21.6316776
 -26.9169006 -31.6830139 -35.6487122 -38.8003273 -41.3061981 -43.3824158
 -45.1641808 -46.6280746 -47.5857162 -47.7414665 -46.7854805 -44.4872971
 -40.7606277 -35.6858559 -29.4922104 -22.5138721 -15.1377172 -7.75784969
 -0.744319081  5.57448959  10.9218969  15.0828505  17.9187889  19.3871994
  19.5606728  18.6380749  16.9413586  14.8963976  13.0006123  11.782918
  11.7606964  13.3947525  17.0398998  22.8886929  30.910635  40.7978477
  51.9364052  63.4252434  74.1579971  82.9671097  88.8084793  90.9470215
  89.0960922 -16.106144 -18.2956047 -20.2639828 -21.7433052 -22.437254
 -22.0791817 -20.5136089 -17.7819805 -14.1811638 -10.2623024 -6.75109768
 -4.39770889 -3.7946074 -5.22027254 -8.56485462 -13.3676929 -18.9561729
 -24.6377258 -29.877821 -34.4046822 -38.2123718 -41.4739952 -44.4068718
 -47.1451492 -49.6634483 -51.7715454 -53.1710777 -53.5454063 -52.6477013
 -50.3599854 -46.711319 -41.8597527 -36.0533638 -29.5881958 -22.7759724
 -15.9264975 -9.34095669 -3.30743122  1.90983295  6.09203386  9.0967083
  10.8902817  11.572772  11.3860598  10.7027121  9.9972105  9.80514622
  10.6751757  13.1156378  17.5344028  24.170826  33.0239067  43.7895393
  55.8280296  68.185379  79.6838379  89.0798492  95.2647324  97.4643936
  95.3878937 -13.1799297 -14.9776602 -16.5923653 -17.7603569 -18.1832848
 -17.5892487 -15.818326 -12.9115381 -9.17086792 -5.15727091 -1.60865819
  0.71328342  1.20773447 -0.40805006 -4.02442265 -9.17809105 -15.1925001
 -21.3708668 -27.1749115 -32.3301544 -36.829792 -40.8487244 -44.6100845
 -48.2584496 -51.7832184 -55.0110855 -57.6585503 -59.415699 -60.027462
 -59.3468018 -57.3496819 -54.1179237 -49.8058815 -44.6081429 -38.7397766
 -32.4315262 -25.9339504 -19.5204582 -13.4792633 -8.089324 -3.58273721
 -0.101475902  2.34014249  3.87714291  4.79435444  5.50616074  6.51943684
  8.38430882  11.6350718  16.7210121  23.9277267  33.2948837  44.545166
  57.0471649  69.8365326  81.7109833  91.3962708  97.7560349  100.  97.8373184
 -10.7264509 -12.1056309 -13.2972374 -14.0443039 -14.0554543 -13.0676422
 -10.9326878 -7.70596743 -3.70464563  0.496578872  4.14972115  6.48745203
  6.90731144  5.12775803  1.26097059 -4.22621775 -10.6522331 -17.3132324
 -23.6617279 -29.413166 -34.5529518 -39.2541847 -43.7477608 -48.1970062
 -52.6196747 -56.8757706 -60.712429 -63.8389931 -66.000267 -67.0235443
 -66.8315277 -65.4273148 -62.8672638 -59.2380371 -54.6480522 -49.2340469
 -43.1761131 -36.7092171 -30.1211166 -23.7301426 -17.8448963 -12.7135172
 -8.47431087 -5.11979628 -2.48157287 -0.238403171  2.05464864  4.91952133
  8.89355469  14.4539709  21.9307365  31.4155178  42.6828575  55.1473846
  67.8816528  79.7103195  89.3768387  95.7552338  98.060051  96.0011063
 -8.72528934 -9.68840218 -10.4336367 -10.7145033 -10.2547503 -8.81091785
 -6.25693512 -2.66930842  1.61855638  6.02355909  9.79755688  12.1790333
  12.5730467  10.7030659  6.68175507  0.972827792 -5.74559116 -12.7691364
 -19.543623 -25.7727699 -31.429697 -36.6814919 -41.765522 -46.867157
 -52.0402489 -57.1883965 -62.1001778 -66.5133057 -70.1786575 -72.9017639
 -74.5545044 -75.0632172 -74.3880234 -72.5082169 -69.4230652 -65.1683426
 -59.8409729 -53.6201019 -46.7728615 -39.6375504 -32.5841255 -25.9588509
 -20.0249214 -14.9123449 -10.5870295 -6.84442806 -3.32791662  0.4304187
  4.94915962  10.7192326  18.1115417  27.2795315  38.0736465  49.9916191
  62.1894836  73.5688171  82.9367905  89.2121506  91.6309738  89.8996277
 -7.13848019 -7.71869087 -8.04196835 -7.87648964 -6.96753216 -5.09786367
 -2.16782522  1.72543669  6.23898458  10.7936687  14.656889  17.087944
  17.5097389  15.6534157  11.6262922  5.87631559 -0.93726325 -8.12402439
 -15.132926 -21.6597538 -27.6640854 -33.3028221 -38.8153877 -44.4066887
 -50.1667023 -56.0447998 -61.8740959 -67.4238129 -72.4540863 -76.7525406
 -80.1458054 -82.4914322 -83.663147 -83.5430222 -82.0294647 -79.0609818
 -74.6492996 -68.9092789 -62.0738373 -54.4843864 -46.5548935 -38.7147026
 -31.3413506 -24.698246 -18.8888092 -13.8355255 -9.28619957 -4.84629107
 -0.0348935723  5.63830614  12.5796213  21.0106621  30.8774261  41.7926216
  53.0360489  63.6290131  72.4805984  78.5811081  81.1985626  80.0279999
 -5.92132998 -6.17739677 -6.1427722 -5.60424614 -4.33293581 -2.14070129
  1.04639757  5.11645079  9.72862911  14.3241997  18.2044888  20.6662216
  21.1607819  19.4290047  15.5653534  9.98683262  3.3143003 -3.7949152
 -10.8080921 -17.4219131 -23.5845432 -29.4394493 -35.2216225 -41.1477356
 -47.3361397 -53.7750168 -60.3361511 -66.8163681 -72.9839554 -78.6118851
 -83.4902344 -87.4221573 -90.2138519 -91.6714096 -91.6126328 -89.8951874
 -86.4554291 -81.3457794 -74.7584534 -67.023941 -58.580307 -49.9167519
 -41.5021667 -33.7137299 -26.7794189 -20.7444115 -15.4654551 -10.6330385
 -5.81918001 -0.548304796  5.61296225  12.9556055  21.5335197  31.0970211
  41.0791283  50.6519127  58.8530846  64.7613678  67.6804962  67.283905
 -5.02631378 -5.03300095 -4.72977781 -3.92528772 -2.4188118 -0.0512610003
  3.22943735  7.30529785  11.8511257  16.3456879  20.1424236  22.5913734
  23.1827335  21.6691437  18.1254749  12.9231815  6.62526178 -0.164584741
 -6.94977951 -13.4402056 -19.5780602 -25.491991 -31.405386 -37.5351601
 -44.0139313 -50.8536186 -57.9505157 -65.1179962 -72.1269989 -78.7378922
 -84.7153015 -89.8277664 -93.8412323 -96.5171051 -97.6244888 -96.9684677
 -94.4312363 -90.0144043 -83.8693924 -76.3039322 -67.7574158 -58.7479744
 -49.8007812 -41.3728638 -33.7888527 -27.198658 -21.5616436 -16.6575966
 -12.1230888 -7.51147938 -2.37404275  3.64426208  10.7081947  18.7163639
  27.2708035  35.7111549  43.2172241  48.9629784  52.2859459  52.8276749
 -4.40377712 -4.24051332 -3.76665831 -2.81492734 -1.21344852  1.16967177
  4.36985731  8.27203083  12.5790758  16.8220482  20.4218025  22.7950706
  23.4799252  22.2436695  19.1372261  14.4754353  8.74733639  2.48461318
 -3.86983299 -10.0529385 -16.0088444 -21.8522377 -27.7884769 -34.021843
 -40.6813507 -47.7821426 -55.2248993 -62.8231316 -70.3411942 -77.5275421
 -84.1333466 -89.9159927 -94.6336212 -98.041626 -99.9004669 -100. -98.1981506
 -94.4644012 -88.9144135 -81.8226166 -73.6046677 -64.7705688 -55.8577881
 -47.3583946 -39.654644 -32.9728699 -27.3602428 -22.6842766 -18.654871
 -14.8687887 -10.8772945 -6.27367878 -0.789597809  5.61969566  12.7266273
  20.0408211  26.8853092  32.5274467  36.3334808  37.9053154 -4.00245714
 -3.74298334 -3.19018102 -2.2018857 -0.634476781  1.61947691  4.58386946
  8.15392971  12.0699034  15.9255152  19.2194958  21.4446907  22.1940823
  21.2530689  18.6475887  14.6299915  9.6050396  4.0189271 -1.75361145
 -7.48960972 -13.1441708 -18.8208847 -24.7026005 -30.9689255 -37.7270012
 -44.9731178 -52.5900078 -60.3725929 -68.0675735 -75.4109421 -82.1521454
 -88.0610352 -92.9218979 -96.5247269 -98.6645889 -99.1572037 -97.8702393
 -94.7636566 -89.9248276 -83.58564 -76.1119385 -67.9659882 -59.6493111
 -51.6390381 -44.330204 -37.9917603 -32.7388306 -28.5212994 -25.1289978
 -22.2169094 -19.3549576 -16.1036415 -12.1079874 -7.19129372 -1.42251348
  4.86804581  11.1379719  16.7406807  21.0656147  23.6722164 -3.77122235
 -3.47615719 -2.91916347 -1.9830271 -0.550806105  1.46345079  4.07623959
  7.19792938  10.611165  13.9772978  16.8776798  18.8857613  19.6536636
  18.988451  16.893158  13.557332  9.29801369  4.4691205 -0.632143438
 -5.83296728 -11.1077805 -16.5531845 -22.3273449 -28.5760708 -35.3691902
 -42.6646461 -50.3069572 -58.0553818 -65.6285553 -72.7491379 -79.1748734
 -84.7089233 -89.1919861 -92.4854813 -94.4591064 -94.9929199 -93.9971466
 -91.4443588 -87.4019318 -82.0509262 -75.6832581 -68.67556 -61.4469528
 -54.4110794 -47.931633 -42.2857018 -37.6351891 -34.0049477 -31.2697582
 -29.1573658 -27.2770615 -25.1804237 -22.4505177 -18.8026371 -14.1689997
 -8.73877144 -2.93451834  2.67380762  7.49574327  11.0517673 -3.66192842
 -3.37508917 -2.86643004 -2.04238391 -0.810372055  0.896997809  3.0916841
  5.70125675  8.55155754  11.3711309  13.8229351  15.560504  16.2960396
  15.8611193  14.2402868  11.5649061  8.06742859  4.00984669 -0.391120017
 -5.01828766 -9.87145329 -15.0443945 -20.6707268 -26.8573799 -33.6267891
 -40.8851814 -48.4247856 -55.9573746 -63.1665764 -69.7616653 -75.516243
 -80.2822723 -83.9789505 -86.566658 -88.0199738 -88.3132629 -87.4253464
 -85.3597794 -82.1708755 -77.982872 -72.9940872 -67.4645233 -61.6924934
 -55.9873886 -50.6437759 -45.916748 -41.995224 -38.9708862 -36.8066521
 -35.3159981 -34.1682816 -32.932457 -31.1590824 -28.4856014 -24.7359314
 -19.9819851 -14.5436249 -8.92257881 -3.68819547  0.651187956 -3.63245463
 -3.3807025 -2.95035481 -2.26924324 -1.26629019  0.110105552  1.86906791
  3.95509076  6.23447418  8.49802399  10.4844093  11.9221716  12.5812206
  12.3192129  11.1076612  9.02788925  6.23640299  2.91006303 -0.811400115
 -4.86647463 -9.28289223 -14.1547432 -19.5929508 -25.6648483 -32.3422012
 -39.4744606 -46.7963829 -53.9684639 -60.6380997 -66.5029831 -71.3577805
 -75.1113205 -77.7726364 -79.4149094 -80.1335831 -80.014122 -79.119278
 -77.4950485 -75.1878128 -72.2617569 -68.8095856 -64.9549026 -60.8498306
 -56.6718025 -52.6195297 -48.9034004 -45.7229767 -43.2283974 -41.47118
 -40.3599777 -39.6423759 -38.930069 -37.7717514 -35.7596703 -32.6403732
 -28.3939648 -23.2541389 -17.6601067 -12.1543865 -7.25849581 -3.64893413
 -3.44460464 -3.10331464 -2.57137871 -1.7960155 -0.738802612  0.607436597
  2.20223784  3.94718885  5.687356  7.22769499  8.36322594  8.91634846
  8.77068424  7.89024162  6.31632471  4.14178371  1.47016215 -1.62675214
 -5.1380043 -9.11790466 -13.6622686 -18.8621254 -24.7484894 -31.2458649
 -38.1508102 -45.1451988 -51.8435555 -57.8624763 -62.8926735 -66.7526474
 -69.4089279 -70.9595261 -71.589241 -71.5138931 -70.9312973 -69.9909058
 -68.7846909 -67.3537827 -65.7030716 -63.8171883 -61.6774216 -59.2806625
 -56.6607094 -53.9072762 -51.1725159 -48.6545029 -46.5529137 -45.0043259
 -44.0166016 -43.4281654 -42.9147835 -42.0513268 -40.4162865 -37.7090225
 -33.8420181 -28.9772339 -23.4938831 -17.898468 -12.7065477 -3.68662143
 -3.53132439 -3.27585006 -2.88174915 -2.31120086 -1.53649771 -0.5519979
  0.614163935  1.89250934  3.172755  4.31484795  5.1696806  5.60492563
  5.52849913  4.90163851  3.73608518  2.07507277 -0.0363499299 -2.58141613
 -5.5905056 -9.13971519 -13.3260069 -18.2235813 -23.8333588 -30.0415936
 -36.603466 -43.1612625 -49.2971306 -54.6085281 -58.7865105 -61.6744843
 -63.2908745 -63.8109741 -63.5159073 -62.7259941 -61.7377663 -60.7779922
 -59.9803619 -59.3816872 -58.9323311 -58.5166664 -57.9823456 -57.1787148
 -56.0009499 -54.4304085 -52.5569 -50.5687408 -48.7051773 -47.1794624
 -46.0953979 -45.3872986 -44.8092613 -43.9847984 -42.5057526 -40.0511627
 -36.4873848 -31.9165745 -26.65835 -21.1723747 -15.9487114 -3.72938228
 -3.61804438 -3.43675375 -3.15903521 -2.75879526 -2.2167542 -1.52858794
 -0.71299392  0.182950348  1.08381069  1.89283824  2.50554395  2.82669401
  2.78564548  2.34446216  1.49503958  0.245037243 -1.40322137 -3.47320151
 -6.02497864 -9.14923763 -12.9418802 -17.4631519 -22.6916885 -28.4881058
 -34.5828781 -40.5979996 -46.1025658 -50.690979 -54.0639114 -56.0895081
 -56.8275299 -56.5108261 -55.4909286 -54.1649704 -52.9029045 -51.9898872
 -51.5910606 -51.7384415 -52.336956 -53.1873283 -54.0251236 -54.5747681
 -54.6122284 -54.0233078 -52.8393936 -51.234169 -49.4748878 -47.8377724
 -46.5115776 -45.5226288 -44.7090263 -43.7575836 -42.2943077 -39.9999657
 -36.7128677 -32.4855347 -27.5778904 -22.3928661 -17.3777485 -3.76819348
 -3.69255543 -3.57025218 -3.38377881 -3.11583352 -2.75350785 -2.29362655
 -1.74808645 -1.14751768 -0.541514635  0.00562142627  0.423305988  0.645239532
  0.618730724  0.30908218 -0.303431392 -1.23402822 -2.50817966 -4.17491245
 -6.31178331 -9.01589394 -12.3789263 -16.4495583 -21.1923256 -26.4560337
 -31.9650936 -37.3428574 -42.1670074 -46.0465851 -48.7017212 -50.02425
 -50.1022606 -49.2021255 -47.7143669 -46.0786285 -44.7064667 -43.9168396
 -43.8925934 -44.6600533 -46.090744 -47.9249725 -49.8169518 -51.3993454
 -52.3589287 -52.507576 -51.8280449 -50.4766922 -48.7359886 -46.9266586
 -45.3044891 -43.9753914 -42.8581314 -41.7091637 -40.2021294 -38.0361404
 -35.036438 -31.2148933 -26.773056 -22.0503349 -17.4383907 -3.7991972
 -3.75036168 -3.67177391 -3.55233121 -3.38102317 -3.14955473 -2.85570931
 -2.50675011 -2.1218226 -1.73227704 -1.37925756 -1.10878015 -0.965599716
 -0.988053977 -1.20624208 -1.64510453 -2.33225322 -3.30818176 -4.63452673
 -6.3951807 -8.68589687 -11.590847 -15.1490335 -19.3183441 -23.9486485
 -28.7758427 -33.4449615 -37.5624809 -40.7685051 -42.8114319 -43.6051445
 -43.2526093 -42.0296822 -40.3339882 -38.612709 -37.2861557 -36.6813545
 -36.9843903 -38.2151375 -40.2253265 -42.7211533 -45.3105736 -47.5729408
 -49.1411095 -49.7792778 -49.4347076 -48.2452278 -46.4949532 -44.5278702
 -42.6437187 -41.0090599 -39.6123505 -38.2780113 -36.7338905 -34.7086945
 -32.0264854 -28.667551 -24.7786064 -20.6333504 -16.5606575 -3.8217926
 -3.7917676 -3.74360824 -3.67056465 -3.56592011 -3.42456722 -3.24504209
 -3.03160691 -2.79576659 -2.55658913 -2.33944678 -2.17334771 -2.08767867
 -2.10972977 -2.2644732 -2.57751322 -3.08096623 -3.82046294 -4.86004305
 -6.28102541 -8.17152405 -10.605505 -13.6137924 -17.1535969 -21.0861912
 -25.1729374 -29.0966301 -32.5083923 -35.0920372 -36.6306648 -37.0579681
 -36.4799423 -35.1609573 -33.478138 -31.8556213 -30.6934376 -30.3037872
 -30.8631248 -32.3847618 -34.7140884 -37.5488701 -40.4853821 -43.0876083
 -44.9698143 -45.875206 -45.7295265 -44.6517143 -42.914463 -40.8632317
 -38.8167725 -36.9796104 -35.3937225 -33.9437828 -32.4122581 -30.5639687
 -28.2311077 -25.3714123 -22.0831947 -18.5769119 -15.1173859  0.  0.  0.  0.
  0.  0.  0.  0.  0.  0.  0.  0.  0.  0.  0.  0.  0.  0.  0.  0.  0.  0.  0.
  0.  0.  0.  0.  0.  0.  0.  0.  0.  0.  0.  0.  0.  0.  0.  0.  0.  0.  0.
  0.  0.  0.  0.  0.  0.  0.  0.  0.  0.  0.  0.  0.  0.  0.  0.  0.  0.  0.
  0.  0.  0.  0.  0.  0.  0.  0.  0.  0.  0.  0.  0.  0.  0.  0.  0.  0.  0.
  0.  0.  0.  0.  0.  0.  0.  0.  0.  0.  0.  0.  0.  0.  0.  0.  0.  0.  0.
  0.  0.  0.  0.  0.  0.  0.  0.  0.  0.  0.  0.  0.  0.  0.  0.  0.  0.  0.
  0.  0.  0.  0.  0.  0.  0.  0.  0.  0.  0.  0.  0.  0.  0.  0.  0.  0.  0.
  0.  0.  0.  0.  0.  0.  0.  0.  0.  0.  0.  0.  0.  0.  0.  0.  0.  0.  0.
  0.  0.  0.  0.  0.  0.  0.  0.  0.  0.  0.  0.  0.  0.  0.  0.  0.  0.  0.
  0.  0.  0.  0.  0.  0.  0.  0.  0.  0.  0.  0.  0.  0.  0.  0.  0.  0.  0.
  0.  0.  0.  0.  0.  0.  0.  0.  0.  0.  0.  0.  0.  0.  0.  0.  0.  0.  0.
  0.  0.  0.  0.  0.  0.  0.  0.  0.  0.  0.  0.  0.  0.  0.  0.  0.  0.  0.
  0.  0.  0.  0.  0.  0.  0.  0.  0.  0.  0.  0.  0.  0.  0.  0.  0.  0.  0.
  0.  0.  0.  0.  0.  0.  0.  0.  0.  0.  0.  0.  0.  0.  0.  0.  0.  0.  0.
  0.  0.  0.  0.  0.  0.  0.  0.  0.  0.  0.  0.  0.  0.  0.  0.  0.  0.  0.
  0.  0.  0.  0.  0.  0.  0.  0.  0.  0.  0.  0.  0.  0.  0.  0.  0.  0.  0.
  0.  0.  0.  0.  0.  0.  0.  0.  0.  0.  0.  0.  0.  0.  0.  0.  0.  0.  0.
  0.  0.  0.  0.  0.  0.  0.  0.  0.  0.  0.  0.  0.  0.  0.  0.  0.  0.  0.
  0.  0.  0.  0.  0.  0.  0.  0.  0.  0.  0.  0.  0.  0.  0.  0.  0.  0.  0.
  0.  0.  0.  0.  0.  0.  0.  0.  0.  0.  0.  0.  0.  0.  0.  0.  0.  0.  0.
  0.  0.  0.  0.  0.  0.  0.  0.  0.  0.  0.  0.  0.  0.  0.  0.  0.  0.  0.
  0.  0.  0.  0.  0.  0.  0.  0.  0.  0.  0.  0.  0.  0.  0.  0.  0.  0.  0.
  0.  0.  0.  0.  0.  0.  0.  0.  0.  0.  0.  0.  0.  0.  0.  0.  0.  0.  0.
  0.  0.  0.  0.  0.  0.  0.  0.  0.  0.  0.  0.  0.  0.  0.  0.  0.  0.  0.
  0.  0.  0.  0.  0.  0.  0.  0.  0.  0.  0.  0.  0.  0.  0.  0.  0.  0.  0.
  0.  0.  0.  0.  0.  0.  0.  0.  0.  0.  0.  0.  0.  0.  0.  0.  0.  0.  0.
  0.  0.  0.  0.  0.  0.  0.  0.  0.  0.  0.  0.  0.  0.  0.  0.  0.  0.  0.
  0.  0.  0.  0.  0.  0.  0.  0.  0.  0.  0.  0.  0.  0.  0.  0.  0.  0.  0.
  0.  0.  0.  0.  0.  0.  0.  0.  0.  0.  0.  0.  0.  0.  0.  0.  0.  0.  0.
  0.  0.  0.  0.  0.  0.  0.  0.  0.  0.  0.  0.  0.  0.  0.  0.  0.  0.  0.
  0.  0.  0.  0.  0.  0.  0.  0.  0.  0.  0.  0.  0.  0.  0.  0.  0.  0.  0.
  0.  0.  0.  0.  0.  0.  0.  0.  0.  0.  0.  0.  0.  0.  0.  0.  0.  0.  0.
  0.  0.  0.  0.  0.  0.  0.  0.  0.  0.  0.  0.  0.  0.  0.  0.  0.  0.  0.
  0.  0.  0.  0.  0.  0.  0.  0.  0.  0.  0.  0.  0.  0.  0.  0.  0.  0.  0.
  0.  0.  0.  0.  0.  0.  0.  0.  0.  0.  0.  0.  0.  0.  0.  0.  0.  0.  0.
  0.  0.  0.  0.  0.  0.  0.  0.  0.  0.  0.  0.  0.  0.  0.  0.  0.  0.  0.
  0.  0.  0.  0.  0.  0.  0.  0.  0.  0.  0.  0.  0.  0.  0.  0.  0.  0.  0.
  0.  0.  0.  0.  0.  0.  0.  0.  0.  0.  0.  0.  0.  0.  0.  0.  0.  0.  0.
  0.  0.  0.  0.  0.  0.  0.  0.  0.  0.  0.  0.  0.  0.  0.  0.  0.  0.  0.
  0.  0.  0.  0.  0.  0.  0.  0.  0.  0.  0.  0.  0.  0.  0.  0.  0.  0.  0.
  0.  0.  0.  0.  0.  0.  0.  0.  0.  0.  0.  0.  0.  0.  0.  0.  0.  0.  0.
  0.  0.  0.  0.  0.  0.  0.  0.  0.  0.  0.  0.  0.  0.  0.  0.  0.  0.  0.
  0.  0.  0.  0.  0.  0.  0.  0.  0.  0.  0.  0.  0.  0.  0.  0.  0.  0.  0.
  0.  0.  0.  0.  0.  0.  0.  0.  0.  0.  0.  0.  0.  0.  0.  0.  0.  0.  0.
  0.  0.  0.  0.  0.  0.  0.  0.  0.  0.  0.  0.  0.  0.  0.  0.  0.  0.  0.
  0.  0.  0.  0.  0.  0.  0.  0.  0.  0.  0.  0.  0.  0.  0.  0.  0.  0.  0.
  0.  0.  0.  0.  0.  0.  0.  0.  0.  0.  0.  0.  0.  0.  0.  0.  0.  0.  0.
  0.  0.  0.  0.  0.  0.  0.  0.  0.  0.  0.  0.  0.  0.  0.  0.  0.  0.  0.
  0.  0.  0.  0.  0.  0.  0.  0.  0.  0.  0.  0.  0.  0.  0.  0.  0.  0.  0.
  0.  0.  0.  0.  0.  0.  0.  0.  0.  0.  0.  0.  0.  0.  0.  0.  0.  0.  0.
  0.  0.  0.  0.  0.  0.  0.  0.  0.  0.  0.  0.  0.  0.  0.  0.  0.  0.  0.
  0.  0.  0.  0.  0.  0.  0.  0.  0.  0.  0.  0.  0.  0.  0.  0.  0.  0.  0.
  0.  0.  0.  0.  0.  0.  0.  0.  0.  0.  0.  0.  0.  0.  0.  0.  0.  0.  0.
  0.  0.  0.  0.  0.  0.  0.  0.  0.  0.  0.  0.  0.  0.  0.  0.  0.  0.  0.
  0.  0.  0.  0.  0.  0.  0.  0.  0.  0.  0.  0.  0.  0.  0.  0.  0.  0.  0.
  0.  0.  0.  0.  0.  0.  0.  0.  0.  0.  0.  0.  0.  0.  0.  0.  0.  0.  0.
  0.  0.  0.  0.  0.  0.  0.  0.  0.  0.  0.  0.  0.  0.  0.  0.  0.  0.  0.
  0.  0.  0.  0.  0.  0.  0.  0.  0.  0.  0.  0.  0.  0.  0.  0.  0.  0.  0.
  0.  0.  0.  0.  0.  0.  0.  0.  0.  0.  0.  0.  0.  0.  0.  0.  0.  0.  0.
  0.  0.  0.  0.  0.  0.  0.  0.  0.  0.  0.  0.  0.  0.  0.  0.  0.  0.  0.
  0.  0.  0.  0.  0.  0.  0.  0.  0.  0.  0.  0.  0.  0.  0.  0.  0.  0.  0.
  0.  0.  0.  0.  0.  0.  0.  0.  0.  0.  0.  0.  0.  0.  0.  0.  0.  0.  0.
  0.  0.  0.  0.  0.  0.  0.  0.  0.  0.  0.  0.  0.  0.  0.  0.  0.  0.  0.
  0.  0.  0.  0.  0.  0.  0.  0.  0.  0.  0.  0.  0.  0.  0.  0.  0.  0.  0.
  0.  0.  0.  0.  0.  0.  0.  0.  0.  0.  0.  0.  0.  0.  0.  0.  0.  0.  0.
  0.  0.  0.  0.  0.  0.  0.  0.  0.  0.  0.  0.  0.  0.  0.  0.  0.  0.  0.
  0.  0.  0.  0.  0.  0.  0.  0.  0.  0.  0.  0.  0.  0.  0.  0.  0.  0.  0.
  0.  0.  0.  0.  0.  0.  0.  0.  0.  0.  0.  0.  0.  0.  0.  0.  0.  0.  0.
  0.  0.  0.  0.  0.  0.  0.  0.  0.  0.  0.  0.  0.  0.  0.  0.  0.  0.  0.
  0.  0.  0.  0.  0.  0.  0.  0.  0.  0.  0.  0.  0.  0.  0.  0.  0.  0.  0.
  0.  0.  0.  0.  0.  0.  0.  0.  0.  0.  0.  0.  0.  0.  0.  0.  0.  0.  0.
  0.  0.  0.  0.  0.  0.  0.  0.  0.  0.  0.  0.  0.  0.  0.  0.  0.  0.  0.
  0.  0.  0.  0.  0.  0.  0.  0.  0.  0.  0.  0.  0.  0.  0.  0.  0.  0.  0.
  0.  0.  0.  0.  0.  0.  0.  0.  0.  0.  0.  0.  0.  0.  0.  0.  0.  0.  0.
  0.  0.  0.  0.  0.  0.  0.  0.  0.  0.  0.  0.  0.  0.  0.  0.  0.  0.  0.
  0.  0.  0.  0.  0.  0.  0.  0.  0.  0.  0.  0.  0.  0.  0.  0.  0.  0.  0.
  0.  0.  0.  0.  0.  0.  0.  0.  0.  0.  0.  0.  0.  0.  0.  0.  0.  0.  0.
  0.  0.  0.  0.  0.  0.  0.  0.  0.  0.  0.  0.  0.  0.  0.  0.  0.  0.  0.
  0.  0.  0.  0.  0.  0.  0.  0.  0.  0.  0.  0.  0.  0.  0.  0.  0.  0.  0.
  0.  0.  0.  0.  0.  0.  0.  0.  0.  0.  0.  0.  0.  0.  0.  0.  0.  0.  0.
  0.  0.  0.  0.  0.  0.  0.  0.  0.  0.  0.  0.  0.  0.  0.  0.  0.  0.  0.
  0.  0.  0.  0.  0.  0.  0.  0.  0.  0.  0.  0.  0.  0.  0.  0.  0.  0.  0.
  0.  0.  0.  0.  0.  0.  0.  0.  0.  0.  0.  0.  0.  0.  0.  0.  0.  0.  0.
  0.  0.  0.  0.  0.  0.  0.  0.  0.  0.  0.  0.  0.  0.  0.  0.  0.  0.  0.
  0.  0.  0.  0.  0.  0.  0.  0.  0.  0.  0.  0.  0.  0.  0.  0.  0.  0.  0.
  0.  0.  0.  0.  0.  0.  0.  0.  0.  0.  0.  0.  0.  0.  0.  0.  0.  0.  0.
  0.  0.  0.  0.  0.  0.  0.  0.  0.  0.  0.  0.  0.  0.  0.  0.  0.  0.  0.
  0.  0.  0.  0.  0.  0.  0.  0.  0.  0.  0.  0.  0.  0.  0.  0.  0.  0.  0.
  0.  0.  0.  0.  0.  0.  0.  0.  0.  0.  0.  0.  0.  0.  0.  0.  0.  0.  0.
  0.  0.  0.  0.  0.  0.  0.  0.  0.  0.  0.  0.  0.  0.  0.  0.  0.  0.  0.
  0.  0.  0.  0.  0.  0.  0.  0.  0.  0.  0.  0.  0.  0.  0.  0.  0.  0.  0.
  0.  0.  0.  0.  0.  0.  0.  0.  0.  0.  0.  0.  0.  0.  0.  0.  0.  0.  0.
  0.  0.  0.  0.  0.  0.  0.  0.  0.  0.  0.  0.  0.  0.  0.  0.  0.  0.  0.
  0.  0.  0.  0.  0.  0.  0.  0.  0.  0.  0.  0.  0.  0.  0.  0.  0.  0.  0.
  0.  0.  0.  0.  0.  0.  0.  0.  0.  0.  0.  0.  0.  0.  0.  0.  0.  0.  0.
  0.  0.  0.  0.  0.  0.  0.  0.  0.  0.  0.  0.  0.  0.  0.  0.  0.  0.  0.
  0.  0.  0.  0.  0.  0.  0.  0.  0.  0.  0.  0.  0.  0.  0.  0.  0.  0.  0.
  0.  0.  0.  0.  0.  0.  0.  0.  0.  0.  0.  0.  0.  0.  0.  0.  0.  0.  0.
  0.  0.  0.  0.  0.  0.  0.  0.  0.  0.  0.  0.  0.  0.  0.  0.  0.  0.  0.
  0.  0.  0.  0.  0.  0.  0.  0.  0.  0.  0.  0.  0.  0.  0.  0.  0.  0.  0.
  0.  0.  0.  0.  0.  0.  0.  0.  0.  0.  0.  0.  0.  0.  0.  0.  0.  0.  0.
  0.  0.  0.  0.  0.  0.  0.  0.  0.  0.  0.  0.  0.  0.  0.  0.  0.  0.  0.
  0.  0.  0.  0.  0.  0.  0.  0.  0.  0.  0.  0.  0.  0.  0.  0.  0.  0.  0.
  0.  0.  0.  0.  0.  0.  0.  0.  0.  0.  0.  0.  0.  0.  0.  0.  0.  0.  0.
  0.  0.  0.  0.  0.  0.  0.  0.  0.  0.  0.  0.  0.  0.  0.  0.  0.  0.  0.
  0.  0.  0.  0.  0.  0.  0.  0.  0.  0.  0.  0.  0.  0.  0.  0.  0.  0.  0.
  0.  0.  0.  0.  0.  0.  0.  0.  0.  0.  0.  0.  0.  0.  0.  0.  0.  0.  0.
  0.  0.  0.  0.  0.  0.  0.  0.  0.  0.  0.  0.  0.  0.  0.  0.  0.  0.  0.
  0.  0.  0.  0.  0.  0.  0.  0.  0.  0.  0.  0.  0.  0.  0.  0.  0.  0.  0.
  0.  0.  0.  0.  0.  0.  0.  0.  0.  0.  0.  0.  0.  0.  0.  0.  0.  0.  0.
  0.  0.  0.  0.  0.  0.  0.  0.  0.  0.  0.  0.  0.  0.  0.  0.  0.  0.  0.
  0.  0.  0.  0.  0.  0.  0.  0.  0.  0.  0.  0.  0.  0.  0.  0.  0.  0.  0.
  0.  0.  0.  0.  0.  0.  0.  0.  0.  0.  0.  0.  0.  0.  0.  0.  0.  0.  0.
  0.  0.  0.  0.  0.  0.  0.  0.  0.  0.  0.  0.  0.  0.  0.  0.  0.  0.  0.
  0.  0.  0.  0.  0.  0.  0.  0.  0.  0.  0.  0.  0.  0.  0.  0.  0.  0.  0.
  0.  0.  0.  0.  0.  0.  0.  0.  0.  0.  0.  0.  0.  0.  0.  0.  0.  0.  0.
  0.  0.  0.  0.  0.  0.  0.  0.  0.  0.  0.  0.  0.  0.  0.  0.  0.  0.  0.
  0.  0.  0.  0.  0.  0.  0.  0.  0.  0.  0.  0.  0.  0.  0.  0.  0.  0.  0.
  0.  0.  0.  0.  0.  0.  0.  0.  0.  0.  0.  0.  0.  0.  0.  0.  0.  0.  0.
  0.  0.  0.  0.  0.  0.  0.  0.  0.  0.  0.  0.  0.  0.  0.  0.  0.  0.  0.
  0.  0.  0.  0.  0.  0.  0.  0.  0.  0.  0.  0.  0.  0.  0.  0.  0.  0.  0.
  0.  0.  0.  0.  0.  0.  0.  0.  0.  0.  0.  0.  0.  0.  0.  0.  0.  0.  0.
  0.  0.  0.  0.  0.  0.  0.  0.  0.  0.  0.  0.  0.  0.  0.  0.  0.  0.  0.
  0.  0.  0.  0.  0.  0.  0.  0.  0.  0.  0.  0.  0.  0.  0.  0.  0.  0.  0.
  0.  0.  0.  0.  0.  0.  0.  0.  0.  0.  0.  0.  0.  0.  0.  0.  0.  0.  0.
  0.  0.  0.  0.  0.  0.  0.  0.  0.  0.  0.  0.  0.  0.  0.  0.  0.  0.  0.
  0.  0.  0.  0.  0.  0.  0.  0.  0.  0.  0.  0.  0.  0.  0.  0.  0.  0.  0.
  0.  0.  0.  0.  0.  0.  0.  0.  0.  0.  0.  0.  0.  0.  0.  0.  0.  0.  0.
  0.  0.  0.  0.  0.  0.  0.  0.  0.  0.  0.  0.  0.  0.  0.  0.  0.  0.  0.
  0.  0.  0.  0.  0.  0.  0.  0.  0.  0.  0.  0.  0.  0.  0.  0.  0.  0.  0.
  0.  0.  0.  0.  0.  0.  0.  0.  0.  0.  0.  0.  0.  0.  0.  0.  0.  0.  0.
  0.  0.  0.  0.  0.  0.  0.  0.  0.  0.  0.  0.  0.  0.  0.  0.  0.  0.  0.
  0.  0.  0.  0.  0.  0.  0.  0.  0.  0.  0.  0.  0.  0.  0.  0.  0.  0.  0.
  0.  0.  0.  0.  0.  0.  0.  0.  0.  0.  0.  0.  0.  0.  0.  0.  0.  0.  0.
  0.  0.  0.  0.  0.  0.  0.  0.  0.  0.  0.  0.  0.  0.  0.  0.  0.  0.  0.
  0.  0.  0.  0.  0.  0.  0.  0.  0.  0.  0.  0.  0.  0.  0.  0.  0.  0.  0.
  0.  0.  0.  0.  0.  0.  0.  0.  0.  0.  0.  0.  0.  0.  0.  0.  0.  0.  0.
  0.  0.  0.  0.  0.  0.  0.  0.  0.  0.  0.  0.  0.  0.  0.  0.  0.  0.  0.
  0.  0.  0.  0.  0.  0.  0.  0.  0.  0.  0.  0.  0.  0.  0.  0.  0.  0.  0.
  0.  0.  0.  0.  0.  0.  0.  0.  0.  0.  0.  0.  0.  0.  0.  0.  0.  0.  0.
  0.  0.  0.  0.  0.  0.  0.  0.  0.  0.  0.  0.  0.  0.  0.  0.  0.  0.  0.
  0.  0.  0.  0.  0.  0.  0.  0.  0.  0.  0.  0.  0.  0.  0.  0.  0.  0.  0.
  0.  0.  0.  0.  0.  0.  0.  0.  0.  0.  0.  0.  0.  0.  0.  0.  0.  0.  0.
  0.  0.  0.  0.  0.  0.  0.  0.  0.  0.  0.  0.  0.  0.  0.  0.  0.  0.  0.
  0.  0.  0.  0.  0.  0.  0.  0.  0.  0.  0.  0.  0.  0.  0.  0.  0.  0.  0.
  0.  0.  0.  0.  0.  0.  0.  0.  0.  0.  0.  0.  0.  0.  0.  0.  0.  0.  0.
  0.  0.  0.  0.  0.  0.  0.  0.  0.  0.  0.  0.  0.  0.  0.  0.  0.  0.  0.
  0.  0.  0.  0.  0.  0.  0.  0.  0.  0.  0.  0.  0.  0.  0.  0.  0.  0.  0.
  0.  0.  0.  0.  0.  0.  0.  0.  0.  0.  0.  0.  0.  0.  0.  0.  0.  0.  0.
  0.  0.  0.  0.  0.  0.  0.  0.  0.  0.  0.  0.  0.  0.  0.  0.  0.  0.  0.
  0.  0.  0.  0.  0.  0.  0.  0.  0.  0.  0.  0.  0.  0.  0.  0.  0.  0.  0.
  0.  0.  0.  0.  0.  0.  0.  0.  0.  0.  0.  0.  0.  0.  0.  0.  0.  0.  0.
  0.  0.  0.  0.  0.  0.  0.  0.  0.  0.  0.  0.  0.  0.  0.  0.  0.  0.  0.
  0.  0.  0.  0.  0.  0.  0.  0.  0.  0.  0.  0.  0.  0.  0.  0.  0.  0.  0.
  0.  0.  0.  0.  0.  0.  0.  0.  0.  0.  0.  0.  0.  0.  0.  0.  0.  0.  0.
  0.  0.  0.  0.  0.  0.  0.  0.  0.  0.  0.  0.  0.  0.  0.  0.  0.  0.  0.
  0.  0.  0.  0.  0.  0.  0.  0.  0.  0.  0.  0.  0.  0.  0.  0.  0.  0.  0.
  0.  0.  0.  0.  0.  0.  0.  0.  0.  0.  0.  0.  0.  0.  0.  0.  0.  0.  0.
  0.  0.  0.  0.  0.  0.  0.  0.  0.  0.  0.  0.  0.  0.  0.  0.  0.  0.  0.
  0.  0.  0.  0.  0.  0.  0.  0.  0.  0.  0.  0.  0.  0.  0.  0.  0.  0.  0.
  0.  0.  0.  0.  0.  0.  0.  0.  0.  0.  0.  0.  0.  0.  0.  0.  0.  0.  0.
  0.  0.  0.  0.  0.  0.  0.  0.  0.  0.  0.  0.  0.  0.  0.  0.  0.  0.  0.
  0.  0.  0.  0.  0.  0.  0.  0.  0.  0.  0.  0.  0.  0.  0.  0.  0.  0.  0.
  0.  0.  0.  0.  0.  0.  0.  0.  0.  0.  0.  0.  0.  0.  0.  0.  0.  0.  0.
  0.  0.  0.  0.  0.  0.  0.  0.  0.  0.  0.  0.  0.  0.  0.  0.  0.  0.  0.
  0.  0.  0.  0.  0.  0.  0.  0.  0.  0.  0.  0.  0.  0.  0.  0.  0.  0.  0.
  0.  0.  0.  0.  0.  0.  0.  0.  0.  0.  0.  0.  0.  0.  0.  0.  0.  0.  0.
  0.  0.  0.  0.  0.  0.  0.  0.  0.  0.  0.  0.  0.  0.  0.  0.  0.  0.  0.
  0.  0.  0.  0.  0.  0.  0.  0.  0.  0.  0.  0.  0.  0.  0.  0.  0.  0.  0.
  0.  0.  0.  0.  0.  0.  0.  0.  0.  0.  0.  0.  0.  0.  0.  0.  0.  0.  0.
  0.  0.  0.  0.  0.  0.  0.  0.  0.  0.  0.  0.  0.  0.  0.  0.  0.  0.  0.
  0.  0.  0.  0.  0.  0.  0.  0.  0.  0.  0.  0.  0.  0.  0.  0.  0.  0.  0.
  0.  0.  0.  0.  0.  0.  0.  0.  0.  0.  0.  0.  0.  0.  0.  0.  0.  0.  0.
  0.  0.  0.  0.  0.  0.  0.  0.  0.  0.  0.  0.  0.  0.  0.  0.  0.  0.  0.
  0.  0.  0.  0.  0.  0.  0.  0.  0.  0.  0.  0.  0.  0.  0.  0.  0.  0.  0.
  0.  0.  0.  0.  0.  0.  0.  0.  0.  0.  0.  0.  0.  0.  0.  0.  0.  0.  0.
  0.  0.  0.  0.  0.  0.  0.  0.  0.  0.  0.  0.  0.  0.  0.  0.  0.  0.  0.
  0.  0.  0.  0.  0.  0.  0.  0.  0.  0.  0.  0.  0.  0.  0.  0.  0.  0.  0.
  0.  0.  0.  0.  0.  0.  0.  0.  0.  0.  0.  0.  0.  0.  0.  0.  0.  0.  0.
  0.  0.  0.  0.  0.  0.  0.  0.  0.  0.  0.  0.  0.  0.  0.  0.  0.  0.  0.
  0.  0.  0.  0.  0.  0.  0.  0.  0.  0.  0.  0.  0.  0.  0.  0.  0.  0.  0.
  0.  0.  0.  0.  0.  0.  0.  0.  0.  0.  0.  0.  0.  0.  0.  0.  0.  0.  0.
  0.  0.  0.  0.  0.  0.  0.  0.  0.  0.  0.  0.  0.  0.  0.  0.  0.  0.  0.
  0.  0.  0.  0.  0.  0.  0.  0.  0.  0.  0.  0.  0.  0.  0.  0.  0.  0.  0.
  0.  0.  0.  0.  0.  0.  0.  0.  0.  0.  0.  0.  0.  0.  0.  0.  0.  0.  0.
  0.  0.  0.  0.  0.  0.  0.  0.  0.  0.  0.  0.  0.  0.  0.  0.  0.  0.  0.
  0.  0.  0.  0.  0.  0.  0.  0.  0.  0.  0.  0.  0.  0.  0.  0.  0.  0.  0.
  0.  0.  0.  0.  0.  0.  0.  0.  0.  0.  0.  0.  0.  0.  0.  0.  0.  0.  0.
  0.  0.  0.  0.  0.  0.  0.  0.  0.  0.  0.  0.  0.  0.  0.  0.  0.  0.  0.
  0.  0.  0.  0.  0.  0.  0.  0.  0.  0.  0.  0.  0.  0.  0.  0.  0.  0.  0.
  0.  0.  0.  0.  0.  0.  0.  0.  0.  0.  0.  0.  0.  0.  0.  0.  0.  0.  0.
  0.  0.  0.  0.  0.  0.  0.  0.  0.  0.  0.  0.  0.  0.  0.  0.  0.  0.  0.
  0.  0.  0.  0.  0.  0.  0.  0.  0.  0.  0.  0.  0.  0.  0.  0.  0.  0.  0.
  0.  0.  0.  0.  0.  0.  0.  0.  0.  0.  0.  0.  0.  0.  0.  0.  0.  0.  0.
  0.  0.  0.  0.  0.  0.  0.  0.  0.  0.  0.  0.  0.  0.  0.  0.  0.  0.  0.
  0.  0.  0.  0.  0.  0.  0.  0.  0.  0.  0.  0.  0.  0.  0.  0.  0.  0.  0.
  0.  0.  0.  0.  0.  0.  0.  0.  0.  0.  0.  0.  0.  0.  0.  0.  0.  0.  0.
  0.  0.  0.  0.  0.  0.  0.  0.  0.  0.  0.  0.  0.  0.  0.  0.  0.  0.  0.
  0.  0.  0.  0.  0.  0.  0.  0.  0.  0.  0.  0.  0.  0.  0.  0.  0.  0.  0.
  0.  0.  0.  0.  0.  0.  0.  0.  0.  0.  0.  0.  0.  0.  0.  0.  0.  0.  0.
  0.  0.  0.  0.  0.  0.  0.  0.  0.  0.  0.  0.  0.  0.  0.  0.  0.  0.  0.
  0.  0.  0.  0.  0.  0.  0.  0.  0.  0.  0.  0.  0.  0.  0.  0.  0.  0.  0.
  0.  0.  0.  0.  0.  0.  0.  0.  0.  0.  0.  0.  0.  0.  0.  0.  0.  0.  0.
  0.  0.  0.  0.  0.  0.  0.  0.  0.  0.  0.  0.  0.  0.  0.  0.  0.  0.  0.
  0.  0.  0.  0.  0.  0.  0.  0.  0.  0.  0.  0.  0.  0.  0.  0.  0.  0.  0.
  0.  0.  0.  0.  0.  0.  0.  0.  0.  0.  0.  0.  0.  0.  0.  0.  0.  0.  0.
  0.  0.  0.  0.  0.  0.  0.  0.  0.  0.  0.  0.  0.  0.  0.  0.  0.  0.  0.
  0.  0.  0.  0.  0.  0.  0.  0.  0.  0.  0.  0.  0.  0.  0.  0.  0.  0.  0.
  0.  0.  0.  0.  0.  0.  0.  0.  0.  0.  0.  0.  0.  0.  0.  0.  0.  0.  0.
  0.  0.  0.  0.  0.  0.  0.  0.  0.  0.  0.  0.  0.  0.  0.  0.  0.  0.  0.
  0.  0.  0.  0.  0.  0.  0.  0.  0.  0.  0.  0.  0.  0.  0.  0.  0.  0.  0.
  0.  0.  0.  0.  0.  0.  0.  0.  0.  0.  0.  0.  0.  0.  0.  0.  0.  0.  0.
  0.  0.  0.  0.  0.  0.  0.  0.  0.  0.  0.  0.  0.  0.  0.  0.  0.  0.  0.
  0.  0.  0.  0.  0.  0.  0.  0.  0.  0.  0.  0.  0.  0.  0.  0.  0.  0.  0.
  0.  0.  0.  0.  0.  0.  0.  0.  0.  0.  0.  0.  0.  0.  0.  0.  0.  0.  0.
  0.  0.  0.  0.  0.  0.  0.  0.  0.  0.  0.  0.  0.  0.  0.  0.  0.  0.  0.
  0.  0.  0.  0.  0.  0.  0.  0.  0.  0.  0.  0.  0.  0.  0.  0.  0.  0.  0.
  0.  0.  0.  0.  0.  0.  0.  0.  0.  0.  0.  0.  0.  0.  0.  0.  0.  0.  0.
  0.  0.  0.  0.  0.  0.  0.  0.  0.  0.  0.  0.  0.  0.  0.  0.  0.  0.  0.
  0.  0.  0.  0.  0.  0.  0.  0.  0.  0.  0.  0.  0.  0.  0.  0.  0.  0.  0.
  0.  0.  0.  0.  0.  0.  0.  0.  0.  0.  0.  0.  0.  0.  0.  0.  0.  0.  0.
  0.  0.  0.  0.  0.  0.  0.  0.  0.  0.  0.  0.  0.  0.  0.  0.  0.  0.  0.
  0.  0.  0.  0.  0.  0.  0.  0.  0.  0.  0.  0.  0.  0.  0.  0.  0.  0.  0.
  0.  0.  0.  0.  0.  0.  0.  0.  0.  0.  0.  0.  0.  0.  0.  0.  0.  0.  0.
  0.  0.  0.  0.  0.  0.  0.  0.  0.  0.  0.  0.  0.  0.  0.  0.  0.  0.  0.
  0.  0.  0.  0.  0.  0.  0.  0.  0.  0.  0.  0.  0.  0.  0.  0.  0.  0.  0.
  0.  0.  0.  0.  0.  0.  0.  0.  0.  0.  0.  0.  0.  0.  0.  0.  0.  0.  0.
  0.  0.  0.  0.  0.  0.  0.  0.  0.  0.  0.  0.  0.  0.  0.  0.  0.  0.  0.
  0.  0.  0.  0.  0.  0.  0.  0.  0.  0.  0.  0.  0.  0.  0.  0.  0.  0.  0.
  0.  0.  0.  0.  0.  0.  0.  0.  0.  0.  0.  0.  0.  0.  0.  0.  0.  0.  0.
  0.  0.  0.  0.  0.  0.  0.  0.  0.  0.  0.  0.  0.  0.  0.  0.  0.  0.  0.
  0.  0.  0.  0.  0.  0.  0.  0.  0.  0.  0.  0.  0.  0.  0.  0.  0.  0.  0.
  0.  0.  0.  0.  0.  0.  0.  0.  0.  0.  0.  0.  0.  0.  0.  0.  0.  0.  0.
  0.  0.  0.  0.  0.  0.  0.  0.  0.  0.  0.  0.  0.  0.  0.  0.  0.  0.  0.
  0.  0.  0.  0.  0.  0.  0.  0.  0.  0.  0.  0.  0.  0.  0.  0.  0.  0.  0.
  0.  0.  0.  0.  0.  0.  0.  0.  0.  0.  0.  0.  0.  0.  0.  0.  0.  0.  0.
  0.  0.  0.  0.  0.  0.  0.  0.  0.  0.  0.  0.  0.  0.  0.  0.  0.  0.  0.
  0.  0.  0.  0.  0.  0.  0.  0.  0.  0.  0.  0.  0.  0.  0.  0.  0.  0.  0.
  0.  0.  0.  0.  0.  0.  0.  0.  0.  0.  0.  0.  0.  0.  0.  0.  0.  0.  0.
  0.  0.  0.  0.  0.  0.  0.  0.  0.  0.  0.  0.  0.  0.  0.  0.  0.  0.  0.
  0.  0.  0.  0.  0.  0.  0.  0.  0.  0.  0.  0.  0.  0.  0.  0.  0.  0.  0.
  0.  0.  0.  0.  0.  0.  0.  0.  0.  0.  0.  0.  0.  0.  0.  0.  0.  0.  0.
  0.  0.  0.  0.  0.  0.  0.  0.  0.  0.  0.  0.  0.  0.  0.  0.  0.  0.  0.
  0.  0.  0.  0.  0.  0.  0.  0.  0.  0.  0.  0.  0.  0.  0.  0.  0.  0.  0.
  0.  0.  0.  0.  0.  0.  0.  0.  0.  0.  0.  0.  0.  0.  0.  0.  0.  0.  0.
  0.  0.  0.  0.  0.  0.  0.  0.  0.  0.  0.  0.  0.  0.  0.  0.  0.  0.  0.
  0.  0.  0.  0.  0.  0.  0.  0.  0.  0.  0.  0.  0.  0.  0.  0.  0.  0.  0.
  0.  0.  0.  0.  0.  0.  0.  0.  0.  0.  0.  0.  0.  0.  0.  0.  0.  0.  0.
  0.  0.  0.  0.  0.  0.  0.  0.  0.  0.  0.  0.  0.  0.  0.  0.  0.  0.  0.
  0.  0.  0.  0.  0.  0.  0.  0.  0.  0.  0.  0.  0.  0.  0.  0.  0.  0.  0.
  0.  0.  0.  0.  0.  0.  0.  0.  0.  0.  0.  0.  0.  0.  0.  0.  0.  0.  0.
  0.  0.  0.  0.  0.  0.  0.  0.  0.  0.  0.  0.  0.  0.  0.  0.  0.  0.  0.
  0.  0.  0.  0.  0.  0.  0.  0.  0.  0.  0.  0.  0.  0.  0.  0.  0.  0.  0.
  0.  0.  0.  0.  0.  0.  0.  0.  0.  0.  0.  0.  0.  0.  0.  0.  0.  0.  0.
  0.  0.  0.  0.  0.  0.  0.  0.  0.  0.  0.  0.  0.  0.  0.  0.  0.  0.  0.
  0.  0.  0.  0.  0.  0.  0.  0.  0.  0.  0.  0.  0.  0.  0.  0.  0.  0.  0.
  0.  0.  0.  0.  0.  0.  0.  0.  0.  0.  0.  0.  0.  0.  0.  0.  0.  0.  0.
  0.  0.  0.  0.  0.  0.  0.  0.  0.  0.  0.  0.  0.  0.  0.  0.  0.  0.  0.
  0.  0.  0.  0.  0.  0.  0.  0.  0.  0.  0.  0.  0.  0.  0.  0.  0.  0.  0.
  0.  0.  0.  0.  0.  0.  0.  0.  0.  0.  0.  0.  0.  0.  0.  0.  0.  0.  0.
  0.  0.  0.  0.  0.  0.  0.  0.  0.  0.  0.  0.  0.  0.  0.  0.  0.  0.  0.
  0.  0.  0.  0.  0.  0.  0.  0.  0.  0.  0.  0.  0.  0.  0.  0.  0.  0.  0.
  0.  0.  0.  0.  0.  0.  0.  0.  0.  0.  0.  0.  0.  0.  0.  0.  0.  0.  0.
  0.  0.  0.  0.  0.  0.  0.  0.  0.  0.  0.  0.  0.  0.  0.  0.  0.  0.  0.
  0.  0.  0.  0.  0.  0.  0.  0.  0.  0.  0.  0.  0.  0.  0.  0.  0.  0.  0.
  0.  0.  0.  0.  0.  0.  0.  0.  0.  0.  0.  0.  0.  0.  0.  0.  0.  0.  0.
  0.  0.  0.  0.  0.  0.  0.  0.  0.  0.  0.  0.  0.  0.  0.  0.  0.  0.  0.
  0.  0.  0.  0.  0.  0.  0.  0.  0.  0.  0.  0.  0.  0.  0.  0.  0.  0.  0.
  0.  0.  0.  0.  0.  0.  0.  0.  0.  0.  0.  0.  0.  0.  0.  0.  0.  0.  0.
  0.  0.  0.  0.  0.  0.  0.  0.  0.  0.  0.  0.  0.  0.  0.  0.  0.  0.  0.
  0.  0.  0.  0.  0.  0.  0.  0.  0.  0.  0.  0.  0.  0.  0.  0.  0.  0.  0.
  0.  0.  0.  0.  0.  0.  0.  0.  0.  0.  0.  0.  0.  0.  0.  0.  0.  0.  0.
  0.  0.  0.  0.  0.  0.  0.  0.  0.  0.  0.  0.  0.  0.  0.  0.  0.  0.  0.
  0.  0.  0.  0.  0.  0.  0.  0.  0.  0.  0.  0.  0.  0.  0.  0.  0.  0.  0.
  0.  0.  0.  0.  0.  0.  0.  0.  0.  0.  0.  0.  0.  0.  0.  0.  0.  0.  0.
  0.  0.  0.  0.  0.  0.  0.  0.  0.  0.  0.  0.  0.  0.  0.  0.  0.  0.  0.
  0.  0.  0.  0.  0.  0.  0.  0.  0.  0.  0.  0.  0.  0.  0.  0.  0.  0.  0.
  0.  0.  0.  0.  0.  0.  0.  0.  0.  0.  0.  0.  0.  0.  0.  0.  0.  0.  0.
  0.  0.  0.  0.  0.  0.  0.  0.  0.  0.  0.  0.  0.  0.  0.  0.  0.  0.  0.
  0.  0.  0.  0.  0.  0.  0.  0.  0.  0.  0.  0.  0.  0.  0.  0.  0.  0.  0.
  0.  0.  0.  0.  0.  0.  0.  0.  0.  0.  0.  0.  0.  0.  0.  0.  0.  0.  0.
  0.  0.  0.  0.  0.  0.  0.  0.  0.  0.  0.  0.  0.  0.  0.  0.  0.  0.  0.
  0.  0.  0.  0.  0.  0.  0.  0.  0.  0.  0.  0.  0.  0.  0.  0.  0.  0.  0.
  0.  0.  0.  0.  0.  0.  0.  0.  0.  0.  0.  0.  0.  0.  0.  0.  0.  0.  0.
  0.  0.  0.  0.  0.  0.  0.  0.  0.  0.  0.  0.  0.  0.  0.  0.  0.  0.  0.
  0.  0.  0.  0.  0.  0.  0.  0.  0.  0.  0.  0.  0.  0.  0.  0.  0.  0.  0.
  0.  0.  0.  0.  0.  0.  0.  0.  0.  0.  0.  0.  0.  0.  0.  0.  0.  0.  0.
  0.  0.  0.  0.  0.  0.  0.  0.  0.  0.  0.  0.  0.  0.  0.  0.  0.  0.  0.
  0.  0.  0.  0.  0.  0.  0.  0.  0.  0.  0.  0.  0.  0.  0.  0.  0.  0.  0.
  0.  0.  0.  0.  0.  0.  0.  0.  0.  0.  0.  0.  0.  0.  0.  0.  0.  0.  0.
  0.  0.  0.  0.  0.  0.  0.  0.  0.  0.  0.  0.  0.  0.  0.  0.  0.  0.  0.
  0.  0.  0.  0.  0.  0.  0.  0.  0.  0.  0.  0.  0.  0.  0.  0.  0.  0.  0.
  0.  0.  0.  0.  0.  0.  0.  0.  0.  0.  0.  0.  0.  0.  0.  0.  0.  0.  0.
  0.  0.  0.  0.  0.  0.  0.  0.  0.  0.  0.  0.  0.  0.  0.  0.  0.  0.  0.
  0.  0.  0.  0.  0.  0.  0.  0.  0.  0.  0.  0.  0.  0.  0.  0.  0.  0.  0.
  0.  0.  0.  0.  0.  0.  0.  0.  0.  0.  0.  0.  0.  0.  0.  0.  0.  0.  0.
  0.  0.  0.  0.  0.  0.  0.  0.  0.  0.  0.  0.  0.  0.  0.  0.  0.  0.  0.
  0.  0.  0.  0.  0.  0.  0.  0.  0.  0.  0.  0.  0.  0.  0.  0.  0.  0.  0.
  0.  0.  0.  0.  0.  0.  0.  0.  0.  0.  0.  0.  0.  0.  0.  0.  0.  0.  0.
  0.  0.  0.  0.  0.  0.  0.  0.  0.  0.  0.  0.  0.  0.  0.  0.  0.  0.  0.
  0.  0.  0.  0.  0.  0.  0.  0.  0.  0.  0.  0.  0.  0.  0.  0.  0.  0.  0.
  0.  0.  0.  0.  0.  0.  0.  0.  0.  0.  0.  0.  0.  0.  0.  0.  0.  0.  0.
  0.  0.  0.  0.  0.  0.  0.  0.  0.  0.  0.  0.  0.  0.  0.  0.  0.  0.  0.
  0.  0.  0.  0.  0.  0.  0.  0.  0.  0.  0.  0.  0.  0.  0.  0.  0.  0.  0.
  0.  0.  0.  0.  0.  0.  0.  0.  0.  0.  0.  0.  0.  0.  0.  0.  0.  0.  0.
  0.  0.  0.  0.  0.  0.  0.  0.  0.  0.  0.  0.  0.  0.  0.  0.  0.  0.  0.
  0.  0.  0.  0.  0.  0.  0.  0.  0.  0.  0.  0.  0.  0.  0.  0.  0.  0.  0.
  0.  0.  0.  0.  0.  0.  0.  0.  0.  0.  0.  0.  0.  0.  0.  0.  0.  0.  0.
  0.  0.  0.  0.  0.  0.  0.  0.  0.  0.  0.  0.  0.  0.  0.  0.  0.  0.  0.
  0.  0.  0.  0.  0.  0.  0.  0.  0.  0.  0.  0.  0.  0.  0.  0.  0.  0.  0.
  0.  0.  0.  0.  0.  0.  0.  0.  0.  0.  0.  0.  0.  0.  0.  0.  0.  0.  0.
  0.  0.  0.  0.  0.  0.  0.  0.  0.  0.  0.  0.  0.  0.  0.  0.  0.  0.  0.
  0.  0.  0.  0.  0.  0.  0.  0.  0.  0.  0.  0.  0.  0.  0.  0.  0.  0.  0.
  0.  0.  0.  0.  0.  0.  0.  0.  0.  0.  0.  0.  0.  0.  0.  0.  0.  0.  0.
  0.  0.  0.  0.  0.  0.  0.  0.  0.  0.  0.  0.  0.  0.  0.  0.  0.  0.  0.
  0.  0.  0.  0.  0.  0.  0.  0.  0.  0.  0.  0.  0.  0.  0.  0.  0.  0.  0.
  0.  0.  0.  0.  0.  0.  0.  0.  0.  0.  0.  0.  0.  0.  0.  0.  0.  0.  0.
  0.  0.  0.  0.  0.  0.  0.  0.  0.  0.  0.  0.  0.  0.  0.  0.  0.  0.  0.
  0.  0.  0.  0.  0.  0.  0.  0.  0.  0.  0.  0.  0.  0.  0.  0.  0.  0.  0.
  0.  0.  0.  0.  0.  0.  0.  0.  0.  0.  0.  0.  0.  0.  0.  0.  0.  0.  0.
  0.  0.  0.  0.  0.  0.  0.  0.  0.  0.  0.  0.  0.  0.  0.  0.  0.  0.  0.
  0.  0.  0.  0.  0.  0.  0.  0.  0.  0.  0.  0.  0.  0.  0.  0.  0.  0.  0.
  0.  0.  0.  0.  0.  0.  0.  0.  0.  0.  0.  0.  0.  0.  0.  0.  0.  0.  0.
  0.  0.  0.  0.  0.  0.  0.  0.  0.  0.  0.  0.  0.  0.  0.  0.  0.  0.  0.
  0.  0.  0.  0.  0.  0.  0.  0.  0.  0.  0.  0.  0.  0.  0.  0.  0.  0.  0.
  0.  0.  0.  0.  0.  0.  0.  0.  0.  0.  0.  0.  0.  0.  0.  0.  0.  0.  0.
  0.  0.  0.  0.  0.  0.  0.  0.  0.  0.  0.  0.  0.  0.  0.  0.  0.  0.  0.
  0.  0.  0.  0.  0.  0.  0.  0.  0.  0.  0.  0.  0.  0.  0.  0.  0.  0.  0.
  0.  0.  0.  0.  0.  0.  0.  0.  0.  0.  0.  0.  0.  0.  0.  0.  0.  0.  0.
  0.  0.  0.  0.  0.  0.  0.  0.  0.  0.  0.  0.  0.  0.  0.  0.  0.  0.  0.
  0.  0.  0.  0.  0.  0.  0.  0.  0.  0.  0.  0.  0.  0.  0.  0.  0.  0.  0.
  0.  0.  0.  0.  0.  0.  0.  0.  0.  0.  0.  0.  0.  0.  0.  0.  0.  0.  0.
  0.  0.  0.  0.  0.  0.  0.  0.  0.  0.  0.  0.  0.  0.  0.  0.  0.  0.  0.
  0.  0.  0.  0.  0.  0.  0.  0.  0.  0.  0.  0.  0.  0.  0.  0.  0.  0.  0.
  0.  0.  0.  0.  0.  0.  0.  0.  0.  0.  0.  0.  0.  0.  0.  0.  0.  0.  0.
  0.  0.  0.  0.  0.  0.  0.  0.  0.  0.  0.  0.  0.  0.  0.  0.  0.  0.  0.
  0.  0.  0.  0.  0.  0.  0.  0.  0.  0.  0.  0.  0.  0.  0.  0.  0.  0.  0.
  0.  0.  0.  0.  0.  0.  0.  0.  0.  0.  0.  0.  0.  0.  0.  0.  0.  0.  0.
  0.  0.  0.  0.  0.  0.  0.  0.  0.  0.  0.  0.  0.  0.  0.  0.  0.  0.  0.
  0.  0.  0.  0.  0.  0.  0.  0.  0.  0.  0.  0.  0.  0.  0.  0.  0.  0.  0.
  0.  0.  0.  0.  0.  0.  0.  0.  0.  0.  0.  0.  0.  0.  0.  0.  0.  0.  0.
  0.  0.  0.  0.  0.  0.  0.  0.  0.  0.  0.  0.  0.  0.  0.  0.  0.  0.  0.
  0.  0.  0.  0.  0.  0.  0.  0.  0.  0.  0.  0.  0.  0.  0.  0.  0.  0.  0.
  0.  0.  0.  0.  0.  0.  0.  0.  0.  0.  0.  0.  0.  0.  0.  0.  0.  0.  0.
  0.  0.  0.  0.  0.  0.  0.  0.  0.  0.  0.  0.  0.  0.  0.  0.  0.  0.  0.
  0.  0.  0.  0.  0.  0.  0.  0.  0.  0.  0.  0.  0.  0.  0.  0.  0.  0.  0.
  0.  0.  0.  0.  0.  0.  0.  0.  0.  0.  0.  0.  0.  0.  0.  0.  0.  0.  0.
  0.  0.  0.  0.  0.  0.  0.  0.  0.  0.  0.  0.  0.  0.  0.  0.  0.  0.  0.
  0.  0.  0.  0.  0.  0.  0.  0.  0.  0.  0.  0.  0.  0.  0.  0.  0.  0.  0.
  0.  0.  0.  0.  0.  0.  0.  0.  0.  0.  0.  0.  0.  0.  0.  0.  0.  0.  0.
  0.  0.  0.  0.  0.  0.  0.  0.  0.  0.  0.  0.  0.  0.  0.  0.  0.  0.  0.
  0.  0.  0.  0.  0.  0.  0.  0.  0.  0.  0.  0.  0.  0.  0.  0.  0.  0.  0.
  0.  0.  0.  0.  0.  0.  0.  0.  0.  0.  0.  0.  0.  0.  0.  0.  0.  0.  0.
  0.  0.  0.  0.  0.  0.  0.  0.  0.  0.  0.  0.  0.  0.  0.  0.  0.  0.  0.
  0.  0.  0.  0.  0.  0.  0.  0.  0.  0.  0.  0.  0.  0.  0.  0.  0.  0.  0.
  0.  0.  0.  0.  0.  0.  0.  0.  0.  0.  0.  0.  0.  0.  0.  0.  0.  0.  0.
  0.  0.  0.  0.  0.  0.  0.  0.  0.  0.  0.  0.  0.  0.  0.  0.  0.  0.  0.
  0.  0.  0.  0.  0.  0.  0.  0.  0.  0.  0.  0.  0.  0.  0.  0.  0.  0.  0.
  0.  0.  0.  0.  0.  0.  0.  0.  0.  0.  0.  0.  0.  0.  0.  0.  0.  0.  0.
  0.  0.  0.  0.  0.  0.  0.  0.  0.  0.  0.  0.  0.  0.  0.  0.  0.  0.  0.
  0.  0.  0.  0.  0.  0.  0.  0.  0.  0.  0.  0.  0.  0.  0.  0.  0.  0.  0.
  0.  0.  0.  0.  0.  0.  0.  0.  0.  0.  0.  0.  0.  0.  0.  0.  0.  0.  0.
  0.  0.  0.  0.  0.  0.  0.  0.  0.  0.  0.  0.  0.  0.  0.  0.  0.  0.
