  0.0458986647  0.080354169  0.099516362  0.123469129  0.0904510394
  0.0768871605  0.0686983913  0.0692783967  0.0756819546  0.0812413916
  0.0850630254  0.0907765031  0.104471743  0.127343133  0.152424604
  0.175931126  0.146607012  0.128531039  0.120802686  0.123035647  0.135341451
  0.157785684  0.189758837  0.190751567  0.179967731  0.15333198  0.130975947
  0.129549891  0.133386448  0.144307911  0.155736208  0.165949732  0.17129299
  0.169456229  0.159503117  0.128143385  0.0819906071  0.0191173702
 -0.0533034243 -0.177532792 -0.315337479 -0.473690391 -0.647315025 -0.72788763
 -0.821836948 -0.852935255 -0.877816498 -0.897732854 -0.91368109 -0.824046314
 -0.752340317 -0.694969416 -0.64907378 -0.530437231 -0.43552804 -0.359676212
 -0.29899475 -0.250449538 -0.190138564 -0.141881019  0.0298621897  0.0643177107
  0.104954712  0.128907502  0.159707412  0.120154798  0.105405293  0.0978557914
  0.0993542746  0.106221452  0.114699222  0.128693596  0.151250184  0.177520618
  0.202615649  0.160598427  0.131287575  0.113215603  0.105487287  0.107720234
  0.119338855  0.139309227  0.168396175  0.188757583  0.177898228  0.177907631
  0.178534165  0.18521142  0.197168127  0.212794736  0.230577424  0.242508933
  0.247852236  0.2460154  0.236625269  0.218026564  0.173209906  0.108863108
 -0.0189700387 -0.147185028 -0.287463665 -0.446503788 -0.63387233 -0.842445016
 -0.963237882 -1.09673941 -1.12163234 -1.14156234 -1.02951634 -0.939883471
 -0.86816895 -0.810798883 -0.662503242 -0.543866634 -0.449051797 -0.373200029
 -0.312518537 -0.237129822 -0.176818848 -0.128561273  0.00530460291  0.03976015
  0.080397144  0.131193459  0.161134318  0.199634194  0.150193512  0.131756663
  0.122319721  0.126814291  0.146932542  0.176823601  0.207864136  0.235887989
  0.179118574  0.137123793  0.107831448  0.0897761658  0.0820529163
  0.0834268704  0.0919531062  0.107765876  0.107535407  0.127347067
  0.168878734  0.197658852  0.240948528  0.258905709  0.282468706  0.305933595
  0.325275958  0.340372354  0.345715582  0.343878746  0.334770054  0.316723257
  0.285335183  0.167075217  0.0374689102 -0.105624154 -0.250060409 -0.412192941
 -0.600420475 -0.859727383 -1.14052415 -1.27404034 -1.42695284 -1.28689528
 -1.17485428 -1.08521116 -1.01349843 -0.828129053 -0.679833353 -0.561314881
 -0.466499984 -0.390648156 -0.296412259 -0.221023515 -0.16071254 -0.112454996
 -0.0253923927  0.00906312931  0.0497001447  0.100496441  0.163991779
  0.201417908  0.249542817  0.18774195  0.167972654  0.170594394  0.200329855
  0.24241221  0.279561073  0.206352621  0.149677828  0.107752547  0.0784882233
  0.0604561158  0.0516798794  0.0491946787  0.0525240228  0.0316900238
  0.0307722986  0.0505839586  0.128291532  0.23430343  0.29174614  0.364878744
  0.397974044  0.427189171  0.447605252  0.459819287  0.468044817  0.466208041
  0.45602569  0.43446514  0.334107637  0.233406603  0.106454559 -0.0357626043
 -0.198109239 -0.36543861 -0.599474669 -0.85986048 -1.1621505 -1.49569118
 -1.44861913 -1.46856785 -1.35651398 -1.26687324 -1.03516126 -0.849791586
 -0.701643527 -0.583125055 -0.488310188 -0.370515317 -0.27627942 -0.20089072
 -0.14057973 -0.119165696 -0.0637902319 -0.0293081366  0.0113289002
  0.0621251911  0.125620544  0.204989716  0.251772434  0.316024512  0.256795883
  0.262230754  0.286676198  0.323576659  0.236168221  0.167973697  0.112758592
  0.0709515885  0.0417740792  0.0224348418  0.00885577127 -9.96123708E-05
 -0.0425708666 -0.0642638877 -0.0651816055 -0.000150096661  0.0922362581
  0.216205046  0.372495621  0.457609951  0.548727393  0.578952491  0.600516737
  0.612730801  0.617353439  0.617777288  0.602763116  0.492786437  0.389003277
  0.289647579  0.188509792  0.0504693761 -0.110782281 -0.352928519 -0.593467116
 -0.858707547 -1.16237032 -1.32277393 -1.47570992 -1.49564242 -1.58359158
 -1.29395151 -1.06223953 -0.877054393 -0.728906333 -0.610387862 -0.463144183
 -0.345349252 -0.251113385 -0.175724596 -0.148968056 -0.149028927 -0.111787543
 -0.0773054138 -0.036635112  0.0141611537  0.0776565075  0.15702568
  0.261357248  0.342363507  0.460361958  0.412786096  0.419243932  0.274786294
  0.177623823  0.113732658  0.064784877  0.0248025823 -0.00590476254
 -0.0311752912 -0.0528307743 -0.119010568 -0.162523106 -0.184206232
 -0.128599122 -0.0452191494  0.0696132183  0.214815706  0.386415541
  0.581405878  0.673869073  0.769072175  0.790221334  0.80387032  0.806815267
  0.796695769  0.675665021  0.560856462  0.455999523  0.357193559  0.258811116
  0.153038427 -0.0685283691 -0.309313893 -0.577866018 -0.851264834 -1.0009917
 -1.16308296 -1.34955311 -1.52948952 -1.41743946 -1.32779944 -1.09631801
 -0.911132753 -0.762984693 -0.578930259 -0.43168661 -0.313891709 -0.219655797
 -0.186210096 -0.186297089 -0.186368823 -0.171784163 -0.137301981 -0.0966317505
 -0.0457939319  0.0177014079  0.103470609  0.230842143  0.408360302
  0.542693496  0.689771414  0.411534011  0.240495965  0.116635799  0.0405521877
 -0.00301628653 -0.037261676 -0.0732379779 -0.108473882 -0.201569483
 -0.26903671 -0.312503964 -0.263490558 -0.18493548 -0.073497884  0.0678765699
  0.232215568  0.413252443  0.61033988  0.830710888  0.925498843  1.02787054
  1.03890359  1.0360924  0.887822747  0.755122721  0.644601524  0.539744616
  0.440938711  0.34324339  0.158994883 -0.0222471058 -0.256541967 -0.523431242
 -0.703841567 -0.863730907 -1.03334665 -1.2219187 -1.28379929 -1.29974926
 -1.2103976 -1.13891602 -0.953730822 -0.723662734 -0.53960824 -0.392364681
 -0.27456969 -0.23276262 -0.232871354 -0.232959598 -0.233006552 -0.246779963
 -0.212297797 -0.171627522 -0.120789699 -0.0492424406  0.0653267279
  0.231418267  0.431976557  0.653349757  0.597806334  0.507766008  0.230858803
  0.0737730712 -0.0356828421 -0.0971133485 -0.134071842 -0.172943249
 -0.294797868 -0.389340162 -0.45663783 -0.41171667 -0.333977103 -0.220299423
 -0.0756687969  0.0896263868  0.265761852  0.449420333  0.64650774  0.866878808
  1.12155163  1.22078288  1.32390678  1.14775932  0.99418205  0.859804273
  0.742246449  0.644426286  0.545620382  0.345525086  0.162123233 -0.0148580903
 -0.198794663 -0.355163753 -0.5334512 -0.737035573 -0.919345021 -0.989355624
 -1.0538578 -1.12259674 -1.13564503 -1.06416345 -0.904578269 -0.674510181
 -0.490455717 -0.343212098 -0.290953249 -0.291089237 -0.291199476 -0.291347504
 -0.291560501 -0.320355117 -0.299319357 -0.265372306 -0.204534456 -0.0969871953
  0.0660469159  0.260938466  0.4678967  0.529269874  0.576126456  0.482809454
  0.351148576  0.0617264919 -0.0925381631 -0.207480386 -0.279349327
 -0.421652853 -0.533363879 -0.624342382 -0.580951333 -0.499981195 -0.378316045
 -0.223095581 -0.0485008731  0.131559283  0.310971528  0.49462992  0.691717327
  0.912088275  1.16348445  1.45077491  1.33739066  1.27871621  1.12223113
  0.990655899  0.873097837  0.766481876  0.548472106  0.348361373  0.164903805
 -0.0110786706 -0.107760735 -0.201126158 -0.369177014 -0.570096016 -0.704665244
 -0.790535569 -0.867284417 -0.939300239 -1.01788449 -0.900323033 -0.740737796
 -0.613069713 -0.429015189 -0.363691598 -0.363861412 -0.363999367 -0.364184409
 -0.36475867 -0.365522385 -0.363580734 -0.377841771 -0.361649126 -0.264215261
 -0.0961680263  0.102866009  0.305838674  0.384796947  0.446170211  0.493026763
  0.527709663  0.391952872  0.207992852 -0.126438007 -0.313119829 -0.576929331
 -0.745667577 -0.846872449 -0.784549713 -0.691907883 -0.555776834 -0.382006675
 -0.189303294  0.00381195638  0.188047186  0.367483616  0.551141977
  0.748229444  0.964504421  1.20115507  1.26862109  1.34326017  1.28115356
  1.28330624  1.15071762  1.03666294  0.770046949  0.54102248  0.351837248
  0.168286055  0.0577806123 -0.0375833511 -0.12417262 -0.213454098 -0.319708437
 -0.450936526 -0.605692565 -0.702265978 -0.789027512 -0.711707771 -0.676066399
 -0.582017183 -0.454348981 -0.45461449 -0.454826862 -0.454999149 -0.455230564
 -0.455948293 -0.45323053 -0.364386559 -0.380635232 -0.412650675 -0.394177198
 -0.255811423 -0.0501441285  0.158889949  0.259462595  0.338522255  0.399895519
  0.446752071  0.481435031  0.500558078  0.293046117  0.0131820291 -0.555020928
 -0.887000918 -1.12091947 -1.079391 -0.94794023 -0.767672062 -0.561172664
 -0.34023118 -0.124156587  0.0742123351  0.258558214  0.438093483  0.621782005
  0.813749433  1.01159251  1.06346238  1.11618268  1.18754506  1.28521335
  1.28635252  1.35206115  1.03673971  0.774478734  0.54536742  0.342321008
  0.224868894  0.114333354  0.0190309025 -0.0658922419 -0.0812316611
 -0.0890126899 -0.205011129 -0.355590701 -0.537567437 -0.449109823 -0.390222073
 -0.35970065 -0.368051469 -0.42081219 -0.502997637 -0.568749011 -0.569038093
 -0.569935381 -0.566538095 -0.443618745 -0.33341524 -0.383436024 -0.378931016
 -0.319563299 -0.17272152  0.0234857574  0.146999806  0.247572511  0.326632142
  0.388132274  0.434988737  0.463271648  0.459354758  0.420866758 -0.0838292316
 -0.603023767 -1.19347334 -1.29600894 -1.2690866 -1.08609414 -0.805285037
 -0.516477704 -0.259775847 -0.0367371812  0.162045762  0.34655872  0.526232302
  0.703644454  0.872609675  0.911476612  0.944914162  0.993538737  1.06490111
  1.1625694  1.29142702  1.15586901  1.03838885  0.774435878  0.550652146
  0.389456749  0.254787147  0.161508337  0.0661912784  0.0336937048
  0.020451406  0.0223017074  0.029394675 -0.101268254 -0.0780243501
 -0.0463209599 -0.0184089802 -0.0109276455 -0.185678497 -0.468839169
 -0.592971504 -0.658868909 -0.712419212 -0.708172619 -0.554523349 -0.404085338
 -0.282003403 -0.347163111 -0.290356487 -0.193538755 -0.0562041551  0.052687116
  0.169001147  0.269573867  0.348633528  0.41013357  0.449148536  0.448631436
  0.405994564  0.144466579 -0.165349543 -0.692543983 -1.04347694 -1.35691953
 -1.34014368 -1.14196396 -0.809352756 -0.454494029 -0.159907326  0.071831964
  0.271319956  0.456350356  0.628232718  0.777017772  0.805017531  0.820891798
  0.849209368  0.897833943  0.96919632  1.06686461  1.03572237  1.0021745
  0.882975101  0.77617836  0.583854795  0.429454923  0.294881463  0.180109531
  0.148206264  0.115708642  0.101366945  0.105838776  0.126070574  0.309272051
  0.357411742  0.39564088  0.442609906  0.211371303 -0.120179579 -0.411345124
 -0.695659935 -0.796152353 -0.843272805 -0.693154395 -0.505106688 -0.346374273
 -0.236375481 -0.267014146 -0.190377504 -0.0838455409 -0.00275225053
  0.0988799334  0.215194061  0.322966874  0.405626476  0.457126498  0.46014148
  0.411422461  0.179985628 -0.0879424661 -0.397758394 -0.596952856 -0.90041101
 -1.13344932 -1.26678205 -1.0787853 -0.767689764 -0.409078568 -0.0724277124
  0.196667641  0.407031298  0.582943201  0.719472468  0.738198698  0.737614453
  0.747281849  0.775658488  0.824283063  0.895645201  0.865313709  0.834124267
  0.800406516  0.762458682  0.680382252  0.612674117  0.455920309  0.329877108
  0.248654604  0.189907774  0.182879344  0.168537721  0.173009381  0.324517965
  0.524142802  0.764612913  0.833962023  0.689088285  0.343670994 -0.0362857021
 -0.36367929 -0.659294784 -0.95174998 -0.790945292 -0.597828984 -0.432967782
 -0.292616129 -0.197363004 -0.187600687 -0.111011304 -0.0466349013
  0.0341012441  0.135467827  0.258908212  0.388460934  0.480580539  0.494460553
  0.436975569  0.224256501 -0.0149327181 -0.282860845 -0.458276749 -0.601827681
 -0.718885839 -0.883423924 -0.94234395 -0.914983332 -0.672616422 -0.364300072
 -0.0192585196  0.30601716  0.550575972  0.695082426  0.706677437  0.69021225
  0.681954324  0.691891789  0.720509827  0.769208193  0.738170385  0.707779765
  0.676377833  0.642374337  0.625721514  0.60855788  0.538525939  0.479986101
  0.377687842  0.307156622  0.246691927  0.206109002  0.225321934  0.332193583
  0.483702093  0.687422931  0.948422372  1.09818459  0.79221046  0.456982434
  0.101617262 -0.287902176 -0.618471146 -0.679965496 -0.66541332 -0.480811805
 -0.338926524 -0.244202361 -0.120180815 -0.134989932 -0.0919550061
 -0.0276376456  0.0528328419  0.153753072  0.28046146  0.419381887  0.503025472
  0.475973487  0.279492497  0.0567733981 -0.182415754 -0.342514396 -0.461335868
 -0.558166862 -0.610424995 -0.604062974 -0.630483091 -0.602105737 -0.530808866
 -0.287578195  0.0208746661  0.357098609  0.621637881  0.693334341  0.673797727
  0.648709655  0.641462445  0.651807904  0.680763543  0.647843719  0.616824389
  0.586168051  0.554408967  0.537360489  0.520615876  0.503639936  0.485313922
  0.445148647  0.419573367  0.34302938  0.295928866  0.25534609  0.314535826
  0.463350445  0.614859104  0.818579912  0.956699252  0.932122886  0.876656234
  0.589696169  0.24504444 -0.12986587 -0.324858695 -0.372293681 -0.354041457
 -0.358160049 -0.256934434 -0.126953423 -0.068196997 -0.133394867 -0.0903599486
 -0.0260425601  0.0543541349  0.154942319  0.271092743  0.371978074
  0.414574325  0.30332154  0.124594994 -0.0914009213 -0.244574085 -0.344297677
 -0.425356328 -0.470347345 -0.467805415 -0.42544356 -0.359943449 -0.341566235
 -0.279472947 -0.173174828  0.0730809271  0.339593053  0.523117661  0.616468668
  0.632080615  0.618702948  0.61317724  0.624786019  0.588715553  0.556125462
  0.525151372  0.49416399  0.475867748  0.458704561  0.442194462  0.425173938
  0.424017847  0.424936682  0.392811716  0.37530756  0.323375195  0.365033627
  0.424223423  0.5206092  0.72454679  0.825867295  0.803986788  0.785799086
  0.761963546  0.695608735  0.417904198  0.229520962  0.0884614512
 -0.0174736511 -0.080121465 -0.123589598 -0.106293052 -0.0451519229
  0.0120085292 -0.152784169 -0.106146373 -0.0418289229  0.038567774
  0.131063685  0.210799053  0.25048694  0.190432355  0.0967898741 -0.0412614159
 -0.164240986 -0.244861111 -0.314683914 -0.354270577 -0.35493803 -0.32359612
 -0.273234189 -0.207734123 -0.123820931 -0.0697276741  0.0211862214
  0.121800333  0.252339691  0.373668671  0.487099677  0.563997924  0.589930952
  0.594543159  0.555875003  0.521268487  0.488900691  0.457896113  0.438024014
  0.419728458  0.402858555  0.386292756  0.383003771  0.38184768  0.379411191
  0.379766971  0.357430935  0.402236044  0.437854648  0.517925858  0.614311635
  0.670793235  0.70964998  0.687755048  0.669010162  0.649999261  0.626948655
  0.691570044  0.626474261  0.50845468  0.345410854  0.185575709  0.161196277
  0.101622976  0.0583564974  0.104048811 -0.191244945 -0.144607097
 -0.0757860914 -0.00178936461  0.0619065017  0.093126446  0.0438667536
 -0.0270595718 -0.11462751 -0.173605055 -0.186711863 -0.224048525 -0.256390929
 -0.260905623 -0.238533035 -0.20018667 -0.149824753 -0.0843246803
 -0.000411439454  0.0997106358  0.15542452  0.174861148  0.181567714
  0.259161025  0.358927876  0.462936491  0.539726973  0.535334527  0.505594671
  0.473159224  0.442067951  0.420217007  0.400824964  0.383485377  0.3667261
  0.361139864  0.357850879  0.352500677  0.350064188  0.350419909  0.395528376
  0.434293687  0.50170511  0.574226618  0.631178498  0.585260034  0.542178929
  0.601507545  0.578793347  0.560192525  0.654104352  0.803885162  0.922729313
  0.830929816  0.653326988  0.557945848  0.399078876  0.308195621  0.249931678
  0.155732393 -0.250898361 -0.204062402 -0.140361398 -0.0837751776
 -0.0587993227 -0.0983224288 -0.155726314 -0.227301061 -0.271918625
 -0.234971151 -0.20980379 -0.194566175 -0.183360711 -0.166001096 -0.138508558
 -0.100162193 -0.0490446463  0.0164554007  0.0952486396  0.172330737
  0.209792793  0.19530943  0.189235657  0.196413338  0.268940479  0.362133265
  0.428365678  0.466764718  0.464589298  0.439742506  0.418501288  0.398893893
  0.380955845  0.364353478  0.357107788  0.351746738  0.343215138  0.337864995
  0.335428506  0.369338661  0.414447129  0.473009527  0.532871068  0.573830485
  0.539425194  0.526111841  0.4821603  0.43412739  0.511446059  0.576723933
  0.698280215  0.844360769  0.955105364  0.995451868  0.997325182  0.83233428
  0.670404851  0.530054569  0.36334753  0.228207663 -0.232168615 -0.291828632
 -0.246312037 -0.220701829 -0.245283514 -0.291206658 -0.34861055 -0.385133296
 -0.320611775 -0.269717395 -0.220026821 -0.167134345 -0.120357506 -0.0865096822
 -0.0562633239 -0.0179169625  0.0332005844  0.0955490991  0.155910373
  0.184836552  0.199258611  0.211929664  0.20175989  0.205071792  0.221079648
  0.265323311  0.322822213  0.380442798  0.414411545  0.419406265  0.40615654
  0.391324729  0.376362413  0.368017524  0.361802161  0.350808889  0.342558742
  0.337208539  0.361615628  0.395525753  0.44063431  0.499196708  0.532197952
  0.498184264  0.474734813  0.448537022  0.439167887  0.385871828  0.400179744
  0.61508888  0.723684788  0.815665543  0.892567694  1.09663451  1.12603223
  1.05362022  0.924856961  0.682312429  0.437980145  0.264487922 -0.219316021
 -0.293721646 -0.400985926 -0.42034176 -0.45004341 -0.487170428 -0.516388714
 -0.418871552 -0.342327863 -0.275459856 -0.209515348 -0.142650738 -0.0805567354
 -0.0300482865  0.0101118302  0.0506612547  0.0985020176  0.146104991
  0.16912213  0.179616258  0.188918337  0.201589391  0.218263119  0.218298286
  0.209686786  0.208200067  0.246608868  0.296240777  0.351924956  0.389927924
  0.40022245  0.393750966  0.389641523  0.38515234  0.372301251  0.362595916
  0.355497152  0.371973634  0.396380663  0.430290848  0.475399256  0.500407279
  0.480979711  0.45805347  0.421447664  0.38914749  0.356610507  0.403644502
  0.43465209  0.47919327  0.704509556  0.758812547  0.979739726  1.02566683
  1.0961628  1.15591252  1.0012567  0.754805624  0.494789928  0.303590804
 -0.222019881 -0.313628733 -0.457113445 -0.640565276 -0.669879973 -0.684458494
 -0.537849784 -0.43053478 -0.34040153 -0.259449482 -0.185334444 -0.117977045
 -0.0547125041  0.00526990043  0.0587585382  0.104617506  0.142424226
  0.159207433  0.167478949  0.175352886  0.184654966  0.197326019  0.213999793
  0.218329847  0.206745058  0.201411307  0.201466143  0.238676772  0.288847655
  0.344756126  0.38603127  0.405925572  0.410961986  0.402800143  0.394768715
  0.387008339  0.398699284  0.41661498  0.441461742  0.475371957  0.493636847
  0.476701796  0.457230538  0.432604373  0.39402625  0.334978133  0.331017286
  0.372222543  0.458661497  0.468578696  0.462997556  0.901832283  0.912584722
  0.952385128  1.01942194  0.978981256  0.90413028  0.732180417  0.522938728
  0.347056091 -0.241398379 -0.356740743 -0.50350225 -0.686953962 -0.898229837
 -0.708459318 -0.554012239 -0.422081798 -0.320456147 -0.231954396 -0.15609403
 -0.0903199315 -0.0297162067  0.0304901414  0.0892628729  0.136347473
  0.155843154  0.16223982  0.167234555  0.175108463  0.186255217  0.19892627
  0.201856136  0.205746412  0.209758207  0.200198606  0.199649915  0.206627801
  0.245342836  0.297260195  0.358893126  0.409287751  0.423591346  0.425682247
  0.425859451  0.437867433  0.451989591  0.471917629  0.498563468  0.511548638
  0.496259034  0.479269266  0.457673222  0.420933813  0.366173178  0.336638391
  0.323382556  0.340720326  0.37642014  0.440332621  0.619016051  0.645132363
  0.848226488  0.878202856  0.788626432  0.721138  0.673028529  0.619671762
  0.494168341  0.358386785 -0.276271939 -0.391614288 -0.538375735 -0.707396448
 -0.715579927 -0.719538689 -0.555789888 -0.41466552 -0.289820194 -0.199640706
 -0.123780362 -0.0584460832  0.000178510323  0.0553811304  0.105892614
  0.138910159  0.157498941  0.166350082  0.17247279  0.180346668  0.191493362
  0.195475161  0.197855264  0.199766457  0.201117411  0.205932051  0.203021735
  0.209580258  0.223825127  0.267739832  0.326702178  0.378531128  0.424209833
  0.449637204  0.472681582  0.494950563  0.516603231  0.539570391  0.55155164
  0.539941967  0.525271237  0.505625486  0.468887717  0.410976499  0.370906085
  0.347499073  0.330852032  0.302990228  0.289256305  0.467579275  0.569936097
  0.586479306  0.620893478  0.631303549  0.527142584  0.468905926  0.442869872
  0.423952609  0.386079699  0.306439281 -0.301373869 -0.416716218 -0.551932812
 -0.558479607 -0.56164664 -0.558647573 -0.547543585 -0.400831759 -0.274644315
 -0.162989974 -0.0871296152 -0.0217953268  0.0349373706  0.0816262886
  0.112200513  0.135985941  0.156694412  0.172369719  0.182553083  0.191329345
  0.193679973  0.196974561  0.199763075  0.198348239  0.19944945  0.20340921
  0.21324186  0.218126178  0.233022302  0.257003427  0.286348015  0.336480886
  0.401096344  0.469138533  0.517956078  0.554310203  0.588789046  0.607425511
  0.601730645  0.593179882  0.578000009  0.540286183  0.476328582  0.423719108
  0.387073547  0.359419852  0.325045258  0.277571559  0.344354451  0.335201591
  0.389591932  0.522629082  0.345545083  0.23150456  0.283108532  0.250563473
  0.232036904  0.217223644  0.201340556  0.176378086 -0.317959338 -0.424065799
 -0.429303259 -0.431836843 -0.429437608 -0.420554399 -0.405584961 -0.385799408
 -0.258667469 -0.147013113 -0.0443092436  0.0199512802  0.0718521699
  0.105230123  0.126672238  0.143582985  0.161553934  0.180216148  0.195858866
  0.200846806  0.203060389  0.203262568  0.201893568  0.202939346  0.202971965
  0.209116504  0.218534142  0.233966947  0.247789353  0.245348632  0.258033931
  0.299274504  0.370120466  0.459549725  0.546320379  0.612173021  0.652659297
  0.670148611  0.676113427  0.668161094  0.63325268  0.56442368  0.497718364
  0.446001947  0.405958921  0.364123315  0.312832147  0.346247554  0.282294214
  0.222183302  0.215451851  0.0994842052  0.0498412699 -0.0165335294
 -0.0316147618  0.0476271138  0.0291104428  0.0133526055  0.00143345818
 -0.0156009942 -0.319690198 -0.321665764 -0.323618889 -0.32169944 -0.314592928
 -0.302617371 -0.286788881 -0.267003357 -0.242271438 -0.129436493 -0.0275916196
  0.0663578212  0.108159721  0.136705831  0.155946791  0.168992057  0.180466816
  0.195199624  0.207119226  0.21540089  0.216347829  0.211930573  0.208469644
  0.208179727  0.215446979  0.221072659  0.231850758  0.247283593  0.23689431
  0.233594552  0.244943514  0.27759558  0.339830995  0.42930305  0.54098022
  0.642021894  0.703463137  0.741588891  0.762407005  0.739589334  0.666847408
  0.589795113  0.525887847  0.472795725  0.421407193  0.363734335  0.368949383
  0.289394945  0.206743926  0.132506028 -0.0790619105 -0.226884723 -0.259702265
 -0.233453751 -0.23680158 -0.239467308 -0.177244589 -0.192143351 -0.200970143
 -0.218900487 -0.232778743 -0.232079953 -0.230138585 -0.224361122 -0.214780673
 -0.20211792 -0.186289474 -0.166503921 -0.141771972 -0.111544281 -0.011315994
  0.0745542496  0.154433683  0.181906104  0.201147005  0.213118553  0.219761491
  0.221870452  0.227130011  0.231500939  0.229445726  0.223961413  0.219292834
  0.222416654  0.229035407  0.241327003  0.252105147  0.228477255  0.218087927
  0.220417678  0.235583082  0.266918629  0.316666365  0.39737919  0.502913892
  0.622631729  0.736122549  0.809397995  0.818825245  0.765960634  0.68849647
  0.614703  0.554762363  0.49808377  0.432823211  0.410098642  0.310965538
  0.208039135  0.117200285 -0.0838229507 -0.267588109 -0.391709596 -0.437065363
 -0.441150129 -0.454482466 -0.458624005 -0.46086356 -0.406360835 -0.413942456
 -0.297424972 -0.154799789 -0.151481956 -0.145969942 -0.137798309 -0.127552792
 -0.114890046 -0.0990616009 -0.0792760551 -0.0550938249 -0.0273400471
  0.000888839364  0.0855114162  0.164531827  0.244433016  0.263673961
  0.275645524  0.277343333  0.271734834  0.260804355  0.25008291  0.243651867
  0.238875717  0.240137517  0.242820293  0.250203371  0.262495011  0.231484026
  0.207856178  0.19746688  0.203399524  0.22306852  0.253854334  0.302239716
  0.365941197  0.453333855  0.574633658  0.71906352  0.812314093  0.800085664
  0.74152261  0.688436747  0.635885298  0.577957988  0.51291585  0.469655842
  0.34808442  0.219736189  0.107754536 -0.0831574947 -0.248733968 -0.363862127
 -0.44451192 -0.519659221 -0.580621719 -0.631798685 -0.700197995 -0.697605669
 -0.693975329 -0.477712959 -0.351528496 -0.0822201073 -0.0769628808
 -0.0694525167 -0.0601435378 -0.0493792221 -0.0365723521 -0.0207439102
 -0.0013981685  0.0208049547  0.0433880314  0.0691430494  0.100649647
  0.181975871  0.26187706  0.346653998  0.355743259  0.355343968  0.340507925
  0.311877459  0.282681078  0.264666051  0.264265627  0.266750306  0.271294087
  0.278972834  0.230232134  0.199221149  0.184389353  0.176882342  0.182814986
  0.202483982  0.236872733  0.280314684  0.335502893  0.411789745  0.522088826
  0.636847019  0.703118145  0.705089867  0.673357725  0.648677468  0.629459441
  0.582927108  0.525562465  0.389310688  0.239798576  0.10369654 -0.0866498724
 -0.242316514 -0.344013393 -0.410834491 -0.47809872 -0.561377168 -0.660645545
 -0.755662501 -0.846821964 -0.966764152 -0.74886483 -0.560783982 -0.385106713
 -0.0201512575 -0.00894748047  0.00165153109  0.0114792809  0.0231154375
  0.0365708321  0.052227661  0.0699900612  0.0880566016  0.108660579
  0.133865848  0.165372401  0.204755619  0.287539124  0.370010257  0.458398104
  0.448561668  0.421037853  0.382804155  0.3409096  0.313702285  0.300608397
  0.301469803  0.307802498  0.240255237  0.191751063  0.160740077  0.148214146
  0.15170224  0.157634914  0.177303866  0.208089739  0.248784512  0.303294748
  0.381666571  0.460805118  0.512649596  0.542744815  0.563053846  0.567445993
  0.563088059  0.560053229  0.542408884  0.408468336  0.237934276  0.0882023349
 -0.0977515578 -0.248014957 -0.341365337 -0.39769879 -0.452287912 -0.519521952
 -0.60568279 -0.709378123 -0.825645328 -0.950787127 -0.875933051 -0.780415773
 -0.586174548 -0.448508143  0.0200897902  0.045056168  0.067451641
  0.0807003379  0.0929850787  0.107248828  0.122449607  0.137127921
  0.153611213  0.17377536  0.198980629  0.230487168  0.26987043  0.317254722
  0.400051951  0.476643264  0.55334729  0.516223252  0.473913431  0.437731624
  0.397144526  0.36435771  0.350769252  0.258707285  0.192591116  0.144938603
  0.115961537  0.103435591  0.106923707  0.126600266  0.143386915  0.169669181
  0.209956333  0.275058985  0.343961477  0.384556919  0.396324277  0.40381363
  0.418921709  0.43486461  0.435603917  0.428608477  0.342072815  0.196450144
  0.0308255628 -0.156136647 -0.286890358 -0.35988158 -0.404447973 -0.449091375
 -0.503642857 -0.574479759 -0.658019125 -0.752277255 -0.870724082 -0.836610556
 -0.769385397 -0.684599698 -0.611528337 -0.485822231  0.0402460434
  0.0770088881  0.119228989  0.147223324  0.163559034  0.177620098  0.19153583
  0.205960914  0.222373813  0.242537916  0.2677432  0.299249738  0.33715719
  0.380445391  0.421653599  0.482923925  0.547453642  0.633234322  0.60134244
  0.5631814  0.519264579  0.471732259  0.314158976  0.203901619  0.133517012
  0.0884851143  0.0601892993  0.0478147343  0.0513028651  0.0686735883
  0.09903723  0.124809965  0.178335369  0.244913206  0.291554034  0.310084224
  0.312764138  0.307025105  0.30213207  0.297988504  0.286866546  0.197665557
  0.0663357601 -0.0761681646 -0.256349355 -0.393476129 -0.449386626
 -0.457389981 -0.473469615 -0.512945831 -0.572000742 -0.639560819 -0.711303711
 -0.801762044 -0.764339685 -0.707523763 -0.649105072 -0.599502802 -0.55416131
 -0.518772066  0.051427424  0.0896224603  0.146588176  0.199183166  0.233140141
  0.250428528  0.264344245  0.280190676  0.297870249  0.318386197  0.343591452
  0.373917371  0.406704903  0.431561142  0.44798854  0.47242704  0.536217093
  0.635020077  0.760654271  0.722252965  0.678336143  0.477702916  0.301697731
  0.160464317  0.0684095919  0.0176589582 -0.00972089916 -0.0215504784
 -0.0197859481 -0.00529752811  0.0244292505  0.0905285925  0.156265944
  0.210033506  0.240581259  0.255138606  0.257068396  0.246163636  0.218632087
  0.182740629  0.0902917162 -0.0465108491 -0.208316028 -0.38828361 -0.515508592
 -0.579586983 -0.596308708 -0.587764621 -0.580358982 -0.604521811 -0.653080821
 -0.705895305 -0.772888362 -0.72611028 -0.655090332 -0.586242497 -0.546012104
 -0.52738589 -0.499295801 -0.468002528  0.055684641  0.0936490893  0.152145565
  0.222524032  0.285762727  0.325280368  0.345652401  0.362765491  0.382573664
  0.404672921  0.429373562  0.453299344  0.463047028  0.456927299  0.454047024
  0.470524013  0.533412158  0.636159658  0.761354208  0.922952652  0.692780018
  0.49214685  0.311021537  0.147692606  0.0169178527 -0.0624814108
 -0.0973162651 -0.109888777 -0.109994091 -0.0962048545 -0.041070167
  0.0485885255  0.139014736  0.181631386  0.207793698  0.221895069  0.223101974
  0.205349803  0.166149318  0.0606382824 -0.0877218395 -0.257150531 -0.45853582
 -0.615084767 -0.682192683 -0.705218852 -0.734790206 -0.752794147 -0.750073135
 -0.739833295 -0.743781686 -0.782658875 -0.724186301 -0.635411441 -0.549351573
 -0.499063671 -0.479121357 -0.461426646 -0.438128889 -0.421619773  0.0427946225
  0.0910335705  0.148492426  0.219608933  0.305239201  0.383296669  0.432468712
  0.457933664  0.479325056  0.503329515  0.522009313  0.517684996  0.488712668
  0.458369076  0.445536971  0.482361376  0.541384101  0.629726708  0.763717353
  0.742495894  0.71232301  0.511689842  0.331320226  0.161591321  0.00201655924
 -0.125782728 -0.197677016 -0.22165823 -0.222172469 -0.174799994 -0.0835030824
  0.0145487934  0.0982089192  0.170838505  0.196635932  0.209214538
  0.205058813  0.182307094  0.100470461 -0.0342613272 -0.212130308 -0.426492304
 -0.605576873 -0.710674286 -0.754325747 -0.786799669 -0.84445715 -0.92175442
 -0.956278563 -0.922362387 -0.882285774 -0.768471658 -0.647503078 -0.539928257
 -0.477068335 -0.45214045 -0.43002221 -0.403572261 -0.390112847 -0.392609179
  0.0207820907  0.0680871978  0.137333661  0.207282841  0.295385897
  0.402243435  0.499815464  0.561280429  0.592507124  0.608490765  0.594496548
  0.544246137  0.485610068  0.442826748  0.455428839  0.487421393  0.545528769
  0.633871377  0.618341863  0.608115494  0.57794261  0.537913859  0.357544273
  0.187815383  0.0202405769 -0.144503072 -0.278373152 -0.348501414 -0.318444163
 -0.220188394 -0.109251827 -0.0138576031  0.0669278055  0.139265567
  0.205787808  0.214076325  0.205995455  0.148979649  0.0469926372 -0.09662918
 -0.291102767 -0.487043589 -0.636006713 -0.723834574 -0.781428337 -0.837942898
 -0.925997794 -1.03761744 -1.12040234 -1.14005995 -0.980562449 -0.755373895
 -0.570001304 -0.47892651 -0.447766572 -0.42011869 -0.38705644 -0.370232075
 -0.376597315 -0.390503287 -0.0121072233  0.0342600644  0.102442846  0.18836686
  0.275659233  0.385787964  0.519360065  0.640841603  0.704568088  0.688601673
  0.61658138  0.532492578  0.461399078  0.45126766  0.457829952  0.488607109
  0.546714544  0.533900619  0.518371046  0.49934864  0.483403236  0.443374455
  0.39100489  0.221275955  0.052945599 -0.122978643 -0.306528568 -0.401059777
 -0.356785357 -0.239454448 -0.126951888 -0.0336860791  0.0469154641
  0.118278652  0.181368768  0.239983663  0.204182252  0.12932846  0.0188064203
 -0.134221613 -0.293086767 -0.439747602 -0.575829685 -0.700113952 -0.797825813
 -0.889622271 -0.978080809 -1.06849086 -1.20138741 -1.20465398 -1.04520595
 -0.787176728 -0.57773596 -0.47828114 -0.431221157 -0.389893293 -0.368863016
 -0.376819521 -0.397930294 -0.415113062 -0.057908386 -0.0117255747
  0.0561848581  0.141298115  0.248703092  0.357818544  0.49509263  0.649074316
  0.73530072  0.696834266  0.590460896  0.490027249  0.463871717  0.450055957
  0.456115723  0.486892819  0.476154685  0.463340759  0.447811186  0.429175735
  0.406193435  0.383344501  0.330974996  0.263041615  0.0937667862
 -0.0936323032 -0.246305913 -0.325390071 -0.315069288 -0.237515524 -0.136735901
 -0.0433567613  0.036643751  0.105300933  0.168006137  0.204058006  0.218130648
  0.134577975  0.0149341775 -0.107667558 -0.221086308 -0.333163828 -0.467147171
 -0.628058434 -0.803755939 -0.929987788 -0.988541365 -1.07115889 -1.10041869
 -1.09470785 -1.0164957 -0.864961505 -0.684399843 -0.524984777 -0.422224849
 -0.385936916 -0.395882636 -0.422271103 -0.447478026 -0.464660734 -0.11815463
 -0.0719719529 -0.00406146049  0.0808266699  0.187218338  0.321165055
  0.447172612  0.561265469  0.624992013  0.605813503  0.520143628  0.480245501
  0.448518068  0.439182431  0.450073987  0.442216337  0.431478202  0.418664336
  0.403444201  0.384808719  0.36182639  0.333348006  0.301969647  0.233280703
  0.127082303 -0.0257424191 -0.124014482 -0.180374548 -0.208789825 -0.193374082
 -0.128694296 -0.043760255  0.0342838205  0.104397222  0.148600638  0.170383498
  0.175158411  0.164836705  0.0718846396 -0.0142908785 -0.099382706
 -0.202586249 -0.336391658 -0.528820872 -0.737664282 -0.886640787 -0.996319413
 -0.977374911 -0.919932842 -0.881688237 -0.890013874 -0.874411881 -0.755340517
 -0.583967805 -0.468307823 -0.442739844 -0.467725605 -0.49923408 -0.516441047
 -0.517623723 -0.0612327754 -0.149398819 -0.0814882666  0.00339981914
  0.109262407  0.233942389  0.355375707  0.407385349  0.425331891  0.423907876
  0.460833251  0.445138574  0.419928491  0.415424645  0.421329111  0.419511259
  0.410450816  0.397884607  0.382664472  0.364028931  0.341046631  0.312181443
  0.275694996  0.206695139  0.12799795  0.0836605057  0.0128014321
 -0.0390035585 -0.0788305551 -0.09953437 -0.0837535113 -0.029337069
  0.045527149  0.100401834  0.131129995  0.142576829  0.138661131  0.152631164
  0.191790074  0.129042402  0.051196184 -0.0517258756 -0.212065354 -0.394532382
 -0.570910275 -0.793903291 -0.876002848 -0.838618398 -0.746233761 -0.686403453
 -0.693242073 -0.711970389 -0.680048764 -0.618736207 -0.578934252 -0.569766223
 -0.582351983 -0.597460508 -0.578667462 -0.537850082  0.00822429359
 -0.0799417496 -0.17996721 -0.0952772796  0.00418537855  0.0997132957
  0.171163559  0.221376985  0.208912402  0.28356275  0.341742426  0.371223062
  0.374812871  0.391158462  0.403102607  0.411435008  0.410122395  0.399653316
  0.38443315  0.365797698  0.342505842  0.313156992  0.239847541  0.189047843
  0.177553698  0.154188678  0.13883248  0.0857714415  0.0458488204  0.016745843
  0.0023208838  0.0230124518  0.0617687814  0.0980482176  0.116986819
  0.119398214  0.138609216  0.177060515  0.235919669  0.30753848  0.230044156
  0.0935676023 -0.0587719157 -0.204991311 -0.443779498 -0.594080329
 -0.670373082 -0.669965386 -0.61570859 -0.541364253 -0.47041434 -0.447033077
 -0.504775643 -0.603062928 -0.681469083 -0.724047303 -0.730413079 -0.68998158
 -0.605568588 -0.528751194  0.102485448  0.00552332401 -0.09466061 -0.225010708
 -0.148588091 -0.0917801857 -0.0559366047 -0.0387423337  0.0949199796
  0.148664474  0.196358681  0.254639089  0.336926073  0.376311481  0.395053536
  0.411094069  0.422469199  0.421437263  0.4088386  0.38995564  0.36627692
  0.288595289  0.232480824  0.207709298  0.208913505  0.229238302  0.212718949
  0.201524436  0.16128248  0.131054878  0.117392614  0.103620753  0.0971320719
  0.100882709  0.105797358  0.131408021  0.171167776  0.226592809  0.291257679
  0.363316327  0.403878927  0.2738024  0.150262892 -0.103460491 -0.27387464
 -0.383223861 -0.450594693 -0.492149472 -0.488594025 -0.410160065 -0.292122841
 -0.247770786 -0.349925607 -0.536444426 -0.707730412 -0.819775164 -0.835237861
 -0.741330385 -0.605985403 -0.515071988  0.195226818  0.114137948  0.0068628788
 -0.141919136 -0.358872503 -0.333077937 -0.332434475 -0.194510043 -0.0863614976
  0.0236745477  0.0682763457  0.183763564  0.289090484  0.359452009
  0.396752864  0.418986559  0.439798892  0.45462662  0.453626394  0.437710583
  0.351772755  0.287537992  0.251132786  0.237329081  0.239040077  0.255930603
  0.291778892  0.28032887  0.272741586  0.252202392  0.2282217  0.193667933
  0.15173997  0.119296983  0.133686408  0.173587129  0.228507921  0.289526731
  0.354754269  0.374384135  0.420066714  0.513030112  0.231487408  0.0323047973
 -0.105328634 -0.199364185 -0.271259934 -0.322573274 -0.327794254 -0.274500459
 -0.205979526 -0.196137607 -0.285015851 -0.456564605 -0.652435601 -0.790284276
 -0.812820196 -0.7306903 -0.603064537 -0.507405519  0.252184212  0.209818572
  0.123798072 -0.053508848 -0.298872948 -0.642198265 -0.489954889 -0.380830467
 -0.279742539 -0.172798812  0.0496825576  0.161304116  0.24920246  0.338097453
  0.400179058  0.437158406  0.463868976  0.490334809  0.50891161  0.428442895
  0.356971979  0.307112992  0.277611136  0.263099611  0.263660491  0.280502021
  0.314301252  0.367667586  0.372778833  0.369353831  0.327535212  0.272238702
  0.212837681  0.192182913  0.202134281  0.244175866  0.302075148  0.363859802
  0.363598168  0.387334406  0.451448858  0.378009915  0.340099782  0.16714181
  0.041632425 -0.0560075678 -0.129169211 -0.164267585 -0.16495879 -0.164516628
 -0.187551871 -0.230223045 -0.296209306 -0.406636745 -0.544531584 -0.649548352
 -0.686227441 -0.660256088 -0.584552348 -0.507690191  0.276110709  0.257948458
  0.212603301  0.0530675948 -0.246072084 -0.449897587 -0.69365406 -0.592508376
 -0.491420358 -0.246810704 -0.0281946957  0.179330885  0.262478501  0.32728374
  0.404110998  0.460914969  0.499295294  0.531461179  0.464480758  0.416606486
  0.373328686  0.331773788  0.300314158  0.284573317  0.285094947  0.301772982
  0.334996492  0.403230518  0.480635136  0.456304312  0.410445273  0.339138746
  0.309932053  0.300049186  0.311679482  0.343686014  0.393020093  0.37083444
  0.373912573  0.412431866  0.343432724  0.304899752  0.287969321  0.284710675
  0.156317681  0.0575636253 -0.00261372142 -0.0288554691 -0.053239014
 -0.106328167 -0.183964729 -0.261480898 -0.327077627 -0.380391449 -0.427389354
 -0.478825212 -0.527638793 -0.548981965 -0.528204978 -0.491723418  0.285145193
  0.263220429  0.238592416  0.0982798934 -0.0633598864 -0.321160108
 -0.574899554 -0.833754003 -0.549845755 -0.305236042 -0.0876938403  0.1150648
  0.318092316  0.376857698  0.421729594  0.490228534  0.544310153  0.459591091
  0.404450625  0.38064301  0.367965221  0.346144587  0.319714963  0.3039428
  0.304333627  0.320550978  0.374580264  0.432808965  0.484014004  0.530519545
  0.465216994  0.446454674  0.430661172  0.434481859  0.449890018  0.473533154
  0.407779455  0.380675882  0.393910229  0.325982213  0.284937859  0.263195306
  0.254024386  0.248458833  0.24717465  0.158807993  0.105634809  0.0604490377
 -0.00257336348 -0.0844724029 -0.17421402 -0.261491209 -0.323923886
 -0.343326122 -0.338873178 -0.348311514 -0.383060306 -0.422110945 -0.439185619
 -0.436467052  0.280661285  0.247698784  0.190046698  0.155234158  0.016094327
 -0.209192365 -0.47977522 -0.552373648 -0.596465468 -0.351855814 -0.134261638
  0.0671548843  0.264142662  0.472757697  0.509998798  0.536952257  0.441813111
  0.373544395  0.32774353  0.30677861  0.312321991  0.327642143  0.329987437
  0.322110653  0.322132915  0.364658684  0.407803625  0.435649097  0.447664022
  0.469375938  0.574376166  0.569062412  0.581629992  0.59274435  0.609494686
  0.503040552  0.43183437  0.404017746  0.326022446  0.279122114  0.251545072
  0.236034065  0.225022942  0.218744442  0.225770175  0.245406866  0.177078441
  0.100916684  0.0148542691 -0.0733798668 -0.159033448 -0.231162652
 -0.274524093 -0.286787122 -0.279780924 -0.271098584 -0.278649241 -0.306448132
 -0.337688863 -0.355693698  0.256986767  0.199034363  0.192719132  0.128028214
  0.0213992596 -0.143387377 -0.228965372 -0.327118248 -0.371210158 -0.388958842
 -0.171364635  0.0300517678  0.225361794  0.426362336  0.650814295  0.469404221
  0.323378265  0.260693699  0.217311531  0.195813403  0.207231641  0.251331717
  0.30199331  0.329821646  0.372970164  0.403188586  0.409066916  0.388136357
  0.370703906  0.443772167  0.562173009  0.733120441  0.754240811  0.778028011
  0.634778261  0.530001998  0.464667708  0.362652868  0.294409364  0.253425449
  0.22976467  0.212809488  0.201247171  0.201620862  0.213129282  0.220641777
  0.209452584  0.114858799  0.0236763656 -0.0612809882 -0.132137001
 -0.179491699 -0.207048461 -0.22371529 -0.229429722 -0.22382471 -0.216878816
 -0.222919345 -0.245158523 -0.268180579  0.196219981  0.187624782  0.161169201
  0.0982835889  0.00493133068 -0.00465112925 -0.0418293178 -0.111182302
 -0.190783948 -0.208532691 -0.200858325  0.000558018684  0.195816129
  0.394638479  0.41051206  0.413715601  0.250074089  0.108359687  0.0623615608
  0.0467347875  0.062968798  0.11607565  0.202501327  0.332430184  0.406232804
  0.4029378  0.348015398  0.290566921  0.336112171  0.424752146  0.561871469
  0.742454112  0.965671599  0.789458871  0.656347454  0.55761081  0.437749922
  0.348690361  0.284208328  0.240701109  0.211999074  0.193747729  0.187529564
  0.191504717  0.193317205  0.18100509  0.15507029  0.121916495  0.0333554968
 -0.0398053825 -0.0908367783 -0.123404339 -0.146870151 -0.165638775
 -0.178972244 -0.183543772 -0.179059744 -0.173503071 -0.178335458 -0.190998524
  0.165064901  0.143091142  0.120439053  0.0773781836  0.0941345692
  0.0966480374  0.0882698596  0.0576634705  0.00110191107 -0.063955605
 -0.0562814176 -0.0228424668  0.172350556  0.211860061  0.224016398
  0.205459923  0.165341079 -0.00229023397 -0.135705054 -0.146512806
 -0.123836301 -0.0670526102  0.0823870301  0.243339077  0.338831067
  0.312795401  0.224958569  0.245258018  0.308569044  0.419320673  0.568878472
  0.752082527  0.774816513  0.799677432  0.671397865  0.536076725  0.427653641
  0.34546867  0.283091187  0.234773651  0.200509593  0.183424801  0.179403707
  0.175640032  0.16160509  0.137499198  0.108287595  0.0772309974  0.0505359657
 -0.00676517701 -0.0460001193 -0.0752908736 -0.0987234786 -0.11749617
 -0.132511064 -0.143177837 -0.146835014 -0.143247858 -0.138802484 -0.139381692
  0.120940804  0.098972559  0.0795973241  0.127572566  0.169109762  0.190055221
  0.193218321  0.185651988  0.160066277  0.113440812  0.0596417189
  0.0930289328  0.0264227986  0.0632123947  0.0607621968  0.0166857243
 -0.0524242297 -0.120210215 -0.272067308 -0.389364243 -0.362973183 -0.235675797
 -0.0943252146  0.0341655277  0.106965028  0.103097923  0.156666547
  0.207814142  0.297735542  0.423746318  0.576580942  0.59978503  0.623377979
  0.651717544  0.648540795  0.522370219  0.425076306  0.34543404  0.282300562
  0.232832  0.198879331  0.179932132  0.16723296  0.150244042  0.126788408
  0.100070879  0.072539188  0.0490323342  0.0350250937  0.029104162
 -0.00750932284 -0.0368000865 -0.0602326915 -0.0789787993 -0.0939969346
 -0.106008857 -0.114542253 -0.117468037 -0.114598289 -0.111438438  0.0856460631
  0.0636778176  0.105335027  0.157406211  0.217375427  0.269313931  0.295517027
  0.299470663  0.292316973  0.270445824  0.231350809  0.0841344297
  0.0130485296 -0.0776205808 -0.109016731 -0.171125099 -0.248504728
 -0.334730893 -0.415198416 -0.555656016 -0.581061363 -0.45961675 -0.350627422
 -0.28031677 -0.239732698 -0.0755913481  0.0634502172  0.183037445  0.299801797
  0.429908603  0.454743147  0.478634447  0.505319715  0.505741596  0.509575725
  0.515804768  0.420544952  0.344801575  0.281434447  0.234688789  0.201885104
  0.175497979  0.149322569  0.122807503  0.0968246758  0.0714625567
  0.0499785021  0.036623612  0.0301661454  0.0263423584  0.0232833214
 -0.00600743853 -0.0294400528 -0.048186142 -0.0631830245 -0.0751975626
 -0.0848070905 -0.0916338339 -0.0939744189 -0.0939156339  0.057410121
  0.0842678845  0.125924975  0.177996248  0.243099123  0.318077594  0.383000702
  0.415754288  0.420675546  0.41351667  0.312678188  0.170794278 -0.0264219642
 -0.154186919 -0.294286311 -0.361576885 -0.438963115 -0.530336738 -0.633940756
 -0.628938735 -0.690300107 -0.765383244 -0.702443302 -0.665018857 -0.463568956
 -0.258641452 -0.0437089466  0.147647008  0.29833129  0.332438022  0.357822418
  0.384187728  0.388538867  0.394816965  0.402170777  0.409779549  0.416436046
  0.340505689  0.282919914  0.237643182  0.20086664  0.165809572  0.131615251
  0.100761637  0.0742714778  0.0533972047  0.0400438756  0.0327350609
  0.0279567242  0.0241329279  0.021073902  0.0186266806 -0.0048059253
 -0.0235520266 -0.0385489129 -0.0505464152 -0.0601580217 -0.0678456575
 -0.0733070225 -0.0768646598  0.0738822073  0.100739956  0.142397046
  0.194479287  0.259582043  0.340960443  0.434683561  0.515820205  0.556714714
  0.497578144  0.399764895  0.239699483  0.00481978059 -0.27739197 -0.423941016
 -0.560023427 -0.637431741 -0.728882551 -0.710998774 -0.74052161 -0.808118999
 -0.958020747 -1.13350081 -0.89138788 -0.65004003 -0.394192576 -0.141845196
  0.0847107619  0.192195073  0.249781638  0.282265067  0.290762991  0.299799085
  0.308893085  0.317548841  0.32477057  0.331079453  0.338811845  0.282401145
  0.236828431  0.193555743  0.153666839  0.117690541  0.0861125961
  0.0613592528  0.0457162298  0.0369195566  0.0309613608  0.0261880513
  0.0223653689  0.0193063375  0.0168591198  0.0149013586 -0.0038447408
 -0.0188416298 -0.0308391321 -0.0404371284 -0.0481264256 -0.0542765222
 -0.0592291169  0.0870598853  0.113917589  0.155583411  0.207665741
  0.272768497  0.354146779  0.455856204  0.572971582  0.622162163  0.596508801
  0.470384002  0.260295331  0.00230821967 -0.2803936 -0.585269034 -0.721368909
 -0.853868365 -0.785408974 -0.772105157 -0.82832557 -0.962977886 -1.14412665
 -1.1579392 -1.08189666 -0.77771616 -0.483529657 -0.221915647 -0.0542142503
  0.0766618624  0.166807756  0.203429356  0.219771251  0.231060028  0.24119547
  0.249541655  0.256643742  0.264346808  0.272860795  0.279443473  0.22867386
  0.183841556  0.14287892  0.107589804  0.0787523836  0.0579293072
  0.0444488339  0.0357139818  0.0295356456  0.0247690957  0.0209504329
  0.0178922955  0.0154450843  0.0134873046  0.0119210798 -0.00307580829
 -0.015073305 -0.0246713031 -0.0323496982 -0.038501136 -0.0434528291
  0.0976020172  0.124466725  0.166132569  0.21821478  0.283317566  0.364684999
  0.466377437  0.551729977  0.63420707  0.632307231  0.484513879  0.244186163
 -0.0162830353 -0.288837969 -0.587687612 -0.922494769 -0.855066061 -0.834294081
 -0.835948288 -0.917012691 -1.08020556 -1.13852036 -1.1320982 -1.032956
 -0.855755448 -0.550302267 -0.33941412 -0.17041795 -0.0329300277  0.0642128065
  0.128613591  0.161503255  0.176902011  0.186789766  0.195040181  0.20325762
  0.211712763  0.218192667  0.220491067  0.219057813  0.173366502  0.134798288
  0.10198307  0.0773032159  0.0592910424  0.0456562564  0.0355590694
  0.028571194  0.023628518  0.0198152661  0.0167603474  0.014313845
  0.0123560652  0.010789847  0.00953686051 -0.00246063713 -0.012058638
 -0.0197370369 -0.0258797612 -0.0308314525  0.106041245  0.13290593
  0.174571782  0.226653963  0.291748077  0.37310189  0.441384077  0.517365754
  0.568345845  0.544611335  0.419448853  0.211595565 -0.0371986143 -0.303724915
 -0.594493926 -0.724526882 -0.858955443 -0.850149989 -0.906898022 -1.00279486
 -1.03172052 -1.05690193 -1.02750003 -0.917169034 -0.772468269 -0.646676719
 -0.434550107 -0.263178259 -0.134027779 -0.0302101485  0.0503779873
  0.103758827  0.130755916  0.143188581  0.152331218  0.161150336  0.167978227
  0.171132103  0.170956582  0.168734759  0.165426299  0.128837213  0.10082376
  0.0786177889  0.0612928197  0.0474328473  0.0365250148  0.0284472667
  0.0228569545  0.0189028103  0.0158522148  0.0134082828  0.0114510804
  0.00988485757  0.00863186829  0.00762948673 -0.00196851511 -0.00964691676
 -0.0157896373 -0.0207343604  0.11680682  0.143671498  0.18533726  0.237412557
  0.302495718  0.357006073  0.425576508  0.482276082  0.481303155  0.425171912
  0.332490027  0.177137285 -0.0516645946 -0.316856265 -0.442791224 -0.567410529
 -0.705070496 -0.870065331 -0.938743114 -0.963536441 -0.972024381 -0.94432205
 -0.882312477 -0.804481387 -0.718991578 -0.613200009 -0.502797902 -0.338229269
 -0.206444651 -0.101228654 -0.0167151988  0.0483540483  0.0888074413
  0.10701666  0.116992481  0.125213459  0.129732385  0.130907133  0.130181864
  0.127960026  0.12545006  0.124724366  0.0986900255  0.0782144219
  0.0608894527  0.0470294841  0.0359415114  0.0272152387  0.0208683256
  0.0166266728  0.0135786524  0.0111377221  0.00918165967  0.00761543447
  0.00636245357  0.00536007015  0.00455816276 -0.00312023889 -0.00926296413
 -0.0142076751

