2
100
0.2462852884780707 -0.4351362507069176
0.4097780138236737 -0.2864995277251345
0.3576633254831647 0.3493951138815822
-0.04092206503171367 -0.4983225708249027
0.4635303402855868 -0.1874556577826556
0.2952959578600107 -0.4034851884165498
-0.3195061851168196 -0.3845982288988037
0.334953813726248 0.3712222281467558
0.4059046515813622 0.2919613224805863
-0.3500443478985985 0.3570279463910983
0.3719264380977825 -0.334171699346154
0.2866970691634592 -0.4096398302571208
-0.4963847937771744 -0.06001780158246425
-0.1861279611031088 -0.4640650623518212
-0.06989240264888312 0.4950909533125872
-0.09450309948819668 -0.4909879470894616
0.3976586007093983 0.3030967457460462
-0.2247368658420765 -0.4466467744554755
-0.4375075990771772 0.2420477241159766
-0.4003328096619747 -0.2995557402356848
-0.03556842743019793 -0.4987332823966561
-0.4368291928288258 0.2432699247595487
0.4999701493759774 -0.005463490913576192
0.3481239697230756 0.3589006850150151
0.3536004940817781 -0.3535062808283926
0.4985313246710481 -0.0382951474958646
-0.4373678637173536 -0.2423001275016553
-0.4890448277203602 -0.1040920577179796
0.4866110257571453 0.1149335008236453
0.2773151570178964 -0.4160484391127305
0.3213339449990182 0.3830724419628329
-0.08372955926411331 -0.4929395103919316
0.05762887706085663 0.4966678090320578
0.02707753650945402 -0.4992662686548924
-0.1786059949231665 0.4670116685667563
0.4235061868057884 -0.2657865868271395
0.3132631058469614 0.3897001751540734
0.2066421354993043 0.4553010299091
-0.187466138745488 0.4635261015561663
-0.4877092864948671 0.1101800883402605
-0.4891771156097214 0.1034685921608741
-0.2256564095439927 -0.4461829051316442
-0.4833614197369415 0.1279130091503138
-0.07660098268828439 -0.4940974493469776
-0.04473210340703736 0.497995018975875
0.1006598948799018 0.4897627849916397
0.272378319634797 0.4192970915626822
-0.4339311500018294 0.2484024095255317
0.03827401404979433 -0.4985329476057888
0.3312731435564568 0.3745104863127643
0.4998706064092725 -0.01137439440261273
-0.356951568704783 0.3501222323692035
-0.4351041428266516 -0.2463420079789169
0.1795508894362789 0.466649202402234
0.05948720393277716 0.4964486605564166
0.4665426643923775 -0.1798275348817901
-0.4781257703019661 -0.1462728538490705
-0.2827078647664791 -0.4124030349053922
-0.08264150397371411 -0.4931230899288357
0.0008958550120970075 -0.4999991974431532
0.3207876783759079 -0.383530005869417
0.4059073094887648 -0.2919576272399679
0.3075096744619866 0.3942560083401177
-0.2998676292305809 -0.4000992438628583
0.3401367283082433 0.366479202760217
0.4698563023451472 0.1709826165039758
0.3598000725650616 -0.3471943371977376
0.1222972712025458 0.4848127241073721
0.1697916828625336 -0.4702879803170699
-0.4633617157432498 0.1878720851629421
-0.4482673394039867 0.2214867770853851
0.4364537797966392 0.2439428172773833
-0.168640201860965 -0.4707021163286745
0.4697085044286451 -0.171388216827778
-0.4196639084173782 0.2718128105366824
0.2482005404399924 0.4340466469462652
-0.2224113877420685 -0.4478093060697234
-0.08057075088794013 0.4934656564557999
-0.4373423573019998 0.2423461625640686
-0.1807279337057245 -0.4661946095553436
-0.4997512926617806 -0.01576849653198518
0.499459766942493 -0.02323663499198084
0.4931929800549175 -0.08222338125223068
0.361096275537332 -0.345846034808941
0.4353804860185125 -0.2458532741174781
-0.3765183595050063 -0.3289892474772677
0.3789232607144019 -0.3262164350390173
0.4867860949260708 -0.1141897446648619
0.3453051512070177 0.3616135403298646
-0.4987680099338263 -0.03507808812707127
0.4990193994528827 0.03129918480862266
-0.04571747217182566 -0.497905525916532
-0.3469005263370997 0.3600833581645272
0.1732457843207047 -0.4690265431882336
0.2755468397022612 -0.4172216906275324
0.04981513164687627 0.4975122638277416
0.02423701624345112 -0.4994122215601203
-0.3433407643247635 0.3634791872348225
0.4779433776269945 -0.14686772205798
-0.3711134594024802 0.3350743204877444
