-0.129763714870601
1.444186128146424
-0.189729283614058
1.418665898623569
2.009811505589983
1.810352510634316
1.178468588998588
-0.106488832020590
2.562594364238547
1.031420981837548
0.049372312232149
1.913689053622954
2.101862332610696
0.898462653749339
0.367414241808862
1.620226677188375
0.966735343150587
0.538893782208613
0.628204516942741
0.725780502623015
0.209382324640702
1.180266976259521
0.801884899841542
2.152401233948804
0.256132372028232
1.194239689307327
0.853866249299710
1.612030529464612
0.180025308189603
1.888620650603716
0.286793472996224
1.502463427693999
1.782304965242627
-0.389961014866066
0.065738917407809
0.223423887625572
2.050312844725980
0.575808066802512
1.720506058235736
0.062217527790731
-0.278150725082198
1.696773500315282
0.381676941102515
-0.336461522119253
0.541881232791425
0.259320440329860
-0.084843245573910
1.593583432505788
0.418449112110752
0.828521489425462
0.383176668035914
0.861236754191734
2.038600144256336
0.496217866902866
1.066763548867895
0.859004603786465
0.796301290592319
0.212752022124236
-0.287084963338225
2.269133410268409
1.042363735791009
-0.151985013403143
0.647621234824915
0.155412064885503
1.031047371085116
0.296745802328695
0.911751869077112
1.093803799268372
0.574042328528911
0.669705044028855
1.750389633172684
1.258968021992612
0.036817442775914
0.555477486302565
0.062729933257269
1.050772302788347
1.402776310550059
0.517914218247346
1.600801707377606
0.373531684268457
-0.518735480480509
0.728160059781358
0.272797824790501
0.036389906899415
-0.220719086089478
1.501810554099791
1.394135699722060
-0.155888067264577
0.588052850578013
1.126186709338449
0.477133637456241
2.424892181902303
1.231693013676943
0.823421164291738
0.775530542300068
0.075840260540388
1.660230712627887
1.211051259673253
0.796495411724897
0.191683112374912
0.432448229297846
0.753617996721408
0.813308371414755
1.104192896646954
0.221443980662160
0.736856781492379
1.197764166954047
1.563853029345871
0.388628390435534
0.190819354451214
-0.043231250908017
2.506001601333670
-0.994259379121774
0.583725774373704
0.651317584408220
0.080595617217769
0.378082799509709
0.272136041677086
-0.594446012819107
0.900927114885953
-0.150299055164789
-0.155254720614299
0.301994694800362
0.911482757522851
0.576743070756644
0.614924565344971
0.427839650814810
1.523967666108208
1.568979981030700
-0.165873551093298
0.942608464226281
-0.050083084499130
0.414974066747821
1.205270195993057
0.809140490771032
-0.034829903617524
1.851732574944155
0.015475314053650
0.927023217059282
-0.025985362173642
0.163733101458493
0.587138234422161
0.394753749194111
1.629198680476801
0.404944398983001
1.008112372299558
1.584018049196899
0.690056175480227
0.934328668607230
-0.526213639445923
0.873627121470449
0.338326721408171
0.504861457531368
0.562328033062033
2.234284173449073
0.690715629067266
0.117256864688138
0.783376417298673
1.240902459428348
1.478977055727693
1.113778831921702
1.390187806356649
0.604146459801809
0.901712295761362
1.422796267372633
0.027112043803993
-0.247769120213269
-0.003003550803026
0.250513251264796
0.063210294813015
0.300594278350675
0.388894263294854
0.699948397492915
1.232078999189186
1.307273601620444
0.814561979699439
0.384669821800846
2.718607360113580
0.994037460112691
-0.135403599369690
-0.188400643362467
0.987511084040920
0.145454941549230
1.361056740655502
0.570115035903083
0.960685658148884
-0.154234722857640
-0.099392266079418
0.758437891977740
0.771328837109997
1.019429545974399
1.007374049118885
0.591856880453811
1.008612258788486
-0.656581969742830
0.526057020344742
0.035697135307296
-0.026803203384325
1.625371004151977
0.670204712633500
0.066340010700272
0.593366209732439
0.011453698050541
-0.045127524107488
1.582638370211238
0.610372427582697
1.630391866005291
0.059876721635925
0.503788987974691
0.523826174811740
-0.316827686089182
0.939674374954481
0.884321505710881
1.131851025651521
0.866087453789080
1.172070720214456
1.107035376458116
-0.822373819559000
0.726350316764516
-0.540249514816468
0.802565279198644
-0.082729153607194
0.244978427258333
0.705343736500933
0.449877843019466
0.998827384421833
0.332631634843140
0.276013517125533
0.341242823194050
0.787139023805455
-0.155883403502503
1.107205423974152
0.365193754115976
0.862207798913805
0.706466931606366
1.191240917448085
1.412578738848808
0.127960269217019
-0.650389525032390
-0.175398583021179
0.153044536133275
0.814088590443470
-0.190683697463575
-0.030272377905254
-0.048418899255673
0.141801336795755
-0.016176187303326
-0.022300268386794
-0.283864701488402
1.243137422340970
0.757288632904213
2.241302715280825
1.945112132724474
1.149333395377544
0.097005772688503
1.374464943981866
1.494343204014832
0.451686209306791
0.837019112025702
2.152847095885783
0.671671857351440
-0.436350288726982
0.962292999841693
1.384039699620649
0.043972254279151
1.408355297142913
0.853232799842913
-0.335648766434121
1.657049109818641
0.675202924405703
0.384969373374386
0.295677473944330
1.552986930791976
2.029784040752733
0.525671423407915
0.725403902727512
0.391775463757043
1.316918965481908
0.017480212539612
0.178854374770366
0.023960980708568
2.215514469767062
0.853122213547959
0.990022855781893
1.267923158395971
-0.326718879475011
0.758694748063618
0.075632965012801
0.656933287594335
0.399645269666724
0.059240411726113
0.834934932383095
1.262192771998507
0.407944237837940
0.620080083119387
1.474859352134301
0.219109182694759
0.601887566129105
1.080336465239091
0.568987687457120
1.644579829105428
0.757527036930158
0.819621586781737
0.246168219567055
0.869028594327267
1.274329214934920
1.172141373951530
-0.054768348958044
0.883322331717292
0.765711426971407
1.174905836556313
0.102993426152954
0.076778524848126
2.176471361088128
0.892302867176818
0.957162619334196
0.719414488995130
0.447209987641516
0.858363622531093
-0.213707715532941
0.617407161915910
0.212687358275430
0.820952558248221
1.009100194010343
1.222336840290370
2.056816375843255
0.208912717935612
1.680842317451970
-0.105942839415632
1.626461210593717
0.878376273962723
-0.152618248165475
1.014368103911246
-0.099690794672925
0.998488928344942
1.436651897813016
-0.397056466485861
2.543234927702390
0.929148633255174
-0.055455191853997
0.202279148959092
1.537802702112799
0.154435354601025
1.616893264580260
1.129663696237459
0.469646624466516
0.788919662774692
0.020826163730211
-0.626460762631209
0.721842462245925
1.401841304841967
0.355817153076607
1.561701238615641
2.328346582874570
1.101718770166533
1.038713013211137
0.647293525430368
1.101112714042391
1.003700837474253
1.049630493001791
-0.274580175459141
1.749836084404946
0.722459460782940
1.027731125828537
-0.227934752105822
-0.658161666441655
-1.037966022743006
1.691575473599727
0.298934523074556
0.126661441117522
0.975825598473431
0.292193540035047
0.236649341684669
0.187030745286944
-0.358024653279058
0.737533650298248
0.367649524331982
-0.158574007712877
0.247236809275155
0.487495794331828
-0.274185141003213
-0.015443845105196
0.540224639217068
0.332867017040668
0.002650101858941
1.289946111779449
0.508886131694348
0.596864435397610
0.011540623726776
-0.074533096299738
1.226571722403525
0.736937609437049
0.020212120851270
-0.304987176070797
0.829819004684545
0.333350848554824
0.111437576685417
0.869090613815369
1.987239017976040
0.228376183785454
0.086951808985465
0.784264917806910
0.624889505532978
1.269686669451336
1.308900933196979
1.515721049846846
2.214183231677197
0.289793747480067
-0.278981096629432
1.074860603997643
0.541800565594307
1.045965132934663
0.437756468567003
1.526506308853999
0.396668262194120
1.797535366406831
2.158776197871764
-0.080860055241893
0.723761925273045
1.374353072935232
1.178870441168644
0.580809695277530
0.214744572979482
-0.066761219668647
1.353436245418415
-0.209557870487316
2.275614207334490
1.949323641108639
-0.098987504810616
-0.145009998193285
1.085814083624633
0.435420946680515
3.714089721795968
1.184540190524163
0.908492448450267
-0.226012848148676
1.707054515999984
2.171538895453858
1.156283495104508
1.731163193706796
-0.317146303393359
1.707495642585882
1.192226233195793
-0.259923646114331
2.305998991502112
-0.437283846689431
1.309527310080751
-0.151773379426127
-0.102868447804151
1.614585938195635
1.600713619696500
1.343924631747823
0.687246938125958
0.382449715369285
1.230340435869356
0.367131938529810
0.498640442431760
-0.213627978590105
0.518942501386379
1.189388149342941
0.956251528905915
0.646206392864104
0.409387194209468
0.882988246789330
0.567091852127289
0.050961591691583
1.502658482692952
1.856725061108870
0.238092646085981
0.064062920450539
-0.148476326377937
0.489982051904627
0.897734453727428
-0.118522267028243
-0.294356443270733
1.120298692094310
0.222577729658426
0.345986938523243
0.154514978320270
0.008538840368085
-0.252991131882496
0.834586695090450
1.304153705345550
1.130093191913075
1.192121524855178
2.981435676137220
1.546566634403192
0.806433935553844
-0.246098794484227
0.381855887098234
1.002742559763633
0.134455085909339
-0.085652161780284
2.321759029625789
0.603363331634584
0.630648417815261
-0.182500669664432
0.892121198729472
1.577872947648264
1.126377033974906
0.820490546810591
0.873496201044535
0.200450787116035
1.649384719254509
0.962918089859383
0.050214281451636
0.379052331540229
1.533131490333512
0.378037403750345
0.449851206769200
-0.488579271915393
0.829801973431687
0.025375018438485
0.409733686751165
1.246476498463157
-0.686528835088304
0.156356832408793
0.162295223067622
1.840268913492630
0.834357524413833
1.471866156271481
0.568268168070466
-0.433646006828705
0.444258604143353
0.692589460382010
0.969100576839761
1.360920313941367
0.506336613608575
0.282879965161388
0.410873614703231
1.642336359565903
-0.085001054368294
0.311366736427157
0.326468256045292
0.880101196083814
0.096301107295290
0.744722975783450
0.144973421907451
-0.187917926284572
1.484372006266732
1.050731086698378
0.008727256216399
0.056812850396082
1.033585500172419
0.893915211780752
1.317639237060863
0.436952728198651
0.024411037107564
2.324435289126323
0.750155916793730
0.611378122564550
1.130049554701805
2.245138984401500
0.514651639631714
1.074183494579720
0.396408186434261
0.205833309061773
0.717007900515088
1.103894706223413
0.506763975840006
0.654207073590555
0.629833137520535
3.397385019876091
0.554730250119814
-0.709574022980131
1.860273662160413
-0.067533105443654
0.322204851046889
1.347887482374286
-0.223686337941816
0.578226478361389
-0.442772896091008
0.178567276742954
0.429139333794319
0.656917777447033
-0.190803435511122
1.585447627229168
1.342583370822383
1.096365815798110
1.640596855329941
0.052318793098180
0.742833936803564
0.349575484208045
1.162171694221440
0.054606447073697
0.179382151587577
0.843230551764454
1.112949602227685
1.330345404088478
0.380926882844680
0.748030145770809
0.811949263014461
0.923382117958955
0.223599684443207
1.353384406140820
0.468106359737308
0.770566542328069
1.105622533217490
-0.126370364738523
0.182541265900555
0.248972364142630
2.199306736152392
0.743386319917697
1.350050667081022
-0.268459979659828
1.179814426496655
1.890245687268706
-0.505428571569238
0.020069900719133
0.296340633868789
1.028078502166043
0.330990074147346
0.567708624371854
1.560938721631224
0.243302449730547
0.216514463496326
1.569738850777250
0.264072825142139
0.513629770585444
0.504244057454462
0.631954177818936
0.159227040045300
0.001148722759267
2.551040860167476
0.359112541334016
0.716715412900933
-0.016761797250159
0.291430143863791
1.941852545725282
-0.284848027223818
1.106468424820550
1.822797858048705
1.061695544728966
0.251667666615386
2.526620443071445
0.561563445141413
1.616771875851369
0.695236182980840
1.391419723089330
-0.085385543894282
0.523021393905185
0.064457299672497
1.085729194029298
1.269777527755663
0.500005034318746
1.076890482283960
0.588468187138483
0.535297344476252
-0.204454161346880
0.362638142799483
1.687502051444722
-0.095912304201218
0.228383019149006
-0.373174256500315
0.413318303277030
1.362391933098997
0.973507587150598
-0.034517500375640
0.905359951921684
0.796729196212130
-0.705671841873134
0.061504823545971
1.200846071228702
1.789923871300134
1.591884011047962
0.663373337011452
0.894738294674539
1.941322383566880
0.345680747360874
2.257301834495261
1.433222252342424
-0.024113177302214
1.254285077990791
0.469541127413279
0.240842599335643
1.585052365048511
-0.015355167755719
-0.126538312751445
0.420936931788489
-0.193182487558291
1.057339675138773
0.018209938296442
0.479006917991075
1.720654012246166
1.277236189447999
0.766957877249928
1.008949934396764
2.286223914308480
1.269187782733796
0.816873449041309
0.941436212906670
1.555301822887700
0.346070034536527
0.875893188252735
0.027613215578889
0.755508566911033
2.340792701722416
1.753861696145289
0.846499288698517
0.176659596446249
1.750824626759203
0.239119308858498
1.959569581751482
1.786334096592426
-0.422417749478211
-0.311170323384372
0.592675492651071
0.689568669486245
0.960057833546374
1.204096261697183
0.963221005020446
2.216784107692214
1.963038226436597
0.253361117475888
0.233948746885497
1.768827232720595
-0.054178850735613
-0.271020141153190
-0.480279526931486
0.306121218723448
2.041005381639569
1.618355125758648
2.382750340923522
0.920959057529634
0.034440899997590
0.930521605790699
0.620108367344046
0.001385001587687
0.048812325772767
0.302746773407728
0.263358702535977
1.835438876077482
1.559289579038992
2.210821619828504
0.635970887895153
0.134417822534293
1.020988712488389
0.905491009099046
1.009841965927424
0.935705142691238
-0.077720261709695
0.768335232509445
0.811148463414367
0.398564823666276
0.283289122340599
0.031400105984491
-0.007963319260851
0.649852037246282
0.443003869930873
1.635198450902979
1.581297052524414
1.406153826914337
1.163118933992386
1.662179465608843
0.356233092848440
0.631263630263766
1.225292209950533
0.234614514348113
1.216569226514764
1.901586261435921
0.568428183340879
-0.084460148755157
1.924939679967324
0.965568599971839
0.197417976282246
0.475467696981475
1.393190220768348
0.083033052489084
1.886987275327201
0.623728933777275
1.530085610563013
0.661805993044737
-0.330571862487690
0.095678381864281
0.612599177270840
0.001344303659928
0.453312958004673
1.641585519758880
1.042071037258373
-0.033022298626150
-0.747479035879689
1.431646132990615
1.979815422402372
1.277835994191052
2.408637253188195
0.965245612223592
1.823203887188456
0.168072319598533
2.033375866919336
1.048573917119470
0.585375944863606
0.344969802729951
0.683381081357487
1.489559064849601
-0.100937881079032
0.590923381041960
-0.442547080233855
-0.303006745291279
0.796131500376487
0.787397506569474
0.942186238046180
2.284209598258081
2.327131245340373
1.729504519046603
0.176784914493782
-0.030612746485477
0.627087890640287
0.262988871416938
0.823292175797997
0.330864865956975
0.773416748370531
1.429433594047655
1.645202194164871
2.036816817545979
0.382775804887487
1.150228959293915
0.104682275468773
1.706441244768286
0.287063429432195
0.163778080832606
-0.268604960960161
1.259326702581860
0.537413871262723
0.269470543272861
-0.270771801012689
1.577596073723621
2.261462521699278
0.794092422122991
-1.009163386072450
1.957775479805536
0.368841470503567
0.421882560806078
2.518301569397083
0.587204128087275
0.497256798599823
1.232372174432134
1.064897557960723
0.764103106622551
0.177873630797406
-0.583866266031064
1.481825450267532
0.229158111998171
1.273464548642241
1.239245485415235
-0.020932862086030
0.398537521546059
0.108516518805926
0.436157903167371
0.396442526726811
1.269000126925483
1.203423982623676
0.589510467277049
0.389673512319340
0.885558156809297
0.651704573855446
1.774452966257804
0.184486271161615
1.500435074881663
0.247591074618460
0.446971228152089
0.213796141144913
1.368307629367880
0.797655562516007
0.792928309154398
0.439709113516215
1.294611585944942
-0.432292760473914
0.048438965035049
1.858983561861676
0.517024187595101
-0.065115825432003
0.210330717401519
0.986063733776778
1.148458124781406
0.238559152560031
0.576763526191760
0.567848924639439
0.331355248234129
-0.237630119291778
0.946825914251982
0.661756936647987
1.447438943201743
0.264768616550016
0.232945543138835
1.236274978750066
1.220300544482408
0.027661268914660
0.471410159747476
0.813249109198131
1.141057694825083
0.175412205778728
0.706850777490984
2.086605461922765
1.924642119994513
0.616810121122220
0.668542301767389
0.789659057113492
0.232311918145214
1.176136169105757
2.964041826215007
0.472673199073745
0.860682029708449
0.604942913124275
1.429497271959635
-0.232568448305014
0.887815980670865
0.424477888718739
-0.664325688038361
-0.026965774331272
1.391718907739000
0.920173759802991
2.531843598678303
0.130991305551214
-0.078223848366022
0.497505121446527
0.783904294015979
-0.296466304301884
0.900109735181714
0.729722360090481
0.554427237523517
0.033709278888401
0.117107356411997
0.181320140571196
-0.120643685352960
1.806130355458401
0.751100395008563
0.193198128410039
0.775066076883263
-0.535430163845070
1.249842967899898
-0.411542992678023
0.065457264502059
0.226435965378666
2.133333350717116
1.539577031360306
0.819896414444522
0.239204251224585
0.116613431344378
0.780912613747825
0.674930015917768
1.204212130476533
-0.027275311954284
-0.334602683337941
0.980008588260167
1.061671335828525
0.899477945607287
0.484616496060668
0.975566109965433
0.147900359873324
0.166632158733296
-0.328492257042193
-0.141459439681182
1.464056452823951
2.654099508799275
0.803293412959067
-0.045782756646587
1.421659463870686
1.821868391748966
-0.101376645057313
1.332168599185012
0.879803829432628
0.973866957448390
0.805834955728226
0.245490782167455
0.305070228329460
1.989707981359247
0.592630217844004
1.103935845916807
1.628943879676569
-0.179792841306106
1.401980579840352
-0.472319408262645
-0.179683900825917
1.304707521223707
2.009270301746940
-1.007389612240150
0.302620393131242
2.937806152941431
-0.134522815366718
0.702482978283918
0.548965953989167
-0.068098674927743
0.649876795254397
0.889204256858108
0.215127573572705
0.945056577269586
1.694285197823378
0.221119761195086
0.221007668152583
-0.728995513553387
-0.134685868648032
-0.370447673236559
1.040301174748007
0.588265852611494
0.319328860887591
1.341275421145908
0.008638596070154
1.400808938800048
2.824307428454734
1.311653483384557
