size=70
div=35
out=1
rand=0.001
cw=5
crunch=
rA=
rB=
rS=
rRef=
n0=29.2610756566908,,,,,,,,,,,,,,,,,,,,,,,,,,,,,,,,,,
n1=15.0725257584563,,,,,,,,,,,,,,,,,,,,,,,,,,,,,,,,,,
n2=15.0725257584563,,,,,,,,,,,,,,,,,,,,,,,,,,,,,,,,,,
n3=13.7689572969292,,,,,,,,,,,,,,,,,,,,,,,,,,,,,,,,,,
n4=27.5237946933511,,,,,,,,,,,,,,,,,,,,,,,,,,,,,,,,,,
n5=28.5066441798485,,,,,,,,,,,,,,,,,,,,,,,,,,,,,,,,,,
n6=14.4611903417781,,,,,,,,,,,,,,,,,,,,,,,,,,,,,,,,,,
n7=14.2367247875808,,,,,,,,,,,,,,,,,,,,,,,,,,,,,,,,,,
n8=14.9667439629509,,,,,,,,,,,,,,,,,,,,,,,,,,,,,,,,,,
n9=28.5527966891599,,,,,,,,,,,,,,,,,,,,,,,,,,,,,,,,,,
n10=29.3941223024059,,,,,,,,,,,,,,,,,,,,,,,,,,,,,,,,,,
n11=14.4984150415583,,,,,,,,,,,,,,,,,,,,,,,,,,,,,,,,,,
n12=27.4826454502674,,,,,,,,,,,,,,,,,,,,,,,,,,,,,,,,,,
n13=14.0955055508677,,,,,,,,,,,,,,,,,,,,,,,,,,,,,,,,,,
n14=28.5156803283179,,,,,,,,,,,,,,,,,,,,,,,,,,,,,,,,,,
n15=29.3941223024059,,,,,,,,,,,,,,,,,,,,,,,,,,,,,,,,,,
n16=28.2230597063631,,,,,,,,,,,,,,,,,,,,,,,,,,,,,,,,,,
n17=27.7690908942909,,,,,,,,,,,,,,,,,,,,,,,,,,,,,,,,,,
n18=27.5374686002362,,,,,,,,,,,,,,,,,,,,,,,,,,,,,,,,,,
n19=28.6225228208831,,,,,,,,,,,,,,,,,,,,,,,,,,,,,,,,,,
n20=29.3941223024059,,,,,,,,,,,,,,,,,,,,,,,,,,,,,,,,,,
n21=28.2596917276147,,,,,,,,,,,,,,,,,,,,,,,,,,,,,,,,,,
n22=28.7171981513102,,,,,,,,,,,,,,,,,,,,,,,,,,,,,,,,,,
n23=28.5506696221738,,,,,,,,,,,,,,,,,,,,,,,,,,,,,,,,,,
n24=28.4497645991231,,,,,,,,,,,,,,,,,,,,,,,,,,,,,,,,,,
n25=13.3825422463124,,,,,,,,,,,,,,,,,,,,,,,,,,,,,,,,,,
n26=28.9986444990675,,,,,,,,,,,,,,,,,,,,,,,,,,,,,,,,,,
n27=14.7958864933862,,,,,,,,,,,,,,,,,,,,,,,,,,,,,,,,,,
n28=28.7100976761653,,,,,,,,,,,,,,,,,,,,,,,,,,,,,,,,,,
n29=14.9871252968349,,,,,,,,,,,,,,,,,,,,,,,,,,,,,,,,,,
n30=13.9384650409551,,,,,,,,,,,,,,,,,,,,,,,,,,,,,,,,,,
n31=28.4772593723832,,,,,,,,,,,,,,,,,,,,,,,,,,,,,,,,,,
n32=14.9226538099434,,,,,,,,,,,,,,,,,,,,,,,,,,,,,,,,,,
n33=29.0837747548917,,,,,,,,,,,,,,,,,,,,,,,,,,,,,,,,,,
n34=14.5669795719031,,,,,,,,,,,,,,,,,,,,,,,,,,,,,,,,,,
n35=1.01843786188623,1.00877780850987,1.00877780850987,0.995263075692796,1.01165740286499,1.00649107470209,1.06408251344905,0.989740178504897,1.01358044664487,1.01268624321973,1.0073730764702,1.00641488967119,1.01030629365816,0.992466427760226,1.00073187934903,1.0073730764702,1.0123502166277,1.0118812947293,1.01462169146446,1.0086080696945,1.0073730764702,0.98844676312228,1.00085211441713,1.00270430438577,1.00559774341798,0.985506790305006,1.01624635899002,0.990830180307693,0.983843772954665,0.994207194099439,0.988077713955087,1.00990512421903,0.991429742897578,1.01801989478532,0.991431470787441
n36=1.01843786188623,1.00877780850987,1.00877780850987,0.995263075692796,1.01165740286499,1.00649107470209,1.06408251344905,0.989740178504897,1.01358044664487,1.01268624321973,1.0073730764702,1.00641488967119,1.01030629365816,0.992466427760226,1.00073187934903,1.0073730764702,1.0123502166277,1.0118812947293,1.01462169146446,1.0086080696945,1.0073730764702,0.98844676312228,1.00085211441713,1.00270430438577,1.00559774341798,0.985506790305006,1.01624635899002,0.990830180307693,0.983843772954665,0.994207194099439,0.988077713955087,1.00990512421903,0.991429742897578,1.01801989478532,0.991431470787441
n37=1.01843786188623,1.00877780850987,1.00877780850987,0.995263075692796,1.01165740286499,1.00649107470209,1.06408251344905,0.989740178504897,1.01358044664487,1.01268624321973,1.0073730764702,1.00641488967119,1.01030629365816,0.992466427760226,1.00073187934903,1.0073730764702,1.0123502166277,1.0118812947293,1.01462169146446,1.0086080696945,1.0073730764702,0.98844676312228,1.00085211441713,1.00270430438577,1.00559774341798,0.985506790305006,1.01624635899002,0.990830180307693,0.983843772954665,0.994207194099439,0.988077713955087,1.00990512421903,0.991429742897578,1.01801989478532,0.991431470787441
n38=1.01843786188623,1.00877780850987,1.00877780850987,0.995263075692796,1.01165740286499,1.00649107470209,1.06408251344905,0.989740178504897,1.01358044664487,1.01268624321973,1.0073730764702,1.00641488967119,1.01030629365816,0.992466427760226,1.00073187934903,1.0073730764702,1.0123502166277,1.0118812947293,1.01462169146446,1.0086080696945,1.0073730764702,0.98844676312228,1.00085211441713,1.00270430438577,1.00559774341798,0.985506790305006,1.01624635899002,0.990830180307693,0.983843772954665,0.994207194099439,0.988077713955087,1.00990512421903,0.991429742897578,1.01801989478532,0.991431470787441
n39=1.01843786188623,1.00877780850987,1.00877780850987,0.995263075692796,1.01165740286499,1.00649107470209,1.06408251344905,0.989740178504897,1.01358044664487,1.01268624321973,1.0073730764702,1.00641488967119,1.01030629365816,0.992466427760226,1.00073187934903,1.0073730764702,1.0123502166277,1.0118812947293,1.01462169146446,1.0086080696945,1.0073730764702,0.98844676312228,1.00085211441713,1.00270430438577,1.00559774341798,0.985506790305006,1.01624635899002,0.990830180307693,0.983843772954665,0.994207194099439,0.988077713955087,1.00990512421903,0.991429742897578,1.01801989478532,0.991431470787441
n40=1.01843786188623,1.00877780850987,1.00877780850987,0.995263075692796,1.01165740286499,1.00649107470209,1.06408251344905,0.989740178504897,1.01358044664487,1.01268624321973,1.0073730764702,1.00641488967119,1.01030629365816,0.992466427760226,1.00073187934903,1.0073730764702,1.0123502166277,1.0118812947293,1.01462169146446,1.0086080696945,1.0073730764702,0.98844676312228,1.00085211441713,1.00270430438577,1.00559774341798,0.985506790305006,1.01624635899002,0.990830180307693,0.983843772954665,0.994207194099439,0.988077713955087,1.00990512421903,0.991429742897578,1.01801989478532,0.991431470787441
n41=1.01843786188623,1.00877780850987,1.00877780850987,0.995263075692796,1.01165740286499,1.00649107470209,1.06408251344905,0.989740178504897,1.01358044664487,1.01268624321973,1.0073730764702,1.00641488967119,1.01030629365816,0.992466427760226,1.00073187934903,1.0073730764702,1.0123502166277,1.0118812947293,1.01462169146446,1.0086080696945,1.0073730764702,0.98844676312228,1.00085211441713,1.00270430438577,1.00559774341798,0.985506790305006,1.01624635899002,0.990830180307693,0.983843772954665,0.994207194099439,0.988077713955087,1.00990512421903,0.991429742897578,1.01801989478532,0.991431470787441
n42=1.01843786188623,1.00877780850987,1.00877780850987,0.995263075692796,1.01165740286499,1.00649107470209,1.06408251344905,0.989740178504897,1.01358044664487,1.01268624321973,1.0073730764702,1.00641488967119,1.01030629365816,0.992466427760226,1.00073187934903,1.0073730764702,1.0123502166277,1.0118812947293,1.01462169146446,1.0086080696945,1.0073730764702,0.98844676312228,1.00085211441713,1.00270430438577,1.00559774341798,0.985506790305006,1.01624635899002,0.990830180307693,0.983843772954665,0.994207194099439,0.988077713955087,1.00990512421903,0.991429742897578,1.01801989478532,0.991431470787441
n43=1.01843786188623,1.00877780850987,1.00877780850987,0.995263075692796,1.01165740286499,1.00649107470209,1.06408251344905,0.989740178504897,1.01358044664487,1.01268624321973,1.0073730764702,1.00641488967119,1.01030629365816,0.992466427760226,1.00073187934903,1.0073730764702,1.0123502166277,1.0118812947293,1.01462169146446,1.0086080696945,1.0073730764702,0.98844676312228,1.00085211441713,1.00270430438577,1.00559774341798,0.985506790305006,1.01624635899002,0.990830180307693,0.983843772954665,0.994207194099439,0.988077713955087,1.00990512421903,0.991429742897578,1.01801989478532,0.991431470787441
n44=1.01843786188623,1.00877780850987,1.00877780850987,0.995263075692796,1.01165740286499,1.00649107470209,1.06408251344905,0.989740178504897,1.01358044664487,1.01268624321973,1.0073730764702,1.00641488967119,1.01030629365816,0.992466427760226,1.00073187934903,1.0073730764702,1.0123502166277,1.0118812947293,1.01462169146446,1.0086080696945,1.0073730764702,0.98844676312228,1.00085211441713,1.00270430438577,1.00559774341798,0.985506790305006,1.01624635899002,0.990830180307693,0.983843772954665,0.994207194099439,0.988077713955087,1.00990512421903,0.991429742897578,1.01801989478532,0.991431470787441
n45=1.01843786188623,1.00877780850987,1.00877780850987,0.995263075692796,1.01165740286499,1.00649107470209,1.06408251344905,0.989740178504897,1.01358044664487,1.01268624321973,1.0073730764702,1.00641488967119,1.01030629365816,0.992466427760226,1.00073187934903,1.0073730764702,1.0123502166277,1.0118812947293,1.01462169146446,1.0086080696945,1.0073730764702,0.98844676312228,1.00085211441713,1.00270430438577,1.00559774341798,0.985506790305006,1.01624635899002,0.990830180307693,0.983843772954665,0.994207194099439,0.988077713955087,1.00990512421903,0.991429742897578,1.01801989478532,0.991431470787441
n46=1.01843786188623,1.00877780850987,1.00877780850987,0.995263075692796,1.01165740286499,1.00649107470209,1.06408251344905,0.989740178504897,1.01358044664487,1.01268624321973,1.0073730764702,1.00641488967119,1.01030629365816,0.992466427760226,1.00073187934903,1.0073730764702,1.0123502166277,1.0118812947293,1.01462169146446,1.0086080696945,1.0073730764702,0.98844676312228,1.00085211441713,1.00270430438577,1.00559774341798,0.985506790305006,1.01624635899002,0.990830180307693,0.983843772954665,0.994207194099439,0.988077713955087,1.00990512421903,0.991429742897578,1.01801989478532,0.991431470787441
n47=1.01843786188623,1.00877780850987,1.00877780850987,0.995263075692796,1.01165740286499,1.00649107470209,1.06408251344905,0.989740178504897,1.01358044664487,1.01268624321973,1.0073730764702,1.00641488967119,1.01030629365816,0.992466427760226,1.00073187934903,1.0073730764702,1.0123502166277,1.0118812947293,1.01462169146446,1.0086080696945,1.0073730764702,0.98844676312228,1.00085211441713,1.00270430438577,1.00559774341798,0.985506790305006,1.01624635899002,0.990830180307693,0.983843772954665,0.994207194099439,0.988077713955087,1.00990512421903,0.991429742897578,1.01801989478532,0.991431470787441
n48=1.01843786188623,1.00877780850987,1.00877780850987,0.995263075692796,1.01165740286499,1.00649107470209,1.06408251344905,0.989740178504897,1.01358044664487,1.01268624321973,1.0073730764702,1.00641488967119,1.01030629365816,0.992466427760226,1.00073187934903,1.0073730764702,1.0123502166277,1.0118812947293,1.01462169146446,1.0086080696945,1.0073730764702,0.98844676312228,1.00085211441713,1.00270430438577,1.00559774341798,0.985506790305006,1.01624635899002,0.990830180307693,0.983843772954665,0.994207194099439,0.988077713955087,1.00990512421903,0.991429742897578,1.01801989478532,0.991431470787441
n49=1.01843786188623,1.00877780850987,1.00877780850987,0.995263075692796,1.01165740286499,1.00649107470209,1.06408251344905,0.989740178504897,1.01358044664487,1.01268624321973,1.0073730764702,1.00641488967119,1.01030629365816,0.992466427760226,1.00073187934903,1.0073730764702,1.0123502166277,1.0118812947293,1.01462169146446,1.0086080696945,1.0073730764702,0.98844676312228,1.00085211441713,1.00270430438577,1.00559774341798,0.985506790305006,1.01624635899002,0.990830180307693,0.983843772954665,0.994207194099439,0.988077713955087,1.00990512421903,0.991429742897578,1.01801989478532,0.991431470787441
n50=1.01843786188623,1.00877780850987,1.00877780850987,0.995263075692796,1.01165740286499,1.00649107470209,1.06408251344905,0.989740178504897,1.01358044664487,1.01268624321973,1.0073730764702,1.00641488967119,1.01030629365816,0.992466427760226,1.00073187934903,1.0073730764702,1.0123502166277,1.0118812947293,1.01462169146446,1.0086080696945,1.0073730764702,0.98844676312228,1.00085211441713,1.00270430438577,1.00559774341798,0.985506790305006,1.01624635899002,0.990830180307693,0.983843772954665,0.994207194099439,0.988077713955087,1.00990512421903,0.991429742897578,1.01801989478532,0.991431470787441
n51=1.01843786188623,1.00877780850987,1.00877780850987,0.995263075692796,1.01165740286499,1.00649107470209,1.06408251344905,0.989740178504897,1.01358044664487,1.01268624321973,1.0073730764702,1.00641488967119,1.01030629365816,0.992466427760226,1.00073187934903,1.0073730764702,1.0123502166277,1.0118812947293,1.01462169146446,1.0086080696945,1.0073730764702,0.98844676312228,1.00085211441713,1.00270430438577,1.00559774341798,0.985506790305006,1.01624635899002,0.990830180307693,0.983843772954665,0.994207194099439,0.988077713955087,1.00990512421903,0.991429742897578,1.01801989478532,0.991431470787441
n52=1.01843786188623,1.00877780850987,1.00877780850987,0.995263075692796,1.01165740286499,1.00649107470209,1.06408251344905,0.989740178504897,1.01358044664487,1.01268624321973,1.0073730764702,1.00641488967119,1.01030629365816,0.992466427760226,1.00073187934903,1.0073730764702,1.0123502166277,1.0118812947293,1.01462169146446,1.0086080696945,1.0073730764702,0.98844676312228,1.00085211441713,1.00270430438577,1.00559774341798,0.985506790305006,1.01624635899002,0.990830180307693,0.983843772954665,0.994207194099439,0.988077713955087,1.00990512421903,0.991429742897578,1.01801989478532,0.991431470787441
n53=1.01843786188623,1.00877780850987,1.00877780850987,0.995263075692796,1.01165740286499,1.00649107470209,1.06408251344905,0.989740178504897,1.01358044664487,1.01268624321973,1.0073730764702,1.00641488967119,1.01030629365816,0.992466427760226,1.00073187934903,1.0073730764702,1.0123502166277,1.0118812947293,1.01462169146446,1.0086080696945,1.0073730764702,0.98844676312228,1.00085211441713,1.00270430438577,1.00559774341798,0.985506790305006,1.01624635899002,0.990830180307693,0.983843772954665,0.994207194099439,0.988077713955087,1.00990512421903,0.991429742897578,1.01801989478532,0.991431470787441
n54=1.01843786188623,1.00877780850987,1.00877780850987,0.995263075692796,1.01165740286499,1.00649107470209,1.06408251344905,0.989740178504897,1.01358044664487,1.01268624321973,1.0073730764702,1.00641488967119,1.01030629365816,0.992466427760226,1.00073187934903,1.0073730764702,1.0123502166277,1.0118812947293,1.01462169146446,1.0086080696945,1.0073730764702,0.98844676312228,1.00085211441713,1.00270430438577,1.00559774341798,0.985506790305006,1.01624635899002,0.990830180307693,0.983843772954665,0.994207194099439,0.988077713955087,1.00990512421903,0.991429742897578,1.01801989478532,0.991431470787441
n55=1.01843786188623,1.00877780850987,1.00877780850987,0.995263075692796,1.01165740286499,1.00649107470209,1.06408251344905,0.989740178504897,1.01358044664487,1.01268624321973,1.0073730764702,1.00641488967119,1.01030629365816,0.992466427760226,1.00073187934903,1.0073730764702,1.0123502166277,1.0118812947293,1.01462169146446,1.0086080696945,1.0073730764702,0.98844676312228,1.00085211441713,1.00270430438577,1.00559774341798,0.985506790305006,1.01624635899002,0.990830180307693,0.983843772954665,0.994207194099439,0.988077713955087,1.00990512421903,0.991429742897578,1.01801989478532,0.991431470787441
n56=1.01843786188623,1.00877780850987,1.00877780850987,0.995263075692796,1.01165740286499,1.00649107470209,1.06408251344905,0.989740178504897,1.01358044664487,1.01268624321973,1.0073730764702,1.00641488967119,1.01030629365816,0.992466427760226,1.00073187934903,1.0073730764702,1.0123502166277,1.0118812947293,1.01462169146446,1.0086080696945,1.0073730764702,0.98844676312228,1.00085211441713,1.00270430438577,1.00559774341798,0.985506790305006,1.01624635899002,0.990830180307693,0.983843772954665,0.994207194099439,0.988077713955087,1.00990512421903,0.991429742897578,1.01801989478532,0.991431470787441
n57=1.01843786188623,1.00877780850987,1.00877780850987,0.995263075692796,1.01165740286499,1.00649107470209,1.06408251344905,0.989740178504897,1.01358044664487,1.01268624321973,1.0073730764702,1.00641488967119,1.01030629365816,0.992466427760226,1.00073187934903,1.0073730764702,1.0123502166277,1.0118812947293,1.01462169146446,1.0086080696945,1.0073730764702,0.98844676312228,1.00085211441713,1.00270430438577,1.00559774341798,0.985506790305006,1.01624635899002,0.990830180307693,0.983843772954665,0.994207194099439,0.988077713955087,1.00990512421903,0.991429742897578,1.01801989478532,0.991431470787441
n58=1.01843786188623,1.00877780850987,1.00877780850987,0.995263075692796,1.01165740286499,1.00649107470209,1.06408251344905,0.989740178504897,1.01358044664487,1.01268624321973,1.0073730764702,1.00641488967119,1.01030629365816,0.992466427760226,1.00073187934903,1.0073730764702,1.0123502166277,1.0118812947293,1.01462169146446,1.0086080696945,1.0073730764702,0.98844676312228,1.00085211441713,1.00270430438577,1.00559774341798,0.985506790305006,1.01624635899002,0.990830180307693,0.983843772954665,0.994207194099439,0.988077713955087,1.00990512421903,0.991429742897578,1.01801989478532,0.991431470787441
n59=1.01843786188623,1.00877780850987,1.00877780850987,0.995263075692796,1.01165740286499,1.00649107470209,1.06408251344905,0.989740178504897,1.01358044664487,1.01268624321973,1.0073730764702,1.00641488967119,1.01030629365816,0.992466427760226,1.00073187934903,1.0073730764702,1.0123502166277,1.0118812947293,1.01462169146446,1.0086080696945,1.0073730764702,0.98844676312228,1.00085211441713,1.00270430438577,1.00559774341798,0.985506790305006,1.01624635899002,0.990830180307693,0.983843772954665,0.994207194099439,0.988077713955087,1.00990512421903,0.991429742897578,1.01801989478532,0.991431470787441
n60=1.01843786188623,1.00877780850987,1.00877780850987,0.995263075692796,1.01165740286499,1.00649107470209,1.06408251344905,0.989740178504897,1.01358044664487,1.01268624321973,1.0073730764702,1.00641488967119,1.01030629365816,0.992466427760226,1.00073187934903,1.0073730764702,1.0123502166277,1.0118812947293,1.01462169146446,1.0086080696945,1.0073730764702,0.98844676312228,1.00085211441713,1.00270430438577,1.00559774341798,0.985506790305006,1.01624635899002,0.990830180307693,0.983843772954665,0.994207194099439,0.988077713955087,1.00990512421903,0.991429742897578,1.01801989478532,0.991431470787441
n61=1.01843786188623,1.00877780850987,1.00877780850987,0.995263075692796,1.01165740286499,1.00649107470209,1.06408251344905,0.989740178504897,1.01358044664487,1.01268624321973,1.0073730764702,1.00641488967119,1.01030629365816,0.992466427760226,1.00073187934903,1.0073730764702,1.0123502166277,1.0118812947293,1.01462169146446,1.0086080696945,1.0073730764702,0.98844676312228,1.00085211441713,1.00270430438577,1.00559774341798,0.985506790305006,1.01624635899002,0.990830180307693,0.983843772954665,0.994207194099439,0.988077713955087,1.00990512421903,0.991429742897578,1.01801989478532,0.991431470787441
n62=1.01843786188623,1.00877780850987,1.00877780850987,0.995263075692796,1.01165740286499,1.00649107470209,1.06408251344905,0.989740178504897,1.01358044664487,1.01268624321973,1.0073730764702,1.00641488967119,1.01030629365816,0.992466427760226,1.00073187934903,1.0073730764702,1.0123502166277,1.0118812947293,1.01462169146446,1.0086080696945,1.0073730764702,0.98844676312228,1.00085211441713,1.00270430438577,1.00559774341798,0.985506790305006,1.01624635899002,0.990830180307693,0.983843772954665,0.994207194099439,0.988077713955087,1.00990512421903,0.991429742897578,1.01801989478532,0.991431470787441
n63=1.01843786188623,1.00877780850987,1.00877780850987,0.995263075692796,1.01165740286499,1.00649107470209,1.06408251344905,0.989740178504897,1.01358044664487,1.01268624321973,1.0073730764702,1.00641488967119,1.01030629365816,0.992466427760226,1.00073187934903,1.0073730764702,1.0123502166277,1.0118812947293,1.01462169146446,1.0086080696945,1.0073730764702,0.98844676312228,1.00085211441713,1.00270430438577,1.00559774341798,0.985506790305006,1.01624635899002,0.990830180307693,0.983843772954665,0.994207194099439,0.988077713955087,1.00990512421903,0.991429742897578,1.01801989478532,0.991431470787441
n64=1.01843786188623,1.00877780850987,1.00877780850987,0.995263075692796,1.01165740286499,1.00649107470209,1.06408251344905,0.989740178504897,1.01358044664487,1.01268624321973,1.0073730764702,1.00641488967119,1.01030629365816,0.992466427760226,1.00073187934903,1.0073730764702,1.0123502166277,1.0118812947293,1.01462169146446,1.0086080696945,1.0073730764702,0.98844676312228,1.00085211441713,1.00270430438577,1.00559774341798,0.985506790305006,1.01624635899002,0.990830180307693,0.983843772954665,0.994207194099439,0.988077713955087,1.00990512421903,0.991429742897578,1.01801989478532,0.991431470787441
n65=1.01843786188623,1.00877780850987,1.00877780850987,0.995263075692796,1.01165740286499,1.00649107470209,1.06408251344905,0.989740178504897,1.01358044664487,1.01268624321973,1.0073730764702,1.00641488967119,1.01030629365816,0.992466427760226,1.00073187934903,1.0073730764702,1.0123502166277,1.0118812947293,1.01462169146446,1.0086080696945,1.0073730764702,0.98844676312228,1.00085211441713,1.00270430438577,1.00559774341798,0.985506790305006,1.01624635899002,0.990830180307693,0.983843772954665,0.994207194099439,0.988077713955087,1.00990512421903,0.991429742897578,1.01801989478532,0.991431470787441
n66=1.01843786188623,1.00877780850987,1.00877780850987,0.995263075692796,1.01165740286499,1.00649107470209,1.06408251344905,0.989740178504897,1.01358044664487,1.01268624321973,1.0073730764702,1.00641488967119,1.01030629365816,0.992466427760226,1.00073187934903,1.0073730764702,1.0123502166277,1.0118812947293,1.01462169146446,1.0086080696945,1.0073730764702,0.98844676312228,1.00085211441713,1.00270430438577,1.00559774341798,0.985506790305006,1.01624635899002,0.990830180307693,0.983843772954665,0.994207194099439,0.988077713955087,1.00990512421903,0.991429742897578,1.01801989478532,0.991431470787441
n67=1.01843786188623,1.00877780850987,1.00877780850987,0.995263075692796,1.01165740286499,1.00649107470209,1.06408251344905,0.989740178504897,1.01358044664487,1.01268624321973,1.0073730764702,1.00641488967119,1.01030629365816,0.992466427760226,1.00073187934903,1.0073730764702,1.0123502166277,1.0118812947293,1.01462169146446,1.0086080696945,1.0073730764702,0.98844676312228,1.00085211441713,1.00270430438577,1.00559774341798,0.985506790305006,1.01624635899002,0.990830180307693,0.983843772954665,0.994207194099439,0.988077713955087,1.00990512421903,0.991429742897578,1.01801989478532,0.991431470787441
n68=1.01843786188623,1.00877780850987,1.00877780850987,0.995263075692796,1.01165740286499,1.00649107470209,1.06408251344905,0.989740178504897,1.01358044664487,1.01268624321973,1.0073730764702,1.00641488967119,1.01030629365816,0.992466427760226,1.00073187934903,1.0073730764702,1.0123502166277,1.0118812947293,1.01462169146446,1.0086080696945,1.0073730764702,0.98844676312228,1.00085211441713,1.00270430438577,1.00559774341798,0.985506790305006,1.01624635899002,0.990830180307693,0.983843772954665,0.994207194099439,0.988077713955087,1.00990512421903,0.991429742897578,1.01801989478532,0.991431470787441
n69=1.01843786188623,1.00877780850987,1.00877780850987,0.995263075692796,1.01165740286499,1.00649107470209,1.06408251344905,0.989740178504897,1.01358044664487,1.01268624321973,1.0073730764702,1.00641488967119,1.01030629365816,0.992466427760226,1.00073187934903,1.0073730764702,1.0123502166277,1.0118812947293,1.01462169146446,1.0086080696945,1.0073730764702,0.98844676312228,1.00085211441713,1.00270430438577,1.00559774341798,0.985506790305006,1.01624635899002,0.990830180307693,0.983843772954665,0.994207194099439,0.988077713955087,1.00990512421903,0.991429742897578,1.01801989478532,0.991431470787441
