1: 1778 93 
2: 2161 110 2309 274 
3: 887 176 
6: 1251 129 
8: 1778 108 
10: 1778 84 
15: 2625 189 
18: 1333 153 
19: 178 115 1871 327 2829 106 
26: 2475 77 
27: 2729 384 
33: 901 78 
35: 713 98 
36: 1328 98 1329 154 
38: 43 218 
39: 40 81 2174 88 
41: 2770 95 
42: 2634 92 
43: 17 76 260 131 283 87 512 123 1052 77 1298 90 1610 88 1939 77 2164 78 2253 285 2351 88 2372 338 2373 149 2557 77 
44: 2100 113 
48: 632 134 980 104 
50: 2011 245 2013 180 
51: 2100 508 2174 157 2439 75 
52: 858 83 1298 77 
53: 1328 94 
54: 173 131 1013 103 2424 558 
56: 681 88 1215 80 1284 79 1465 77 1466 110 2216 80 2217 81 2653 113 
58: 573 202 1463 91 1530 137 1728 165 1730 318 1878 187 1937 258 2213 211 2234 196 2261 223 2537 92 2684 82 
59: 1467 111 1900 152 
60: 1258 97 
61: 1321 106 2548 109 
62: 2653 102 
64: 618 150 
65: 618 96 
67: 1673 315 1674 212 
68: 2669 471 
69: 1820 218 
70: 422 168 2652 130 2724 90 
71: 1843 105 2130 86 
76: 2290 114 
77: 1091 84 
78: 2174 134 
79: 966 79 1548 178 1628 88 1900 349 1994 80 2153 90 2159 167 
81: 743 118 2498 131 
83: 780 128 811 163 815 757 899 110 900 713 1852 95 2163 141 
84: 88 80 
89: 1296 82 
91: 437 148 
93: 125 383 126 205 
94: 69 124 681 124 1070 342 1125 443 1126 475 1521 83 1569 454 2149 252 2215 532 2389 440 2471 127 
105: 1981 186 2128 88 
106: 1314 150 1813 117 2040 101 
108: 130 137 
110: 2159 81 
112: 29 77 550 311 680 81 1346 96 2215 76 
113: 1939 399 
114: 1033 151 1034 107 
115: 2287 166 
117: 503 81 505 131 915 104 1242 85 
118: 128 78 279 305 971 84 1071 77 1165 110 1167 111 1251 90 1298 97 1704 120 2064 77 2445 76 2562 125 2606 169 2672 195 2674 253 
121: 1591 75 2488 173 
123: 743 147 
125: 487 75 2852 84 
128: 2638 132 
129: 43 104 
132: 997 123 
136: 2174 79 
138: 279 97 2021 77 
139: 1446 82 
140: 2327 92 
141: 2327 105 
142: 2770 169 
143: 1292 103 2267 97 2279 214 2401 201 
144: 261 104 529 98 672 223 1243 111 1292 237 1293 81 1622 91 2267 373 2279 838 2401 900 2403 100 2571 97 2770 267 
145: 1620 80 
146: 2267 172 2770 373 
147: 2174 119 
151: 1907 107 
154: 566 264 2607 111 
157: 1663 356 1665 553 2470 88 2548 167 
158: 2723 97 
159: 911 83 
160: 2489 106 
161: 1749 95 
164: 406 97 442 127 603 121 690 161 2004 93 
165: 56 140 
166: 2254 110 2652 160 2724 100 
168: 1466 93 2262 139 2263 115 2671 87 
169: 2036 100 2038 214 2110 88 2471 210 
170: 56 129 97 96 
171: 56 98 355 78 866 98 
173: 2652 278 
174: 56 157 
175: 56 99 2652 81 
176: 747 113 748 177 
178: 149 111 192 87 749 79 2780 221 
180: 1298 88 1301 118 1302 91 
181: 389 158 390 189 
188: 2724 111 
189: 1225 76 2455 239 2456 119 
190: 2648 200 
191: 43 266 
195: 1623 79 
196: 1230 131 
199: 302 261 1235 156 2040 361 2521 86 2829 100 
201: 336 291 743 530 1816 133 2517 86 
202: 2133 175 
204: 693 270 742 126 909 94 2039 132 2108 115 2284 319 
205: 370 149 
206: 177 75 
207: 43 268 
208: 130 90 1777 92 
209: 43 96 
212: 839 196 2267 127 2770 88 
213: 2770 76 
214: 2842 240 
215: 2267 128 2770 485 
218: 1444 123 
219: 2100 220 2101 111 
220: 2548 93 
224: 1900 77 
225: 1900 92 
226: 2040 92 
227: 26 81 1010 192 
228: 689 192 
229: 283 144 681 100 
230: 56 206 
231: 974 484 
236: 660 189 
238: 172 80 
240: 1702 80 
241: 691 132 908 89 2035 123 2241 217 
242: 743 121 744 181 
243: 1750 79 
244: 766 234 2176 213 
245: 638 173 901 115 
246: 94 271 1007 94 
251: 2559 163 
252: 104 170 135 107 638 93 
254: 390 79 1128 76 1309 103 1310 96 2470 75 2527 78 
256: 2584 86 
257: 2812 181 
258: 1043 86 
259: 389 163 1057 200 1466 84 
260: 1872 124 1873 146 
261: 186 106 422 102 1620 95 1622 93 2017 89 2548 82 2549 128 
262: 2779 82 
263: 1599 208 
264: 975 84 
266: 2863 155 
267: 21 201 
271: 1645 75 
272: 684 77 
276: 811 233 815 300 
278: 2267 90 
279: 78 202 138 142 299 128 300 245 368 224 377 505 389 273 390 230 622 93 855 113 887 76 1054 201 1096 84 1100 84 1433 114 1434 135 2396 116 2562 105 
281: 2267 89 2749 229 2750 362 
282: 43 121 45 116 785 266 
283: 56 222 91 215 212 91 213 91 355 115 374 83 764 330 765 82 1978 80 2088 88 2100 859 2101 294 2424 675 2425 753 2548 81 
284: 1565 93 1884 93 
285: 1015 85 
286: 55 112 56 242 815 126 1043 76 1046 91 2060 133 2610 111 
287: 54 160 
289: 2473 227 
291: 747 369 
292: 2837 582 
295: 351 170 
297: 1961 237 2147 117 2549 78 
302: 324 167 389 318 390 422 471 81 612 109 768 141 1060 81 1099 544 1125 80 1453 116 1466 108 1516 331 1531 119 1678 287 1966 110 2041 81 2320 723 2321 77 2577 120 2705 166 2804 104 2805 407 2821 140 
303: 144 527 
306: 1473 75 
309: 1466 77 
311: 512 270 956 283 2428 175 2583 131 2631 182 
312: 2534 139 
315: 675 112 1015 316 1111 122 1516 286 1567 179 1610 98 1616 80 1646 378 1688 121 2259 220 2669 80 2736 134 
317: 2685 121 
319: 2379 168 
320: 743 221 1813 81 2599 87 
323: 201 83 1976 82 
324: 56 85 194 147 258 161 637 152 646 79 688 104 704 96 1256 91 1335 389 1616 81 2204 333 2516 179 2669 173 2734 162 
326: 352 143 360 180 965 129 1643 132 
327: 2642 83 
328: 2149 182 2481 236 
329: 223 76 
330: 1447 161 
331: 1934 75 
332: 2316 83 
333: 301 83 
336: 1111 84 1112 176 2584 107 
337: 14 128 
341: 833 142 
342: 2352 126 
343: 283 88 409 214 518 83 681 84 1940 139 
344: 2267 119 2770 224 
348: 681 82 
350: 315 92 
351: 373 116 389 678 704 89 1215 85 1279 133 1622 152 1691 95 1788 127 2078 93 2206 84 2215 82 2294 358 2345 166 2589 80 2652 154 2724 163 
353: 109 146 
354: 1071 117 1075 176 
356: 830 113 
357: 735 250 1679 174 2461 95 
358: 156 78 
359: 43 137 
360: 389 138 390 186 1151 167 
362: 197 172 378 91 646 106 743 78 900 98 1043 184 1237 92 1290 76 1857 278 2584 222 
364: 336 271 
365: 743 690 744 182 900 188 1691 83 2294 420 2607 110 
366: 584 90 947 81 1900 83 1947 101 2066 134 2107 230 2381 161 2384 101 2385 91 2607 195 2753 471 2755 126 2854 83 
369: 200 100 201 386 852 81 
372: 559 653 1555 77 2241 467 2244 194 2375 246 2548 107 2549 193 
373: 2260 80 2401 85 
375: 56 199 764 99 2562 78 
376: 2584 114 
379: 96 129 
380: 1691 124 
385: 390 149 
386: 384 165 387 122 389 125 390 85 
387: 390 85 
383: 1900 76 
388: 1468 106 1630 76 
389: 52 281 56 89 67 522 180 220 233 76 261 126 288 84 310 91 360 840 361 199 389 256 463 86 585 276 587 163 610 399 612 248 637 81 675 135 688 119 704 124 729 239 743 87 760 193 957 117 1032 201 1043 213 1128 601 1313 101 1335 75 1378 83 1449 78 1463 88 1483 80 1516 97 1524 384 1534 317 1535 112 1567 81 1588 294 1599 291 1600 135 1642 279 1690 86 1694 83 1789 105 1795 116 1796 83 1994 184 1995 191 2174 210 2262 142 2263 285 2409 120 2471 158 2554 85 2583 897 2588 329 2652 79 2719 299 2733 102 2734 106 2737 336 2738 655 2807 261 2821 83 2829 346 
390: 498 113 611 88 643 120 688 125 919 86 931 124 933 132 934 136 935 375 1048 111 1127 89 1215 240 1284 96 1298 96 1308 92 1401 111 1432 80 1622 91 1687 79 2260 76 2266 76 2267 120 2401 212 2570 103 2653 384 2698 143 2723 208 2770 185 
391: 1046 102 1258 101 1465 98 1585 77 2060 155 2082 77 2101 77 2263 109 
393: 1750 924 2298 264 2799 120 
394: 201 198 302 246 579 257 1307 80 1399 167 1876 112 
395: 997 434 
396: 743 92 
398: 351 388 360 102 2485 140 
399: 669 96 2352 121 
402: 1657 79 
403: 743 88 
404: 959 96 1458 130 
407: 2413 144 
408: 1298 89 
409: 56 77 299 99 300 138 
413: 2770 80 
414: 2700 109 
416: 2282 170 
418: 512 89 2397 89 
420: 2174 99 
421: 97 126 
423: 1871 212 2829 130 
425: 2493 215 
426: 1157 86 
428: 95 339 1622 83 
429: 1143 120 
431: 390 75 
433: 2685 75 
434: 1154 90 1452 76 1466 187 
435: 2573 77 
436: 1266 97 2543 93 
437: 1217 139 1567 210 2619 98 
438: 20 76 
439: 743 126 744 125 932 76 958 95 1160 131 1175 317 1314 116 1315 153 1417 141 1499 121 1532 97 1814 229 1871 251 1878 120 2234 196 2724 81 
441: 2442 100 2444 213 
442: 579 85 
443: 2288 85 2289 91 
444: 717 166 
445: 1466 105 
448: 1900 83 
449: 49 96 
453: 2607 81 
454: 31 114 
455: 389 79 2842 75 
457: 662 80 672 77 
458: 2424 89 
459: 1874 85 
461: 183 155 184 123 216 115 277 101 366 76 412 247 524 83 589 308 638 311 648 96 713 213 816 156 898 170 901 112 906 236 923 138 962 546 985 172 1007 92 1194 102 1272 170 1274 82 1277 136 1321 94 1402 166 1431 102 1555 140 1556 268 1851 425 1852 273 1884 107 1951 130 2017 697 2036 263 2223 277 2249 173 2262 143 2267 148 2320 98 2384 146 2385 76 2411 234 2414 289 2498 110 2511 88 2548 428 2549 194 2596 306 2726 514 2772 107 2784 114 
462: 1275 143 2224 291 2412 231 2768 85 
464: 2109 94 2216 88 
465: 219 129 1486 75 2215 598 
466: 144 98 
467: 1309 84 
469: 72 83 936 90 
470: 2192 81 
472: 1468 91 
473: 2202 183 2204 78 2372 89 
476: 274 105 649 105 661 99 1043 221 1045 87 1046 79 1271 320 1917 125 
477: 2679 97 
478: 2548 104 2549 508 
480: 479 90 
481: 1803 180 
483: 2737 134 
484: 638 88 
486: 2653 134 
487: 2546 104 
488: 351 409 
489: 1015 92 1017 161 2523 192 
490: 771 94 
491: 351 687 360 82 
492: 422 76 2652 261 
493: 2724 119 
494: 245 344 
495: 282 91 369 106 380 183 461 79 
496: 46 126 261 275 790 132 1157 84 
497: 144 95 1080 84 2549 132 
498: 2267 115 2770 139 
501: 1125 104 2553 78 
502: 52 83 
503: 2184 80 2232 240 2262 151 
505: 24 102 298 100 1326 90 
506: 1015 159 1626 95 
508: 2154 161 2155 104 
509: 219 80 1818 114 
510: 144 162 
515: 2678 122 
516: 218 157 261 110 2420 88 
517: 2679 101 
518: 681 413 2149 154 2667 134 
520: 1900 89 2653 375 
521: 1900 108 2653 594 
522: 1592 92 
524: 2653 79 
525: 2770 126 
526: 2797 76 
527: 1361 272 
528: 2653 77 
531: 2267 83 
532: 1444 98 1638 213 
533: 407 137 408 183 
535: 949 112 
536: 1160 164 
537: 1160 254 
538: 2669 332 
539: 641 162 1900 843 
541: 2724 173 
547: 54 135 934 89 
548: 2776 105 
551: 155 100 1459 76 
553: 144 81 
554: 1324 112 
557: 96 168 97 83 861 238 1570 76 1592 94 2366 90 
559: 158 220 390 156 1126 455 1466 88 1582 99 1628 179 1900 151 2159 205 2548 98 2549 431 2553 903 2779 102 
560: 461 175 2221 97 2548 149 2549 185 2726 386 2727 622 
561: 2267 104 
563: 2319 95 
564: 1622 77 2724 75 
566: 865 327 
567: 1900 117 
568: 1657 140 
569: 2530 125 
570: 1795 255 
571: 302 264 1335 231 
573: 152 227 153 87 200 209 743 79 996 79 1160 322 1362 138 2423 78 2599 87 2600 101 
574: 346 104 
575: 713 121 
576: 1999 96 2413 164 
577: 474 278 475 193 
580: 194 119 315 101 1761 112 
582: 1466 102 
583: 812 392 813 391 
588: 2174 91 2175 131 
591: 2090 181 2207 158 
592: 1821 87 
593: 1419 130 
594: 456 140 
597: 366 98 2298 375 
598: 1252 199 
599: 1486 170 1487 277 2165 143 2352 123 2354 81 2618 106 
600: 695 85 2549 101 
601: 1466 109 
602: 2298 272 
603: 1470 139 
604: 2543 387 2545 211 
607: 985 77 1255 112 2328 295 2330 190 
608: 2872 99 
610: 524 107 1586 91 1592 295 2575 77 2607 85 
611: 390 186 1223 113 
613: 901 91 1426 178 1496 100 2443 96 2506 91 2549 563 2724 77 2750 91 
614: 245 230 
615: 239 121 
619: 197 163 2078 152 
620: 135 186 
621: 248 75 634 229 681 153 
623: 591 81 
624: 2253 77 
625: 976 259 
626: 1861 79 1868 259 
627: 2064 236 
629: 467 92 
630: 144 88 
633: 56 106 815 86 
636: 773 141 1501 187 
637: 1298 75 
638: 47 82 144 208 245 105 484 236 485 367 528 79 671 344 1291 767 1292 113 1815 343 2037 83 2105 205 2267 105 2279 103 2382 353 2383 324 2400 406 2401 204 2462 217 2569 87 2571 75 2578 278 2770 76 
639: 2159 325 
640: 1691 88 1825 292 1922 101 
641: 2003 188 2149 107 2260 114 
642: 642 75 
651: 936 110 2294 79 2413 378 
653: 128 82 
654: 2796 81 2799 88 
659: 1628 383 
660: 1234 164 
664: 2065 116 
667: 1451 78 
668: 815 108 
669: 2607 134 2610 124 
670: 412 122 638 126 2784 83 
672: 2412 81 
674: 389 95 390 452 
675: 307 137 1044 203 1491 634 
676: 366 79 
677: 1135 170 
678: 43 88 
679: 807 106 
681: 52 83 710 93 954 86 1283 140 1327 78 1419 138 1558 925 1584 79 1897 92 2100 190 
683: 1900 118 
684: 1380 85 2327 140 
685: 747 197 748 87 2596 354 
688: 390 99 1128 105 1764 110 
694: 2549 77 
695: 599 126 2093 207 2275 210 2384 80 
696: 1393 136 
698: 144 126 1321 83 
699: 2770 105 
700: 1478 178 1481 124 2154 105 
701: 2267 130 2770 387 2842 97 
702: 586 140 2770 111 
703: 586 273 
705: 2499 114 
709: 345 80 
710: 1596 892 
711: 1746 178 1900 519 2159 260 2274 136 2553 97 
714: 34 186 596 224 1256 77 2058 76 2642 84 2646 107 2681 132 2778 115 
715: 1900 127 
716: 302 246 322 75 793 79 1043 85 2040 94 
719: 552 77 
720: 1346 159 
721: 2413 305 
722: 2413 143 
725: 187 77 210 85 389 122 461 101 519 171 524 75 774 75 1018 120 1126 99 1466 216 1585 157 1622 176 1902 112 2204 95 2470 118 2499 158 2667 134 2668 103 2670 77 2738 495 
726: 713 508 936 138 2329 94 
727: 934 284 
731: 1441 97 
732: 474 95 2636 85 
733: 363 119 
734: 13 103 2543 108 
736: 811 129 815 79 901 126 2374 96 
737: 1718 154 
738: 2215 127 
741: 144 81 
743: 56 255 59 311 219 112 252 151 340 122 383 80 413 76 417 115 559 166 567 114 617 84 788 119 1032 395 1215 123 1622 141 1831 88 1900 209 1905 183 2059 80 2078 398 2294 105 2388 180 2471 152 2507 94 2812 76 
746: 2450 124 
747: 66 112 413 140 
750: 2141 88 
752: 1616 99 1617 108 
753: 2832 109 
754: 2599 108 
757: 312 90 
762: 63 106 283 566 553 108 637 620 762 79 775 75 1027 80 1028 197 1029 117 1624 187 1630 101 1674 78 1988 166 2236 289 2240 288 2372 223 2373 209 2374 117 2604 314 
763: 2573 124 
764: 552 84 
766: 1741 370 
767: 2424 92 
769: 635 89 
770: 1761 89 
771: 802 82 
772: 1208 147 2301 139 
773: 681 961 682 260 1465 83 1466 110 1480 123 2154 121 2215 130 2262 369 
775: 297 780 312 105 1719 85 2528 142 2529 271 
777: 2832 337 
778: 1010 79 
779: 1594 164 
780: 29 98 72 272 669 227 704 107 740 143 840 92 1298 215 1352 153 2163 86 2215 100 2221 110 2254 271 2255 155 2652 147 2724 182 2769 107 
782: 1574 76 2837 112 
784: 858 125 
786: 360 79 
791: 2149 77 
792: 2420 142 
797: 2548 93 
798: 427 108 700 274 704 94 713 259 1469 100 1831 274 1937 146 2006 77 2007 88 2027 94 2498 427 2499 324 2724 88 
799: 748 97 
805: 2511 92 
806: 936 102 
809: 2074 82 
810: 1465 85 
811: 2428 100 2430 106 
812: 773 90 1620 158 2652 83 2724 325 
814: 390 83 
815: 1663 78 
822: 373 78 1900 508 
824: 1025 457 
825: 1668 76 
826: 1900 384 1910 114 1994 83 2553 80 
827: 977 164 
828: 56 77 2524 288 
829: 269 77 675 87 1636 163 1637 226 2700 234 2720 106 
831: 1660 179 
832: 1393 179 
834: 283 102 
836: 302 91 1466 235 2379 124 
838: 1900 113 
840: 2518 85 
843: 2700 116 
844: 640 93 704 162 2516 200 
845: 679 386 1591 81 2300 75 
846: 56 78 
847: 515 115 2679 298 
853: 351 137 
854: 2271 405 
856: 389 457 793 196 1043 165 1128 438 
857: 681 149 
858: 255 87 922 213 1346 145 1610 110 2700 220 
860: 1439 87 
861: 1123 87 
863: 524 164 949 314 
864: 56 218 
865: 36 117 55 146 56 370 1261 103 1329 99 1486 504 
866: 1388 93 
867: 2548 121 
868: 638 82 2548 241 
869: 390 75 1128 373 
871: 389 284 1858 97 
873: 257 185 
874: 812 91 
875: 118 107 
876: 793 117 
877: 52 102 
879: 2434 99 
880: 390 176 
881: 1703 147 
882: 351 136 
883: 1235 141 2298 197 
884: 2842 89 
886: 2770 152 
888: 2174 326 
889: 724 78 1126 164 
891: 37 85 
892: 1105 117 
893: 390 90 
894: 586 126 
895: 2842 197 
896: 2267 125 2770 309 
899: 1032 104 2215 203 
901: 261 499 1293 139 2571 394 2579 89 
902: 2011 98 2013 191 
903: 542 97 
904: 2818 461 
905: 2642 133 
906: 2279 195 2401 110 
907: 2842 233 
908: 2267 92 2770 263 2842 308 
910: 101 89 
911: 437 106 
913: 2506 96 
914: 596 77 
917: 1043 92 
918: 355 105 1298 115 2689 138 
925: 158 116 524 243 638 445 695 225 901 148 1125 213 1126 146 1663 174 1665 108 2267 322 2548 168 2549 95 
926: 2279 88 2400 77 2401 139 2770 156 
927: 996 87 2821 124 
928: 2845 86 
934: 1075 147 2372 91 
935: 390 163 
936: 144 120 638 98 1465 264 1466 496 1901 248 1902 280 2067 103 2068 223 2069 142 2607 112 2653 82 2793 135 
937: 2547 98 
939: 269 106 2303 84 
940: 764 80 1573 557 2408 225 
942: 1182 118 1517 102 2152 143 
945: 1698 179 1699 98 
946: 1748 137 
948: 118 496 144 208 268 75 279 182 283 77 820 88 1411 76 1412 169 2174 358 2672 178 2794 269 
949: 90 165 219 432 1318 144 1388 92 2215 119 
950: 424 101 1180 75 
951: 1546 77 
952: 1741 227 1998 339 
953: 1194 505 1591 94 1597 142 1598 493 1947 84 1963 280 
955: 302 107 1099 82 1344 90 1966 110 
956: 719 124 1567 190 
958: 2599 75 
959: 43 785 45 912 
960: 1932 259 2763 76 
961: 523 79 
966: 1070 79 1628 100 1899 94 1900 278 2159 246 2553 78 
967: 1579 78 
968: 201 123 1155 149 1738 184 
970: 1128 114 
973: 44 94 
974: 86 88 
975: 1128 215 
976: 401 84 
977: 1069 98 
979: 991 79 1023 96 
982: 2154 169 
983: 713 85 
984: 2571 82 
985: 671 201 1291 540 2105 209 2400 145 2578 237 
986: 1740 210 
988: 834 180 
989: 2154 84 
990: 1824 110 
991: 373 149 725 133 1126 80 1900 650 1914 80 2668 99 
994: 1567 98 
996: 630 180 631 711 2154 311 2155 138 2797 133 
997: 606 147 
998: 1348 143 1638 145 
999: 2100 398 
1001: 67 79 
1002: 1125 118 1126 158 
1004: 1121 89 1183 306 1283 359 1518 105 
1006: 43 256 
1009: 1346 403 
1010: 1638 175 
1011: 927 139 
1012: 311 135 
1014: 993 90 
1017: 2755 98 
1019: 822 134 991 111 1023 110 2386 78 
1020: 936 85 
1022: 2412 75 
1023: 373 176 725 286 1126 313 1213 87 1227 89 1544 75 1682 95 1900 682 2668 144 2836 147 
1024: 2701 226 
1026: 2294 77 
1027: 1458 241 
1032: 858 226 959 142 1501 78 1592 109 2138 291 2139 202 2588 656 
1034: 2149 88 
1035: 219 105 1811 112 
1036: 1039 80 
1037: 1401 86 
1038: 579 141 1503 121 
1040: 1396 94 
1041: 1458 545 2327 84 2637 117 2654 137 
1042: 2751 113 
1043: 2646 149 
1044: 144 76 1126 123 1271 78 1541 217 1851 144 1852 83 2088 110 2184 104 2267 89 2298 138 2411 102 2511 162 2650 141 
1047: 144 133 529 90 704 101 898 113 901 151 1283 77 1384 75 1386 324 1387 99 2249 353 2548 607 2549 253 2578 103 
1049: 2100 335 2101 140 
1050: 2249 328 2548 276 
1051: 1937 85 
1053: 1339 102 
1055: 295 77 
1056: 129 101 1246 104 2064 120 
1058: 390 138 
1059: 1408 76 1409 101 
1060: 437 293 911 118 1937 186 
1061: 43 76 336 99 351 503 849 156 1707 163 1708 84 
1062: 1822 99 
1063: 2198 129 
1064: 296 81 2688 289 
1066: 2293 90 
1067: 1703 245 
1068: 783 93 
1069: 830 604 982 155 
1070: 94 93 724 206 2471 83 
1071: 137 103 466 109 565 78 669 98 851 282 953 161 996 111 1723 131 1990 101 2063 162 2065 178 2086 107 2209 107 2372 101 2373 115 2415 142 2652 432 2694 245 2700 378 
1072: 148 167 1157 171 1210 123 1994 598 2017 177 2018 93 2019 246 
1073: 30 81 
1075: 473 75 851 299 1388 293 
1076: 119 93 144 169 252 105 265 104 729 75 758 187 949 198 1565 90 1990 86 2025 77 2294 82 2548 137 2644 115 2782 77 2785 93 2786 228 
1077: 1666 96 
1078: 2688 77 
1079: 2372 98 2846 247 
1080: 762 278 
1081: 1579 132 
1082: 389 217 390 200 1482 81 
1084: 94 498 
1087: 389 119 390 94 
1089: 2293 99 
1090: 2293 83 
1093: 2342 81 
1094: 390 192 973 100 
1095: 390 132 
1097: 982 200 
1098: 2174 82 
1099: 518 102 519 98 1465 95 1466 182 1610 195 2677 350 2720 78 2763 163 
1101: 2174 116 2175 133 
1102: 43 128 
1103: 1129 130 1927 175 
1104: 559 171 
1106: 606 237 
1107: 2502 294 
1108: 182 77 
1111: 950 80 1043 89 2588 160 
1113: 1741 453 1998 335 
1114: 390 101 
1115: 489 85 1538 85 
1116: 390 86 
1117: 743 92 
1119: 1574 168 
1120: 645 77 2011 82 
1121: 938 114 1795 103 2294 121 
1122: 2190 99 
1123: 999 356 2626 105 
1124: 2506 140 
1125: 498 269 520 126 521 156 543 126 724 159 1215 98 2169 168 2267 91 2401 205 2653 90 
1126: 31 194 261 86 498 89 520 150 521 146 1125 159 1215 119 2260 209 2267 140 2401 119 2653 103 
1128: 197 91 949 482 1206 284 1327 232 2154 300 2155 125 2265 75 2268 107 
1130: 12 107 
1131: 1791 77 
1134: 1952 313 1954 175 
1140: 1320 79 
1141: 390 118 
1142: 1469 447 1500 107 
1143: 1859 87 
1147: 2157 345 2158 79 
1149: 7 165 
1150: 762 137 1309 149 
1152: 1309 235 2296 182 
1153: 1900 126 
1154: 434 224 
1155: 1335 107 
1157: 809 120 815 116 1321 84 1345 175 1848 206 1852 161 2055 182 2056 199 2066 244 2087 153 2215 367 2294 85 2295 89 2380 217 2381 368 2511 356 2587 129 2607 131 2854 81 
1158: 79 77 80 127 428 139 559 205 561 713 768 91 1296 212 1548 107 2553 695 2822 467 2852 118 
1159: 1516 351 
1160: 220 103 743 898 1524 78 2718 80 2719 143 
1161: 2398 497 
1162: 404 208 1612 94 1615 154 
1163: 390 93 
1164: 390 273 
1166: 2124 269 
1168: 390 100 2516 242 
1169: 1865 99 
1171: 1900 135 
1173: 2573 75 
1174: 201 79 950 76 
1176: 360 430 
1177: 390 83 
1178: 390 130 
1179: 2419 221 
1181: 5 249 
1182: 91 483 122 104 302 125 518 139 519 287 665 313 675 464 773 750 774 208 858 138 936 110 956 185 1034 439 1099 117 1110 417 1279 248 1348 162 1465 548 1466 839 1672 207 1691 131 1795 83 1915 101 1917 489 2040 190 2043 270 2089 106 2128 280 2154 237 2155 169 2256 613 2335 163 2366 270 2482 92 2631 142 2663 394 2866 80 
1183: 519 202 774 155 1034 140 1279 170 1465 199 1466 579 1579 98 1795 86 1844 171 1915 82 2043 167 2089 104 2154 164 2155 154 2294 355 2779 77 
1184: 1465 79 1466 92 2294 86 
1186: 54 205 542 342 576 136 812 146 818 90 934 239 2360 87 2365 198 2412 202 2471 146 2783 127 
1187: 203 119 1026 120 1406 76 
1188: 1761 101 
1189: 506 182 
1190: 906 77 
1191: 906 195 
1192: 644 96 1136 89 
1193: 906 99 
1195: 102 194 1308 401 1309 367 1741 80 1998 205 
1196: 250 90 452 165 776 94 
1197: 470 84 
1199: 1534 91 
1200: 366 125 2251 88 
1202: 1466 102 
1203: 2180 132 
1205: 1429 160 
1206: 1086 83 1466 114 2174 100 2239 146 2652 90 
1209: 1927 117 
1210: 73 119 74 93 261 136 739 133 1691 194 1900 78 2512 425 
1211: 1900 89 
1212: 389 200 390 153 656 103 743 137 1258 90 
1214: 789 79 
1215: 1047 79 2172 107 2653 258 
1216: 247 101 
1217: 1620 91 
1218: 762 96 1309 89 
1220: 601 84 
1221: 4 91 
1222: 2860 113 
1223: 275 75 302 97 311 81 324 181 326 212 351 150 352 96 390 162 488 87 743 119 744 95 844 118 1079 172 1157 134 1262 434 1464 116 1499 127 1524 110 1643 119 1881 156 1925 91 1966 180 2095 90 2379 199 2432 134 2548 77 2553 129 2733 104 2734 79 2744 116 
1226: 1258 89 
1227: 1019 82 
1228: 43 102 
1229: 990 124 
1231: 312 199 313 194 314 216 1929 401 
1232: 2138 80 
1234: 747 163 
1236: 1900 233 2159 96 
1238: 1957 109 
1239: 1298 97 1300 94 
1240: 2779 80 
1243: 2770 118 
1244: 949 87 1900 111 
1246: 118 254 279 129 
1248: 167 110 168 75 
1249: 1250 91 
1251: 5 116 6 687 9 87 
1252: 1900 173 
1254: 144 196 2061 90 2128 203 
1256: 985 88 1000 110 1700 309 2548 177 2629 146 
1257: 798 91 
1258: 390 140 507 75 1043 113 1588 85 2262 925 2263 673 2607 618 
1262: 2812 477 
1265: 144 154 2500 214 2548 82 
1267: 212 375 
1268: 2652 95 
1270: 1099 103 
1275: 380 102 461 79 510 89 948 198 949 132 1272 217 1321 93 2294 85 2299 277 2519 75 
1276: 2413 120 2588 88 
1279: 2154 152 2155 168 
1280: 310 76 596 272 
1284: 56 91 389 83 936 285 1034 81 1279 158 1466 279 1691 107 1795 116 1796 91 1966 109 2366 104 2379 81 2413 529 2590 86 
1286: 94 136 519 79 901 117 1795 165 
1287: 1275 88 
1288: 2023 202 2024 197 2073 117 2294 204 2784 95 
1289: 219 244 
1290: 308 324 
1294: 1263 104 
1295: 724 190 1899 143 1900 95 
1297: 180 137 
1298: 52 126 180 540 389 252 408 200 936 104 1283 157 1285 75 1327 90 1862 93 
1299: 180 92 
1300: 948 76 1772 130 
1304: 1691 78 
1305: 316 80 
1306: 2428 200 
1307: 127 81 1627 118 
1308: 390 277 1296 101 1628 114 1900 256 
1309: 559 129 2154 81 2155 76 
1311: 743 133 744 218 
1312: 2798 113 
1315: 56 80 320 231 390 185 627 101 628 245 743 109 744 128 781 157 1565 86 1589 121 2059 93 2060 85 2162 103 2262 349 2263 161 
1319: 2812 153 
1321: 2061 170 
1322: 540 196 
1323: 2480 146 
1325: 581 99 
1330: 50 88 56 216 518 102 811 520 815 255 
1331: 713 84 2724 135 
1335: 2338 78 2388 105 2624 81 
1336: 1258 220 1259 139 
1337: 796 96 1599 76 
1344: 681 169 1466 115 2174 83 2254 661 2351 243 2366 315 2652 96 
1347: 1599 82 
1348: 1667 97 
1349: 366 703 
1350: 2100 75 
1353: 67 111 
1355: 2296 164 
1356: 118 143 1056 319 1246 160 
1357: 6 125 1251 301 
1358: 369 139 544 193 992 119 1591 118 2502 176 
1359: 2149 117 
1360: 440 742 
1362: 1125 221 
1366: 871 117 1707 87 
1368: 1586 77 
1369: 19 167 205 110 1835 76 
1370: 339 104 338 119 343 171 2409 107 
1371: 577 81 
1372: 2040 92 
1373: 1744 111 
1374: 2040 243 
1375: 1334 99 
1376: 1128 98 
1377: 72 149 1264 82 1324 103 1334 154 
1379: 326 96 
1381: 577 86 2216 86 
1382: 219 106 576 125 2215 125 
1383: 2842 509 
1384: 2770 348 2842 497 
1391: 409 103 410 154 911 120 
1392: 2534 159 
1393: 1567 105 2667 94 
1394: 2137 160 
1397: 658 228 
1399: 2238 268 
1400: 1160 128 2537 238 
1401: 2153 102 
1404: 1657 115 
1405: 1900 90 
1407: 2796 75 
1410: 1593 262 
1412: 52 182 1768 79 
1413: 1670 197 
1414: 2100 162 
1415: 948 75 2298 469 
1416: 311 287 640 330 1536 202 1645 134 
1417: 390 108 743 272 1043 86 2718 100 2719 101 
1418: 1775 107 
1419: 56 302 764 77 877 111 1328 230 1329 92 1560 129 1950 82 
1421: 1884 111 
1423: 1670 127 
1424: 203 100 1406 122 
1425: 1628 226 
1427: 2842 105 
1428: 1628 189 
1431: 638 101 985 85 2646 144 
1435: 667 191 
1436: 43 208 
1438: 2092 75 
1440: 432 89 
1441: 133 88 134 138 389 116 1795 524 1796 190 1994 81 2089 105 2327 513 
1442: 2758 189 
1444: 696 149 771 99 2329 143 
1446: 2341 84 
1450: 1703 320 
1452: 434 195 
1453: 1466 76 
1454: 380 228 
1455: 615 76 
1456: 2494 139 
1457: 164 191 231 148 232 82 945 77 1170 79 2406 129 2407 87 2801 288 
1458: 388 80 1989 219 
1460: 1466 90 
1462: 938 236 
1463: 131 98 390 95 
1464: 169 98 
1466: 651 76 1284 134 2653 89 
1469: 619 236 900 119 921 149 1194 121 2126 154 2467 163 2578 77 2658 375 
1471: 283 273 
1473: 404 166 1298 80 1638 208 2331 151 
1475: 787 101 
1479: 638 96 1795 154 
1480: 2519 76 
1482: 2652 102 2724 126 
1484: 2207 379 2216 92 
1485: 144 103 745 149 
1486: 1267 415 
1488: 43 138 
1489: 1466 90 1519 116 1610 148 1928 537 2067 102 2142 85 
1490: 1520 256 
1491: 434 242 1154 86 1452 102 
1492: 437 777 
1494: 1677 106 
1496: 2282 188 2349 119 
1497: 293 118 
1499: 289 122 351 91 390 112 447 190 637 92 743 408 744 87 950 136 1043 187 1335 149 1616 131 1617 75 1639 112 2669 110 2718 94 2719 424 
1501: 390 124 767 91 
1503: 870 83 
1504: 559 180 2186 219 
1506: 81 173 
1508: 56 200 
1509: 2342 77 
1510: 2150 171 
1512: 49 128 404 171 751 75 1445 244 1498 112 2149 180 2503 123 2667 174 
1513: 788 97 2637 109 2667 76 
1514: 2548 84 2549 185 
1515: 150 76 
1517: 91 119 292 207 294 76 518 99 519 221 583 162 675 490 773 644 774 185 858 156 956 77 1034 283 1110 320 1279 87 1281 178 1348 94 1465 337 1466 450 1672 290 1934 133 2294 354 2379 88 2631 207 2632 93 
1518: 311 88 519 89 943 106 944 194 1465 96 1466 274 1476 165 1477 99 1478 86 2261 104 2294 104 2766 87 
1520: 1298 254 
1522: 2243 116 
1523: 2485 222 
1524: 360 103 743 200 1043 263 1335 205 2669 132 2719 87 
1525: 879 225 
1526: 1937 80 
1527: 1206 101 
1529: 1780 788 
1530: 1463 121 
1532: 1463 105 
1533: 2669 83 
1538: 489 96 
1540: 663 106 808 78 
1541: 977 278 978 79 2524 149 
1542: 380 87 1851 847 2267 279 
1543: 787 130 
1544: 380 187 509 124 510 104 684 250 685 175 1189 200 2055 77 2294 87 2298 309 2461 89 
1547: 2675 143 
1548: 1070 86 1628 76 1899 90 1900 221 2159 277 2491 147 2553 112 2849 169 
1549: 390 117 1595 140 2702 136 2734 119 
1550: 1578 82 
1551: 390 349 
1552: 871 76 1091 132 
1553: 2037 78 
1554: 366 108 
1555: 2530 96 
1557: 2844 146 
1559: 1419 210 
1561: 2873 80 
1562: 2511 107 
1563: 650 92 1283 142 2193 89 
1564: 651 85 1284 183 2190 182 
1566: 390 141 688 131 2719 133 
1567: 1290 962 2475 89 2477 124 2478 160 2700 88 
1568: 389 208 390 345 
1569: 559 175 561 332 1158 143 
1571: 94 137 
1572: 1663 170 
1573: 218 122 804 99 1613 219 1614 144 
1575: 1474 162 
1578: 1577 113 
1579: 199 269 302 110 723 225 788 161 1007 409 1458 76 1795 194 1915 75 2346 501 2361 84 2379 92 2493 109 2502 86 2667 148 2682 82 2778 127 2779 175 
1581: 2267 136 2770 512 
1583: 2088 282 2800 221 
1584: 2748 136 
1585: 1388 257 2264 113 2748 349 
1586: 2654 75 
1587: 94 450 788 81 1007 405 1795 75 1860 76 2588 334 2667 223 
1588: 52 86 180 115 389 87 1071 105 1258 91 1327 82 2409 89 
1590: 366 263 392 234 524 117 809 220 1194 154 1496 124 1555 104 2181 93 2183 339 2335 174 2336 107 2546 224 2652 158 2724 292 
1592: 552 118 2429 86 
1595: 390 140 
1599: 219 116 318 219 2011 305 2100 273 2101 259 
1601: 1917 76 
1602: 95 88 1579 82 
1603: 619 146 
1604: 748 225 1157 937 1253 179 2268 219 2506 107 
1605: 390 83 2516 101 
1606: 201 75 
1607: 2296 124 
1608: 143 102 144 412 
1609: 56 88 559 94 1898 109 2154 120 2599 370 
1611: 1101 85 
1612: 1391 158 1395 196 
1614: 1658 86 
1618: 326 78 743 160 
1619: 2255 155 
1620: 261 120 2267 127 2770 181 
1621: 2128 88 
1622: 638 214 823 76 979 136 1019 172 1900 270 2267 86 2275 83 2427 138 2657 229 2770 199 
1623: 885 144 
1625: 636 151 640 528 761 743 1536 450 1537 79 1657 292 2100 165 
1626: 452 321 
1628: 270 79 498 102 659 86 935 99 1215 85 1260 119 1432 159 2401 159 2653 135 2723 129 
1629: 1670 92 
1630: 144 171 638 77 
1631: 761 103 1416 398 1657 876 
1632: 390 78 
1633: 1416 86 1657 225 
1634: 2260 113 
1635: 1565 95 
1637: 906 111 
1638: 2279 81 2361 78 
1640: 675 77 
1641: 95 246 394 181 796 246 
1644: 1910 77 
1645: 2260 85 
1646: 553 87 675 288 
1647: 1604 99 
1648: 1379 347 
1649: 1330 76 
1650: 5 76 
1651: 2236 85 
1652: 1721 95 1723 103 
1653: 762 241 793 92 1043 75 1599 191 
1654: 51 406 
1655: 2212 154 2780 252 
1656: 815 81 
1657: 1416 230 1645 492 2260 218 
1659: 1937 221 
1660: 2397 152 
1663: 261 164 2267 105 2607 257 2610 120 2770 81 
1671: 2157 95 
1672: 144 94 265 228 288 156 792 262 900 77 1076 126 1465 160 1565 114 1567 273 1584 229 1585 482 1664 93 2543 77 2837 919 2839 119 
1675: 167 467 168 506 
1676: 419 76 688 84 
1678: 390 441 
1680: 367 314 
1681: 1007 282 1825 281 1922 323 
1682: 1007 86 1579 92 1587 84 1825 114 2003 111 2008 118 2149 335 2260 140 2267 195 
1683: 748 87 
1684: 1805 76 
1686: 1804 90 
1688: 2100 77 
1689: 408 159 
1691: 2154 445 2155 329 2294 81 
1693: 2812 78 
1696: 56 95 579 151 1043 117 1759 82 1761 99 2795 98 
1697: 324 108 844 77 1663 305 1665 145 2527 77 
1701: 1465 145 1466 631 
1703: 144 112 1620 104 1703 411 1900 168 
1705: 212 103 
1706: 1836 87 
1709: 2549 82 
1710: 2254 156 2255 89 
1711: 1484 113 1511 149 1729 199 1845 90 2207 256 2341 420 
1712: 143 195 144 720 1511 175 2207 76 
1713: 1663 101 
1714: 2175 77 
1715: 48 100 56 82 389 127 390 521 972 137 1567 79 2534 135 
1717: 794 122 
1719: 1628 174 2526 86 
1722: 144 85 
1724: 1118 87 
1725: 2731 211 
1726: 1669 100 
1727: 1463 75 
1728: 1463 200 
1730: 1399 188 1919 135 
1731: 2792 181 
1732: 1861 158 
1733: 1157 205 1341 88 
1734: 2245 99 
1735: 1912 207 
1736: 1194 252 1418 224 2065 107 2359 87 
1737: 1819 287 
1738: 351 100 
1739: 948 805 
1740: 211 196 289 90 
1741: 88 75 253 165 559 99 577 184 811 103 815 99 964 98 1269 112 1900 118 2022 316 2210 91 2267 109 2596 98 
1742: 219 96 415 118 576 179 
1743: 1349 97 1922 84 
1745: 390 104 
1747: 2599 119 
1748: 526 80 972 139 1128 129 1335 119 2524 105 2639 83 
1751: 1904 94 
1754: 56 85 595 145 1752 156 1753 113 2730 132 
1755: 1855 126 
1756: 390 78 
1757: 744 139 748 97 
1758: 748 82 
1760: 56 129 389 119 390 109 646 137 729 86 
1762: 1871 230 
1764: 948 130 
1765: 1934 77 
1766: 167 109 
1767: 702 166 712 252 1016 101 2605 110 
1768: 1411 146 
1769: 1416 75 
1770: 39 100 
1774: 1863 110 
1775: 389 214 390 329 
1776: 390 103 
1777: 2174 248 2175 112 
1778: 2475 107 2480 238 
1779: 749 104 1616 124 1617 222 
1781: 2157 203 
1782: 390 122 559 168 561 303 704 82 1223 268 1296 79 1466 125 2149 244 2159 80 2316 122 2432 84 2553 313 2669 130 2670 151 2779 108 2837 103 
1783: 124 174 125 109 
1784: 303 169 
1787: 186 129 1584 122 1620 114 2651 144 
1789: 169 109 762 80 930 80 948 335 1505 158 1541 163 1591 85 2174 103 2175 81 2713 140 
1790: 43 274 45 139 
1791: 283 87 1989 124 1990 253 2372 172 2373 106 
1792: 32 155 
1793: 1628 207 
1794: 1628 161 
1797: 2420 97 
1798: 2548 86 
1799: 366 107 1200 236 1201 132 
1801: 2511 189 
1802: 452 75 
1803: 1137 151 
1804: 1900 173 2553 79 2852 75 
1808: 1922 153 
1809: 2548 93 2549 203 
1810: 1291 80 2568 184 
1812: 514 152 
1814: 2119 209 2435 131 
1815: 2267 117 2770 304 
1817: 932 90 
1820: 2158 288 
1822: 2198 91 
1823: 11 78 
1825: 94 112 321 165 428 131 966 235 1088 187 1548 293 1553 621 1899 102 2159 130 2851 596 
1826: 80 459 94 207 428 104 1900 206 1910 150 2852 100 
1827: 43 121 
1828: 334 79 
1829: 1824 88 
1830: 1125 79 
1832: 977 128 1430 244 2167 283 2584 95 
1834: 411 151 2300 87 2667 84 
1835: 1691 75 2667 118 
1836: 2174 156 2175 99 
1837: 1748 253 
1838: 477 101 
1839: 2724 75 
1842: 72 378 351 109 382 190 555 78 556 131 773 100 1099 118 1157 211 
1843: 71 103 
1845: 637 81 950 96 2471 75 
1846: 357 150 513 137 1574 216 2457 96 
1850: 1586 228 
1851: 638 77 1580 378 
1853: 1599 189 
1854: 2688 91 
1856: 460 99 
1858: 351 582 360 137 
1860: 1279 78 1691 75 2043 81 2262 117 2588 744 
1861: 56 81 
1862: 637 194 762 87 1942 79 
1863: 2603 343 
1864: 550 224 2326 155 2470 548 2763 150 
1866: 2825 93 
1867: 1560 256 1654 81 
1869: 1071 101 2100 124 
1871: 559 79 1348 163 1555 149 2227 238 2343 113 
1875: 366 220 
1877: 279 90 351 386 
1879: 747 97 
1880: 693 307 742 87 2039 273 2244 158 2284 170 
1881: 1218 106 
1882: 841 175 
1883: 1125 91 
1885: 1206 169 
1886: 1800 88 
1887: 579 85 
1888: 2262 123 
1889: 504 96 
1890: 2428 244 
1891: 1275 77 
1892: 1574 83 
1893: 2809 75 
1895: 451 144 
1896: 408 94 524 126 
1899: 94 156 366 279 412 128 702 146 718 157 809 106 1125 192 1126 148 1555 84 1851 81 1852 125 1994 197 1995 79 2037 101 2169 79 2313 133 2324 239 2359 115 2588 167 2752 168 
1900: 41 79 75 239 89 118 94 121 95 340 235 81 252 186 498 210 504 138 520 98 521 167 702 199 712 211 718 208 862 83 924 140 1008 75 1125 117 1146 121 1215 159 1579 231 1622 283 1806 118 1833 79 1900 136 2037 173 2038 316 2169 622 2171 617 2197 127 2242 159 2247 143 2248 93 2260 175 2267 230 2401 395 2547 78 2567 290 2617 79 2653 132 2723 955 2747 926 2752 684 2770 179 
1901: 2178 80 
1903: 390 134 
1904: 137 146 144 234 212 177 213 78 261 142 1620 83 2065 119 2267 107 2285 86 2770 75 
1905: 1900 182 
1906: 2611 76 
1908: 1900 238 
1909: 995 96 1871 76 
1911: 2741 119 
1916: 573 158 2714 82 
1917: 1492 430 2511 159 
1918: 2267 148 2770 538 
1919: 2040 104 
1920: 819 76 
1921: 1691 75 
1922: 2267 85 
1923: 743 130 1470 76 
1925: 199 96 1748 172 1750 91 1763 84 2790 115 
1926: 382 76 715 180 1539 100 
1930: 2084 146 
1931: 747 152 748 99 
1932: 607 156 
1933: 1657 725 
1934: 2149 92 2779 112 
1935: 1884 147 
1936: 2724 88 
1937: 390 75 941 136 2710 156 
1938: 513 91 
1939: 56 134 
1940: 331 103 332 86 667 126 
1941: 16 83 
1943: 2652 108 
1944: 847 142 
1945: 143 110 144 232 2217 123 
1946: 56 814 906 339 918 85 1045 97 1157 90 2088 97 2652 89 
1948: 2088 90 
1949: 524 116 1046 82 2298 92 
1950: 107 103 
1953: 872 82 
1955: 2549 298 
1956: 1091 92 
1957: 77 103 1091 90 
1958: 2298 195 
1959: 118 81 
1961: 560 493 1125 264 
1964: 1128 86 2470 117 
1966: 390 129 518 248 519 398 1099 239 1202 87 1344 103 1465 93 1466 547 1599 805 2100 79 2101 80 2235 86 2320 169 
1967: 762 225 
1968: 53 268 
1969: 951 197 
1970: 2258 92 
1972: 52 122 98 284 585 126 688 114 1043 98 
1973: 1275 181 
1975: 819 163 997 89 
1979: 1721 111 1723 157 2327 95 
1982: 76 104 892 113 
1983: 1069 189 
1984: 290 91 
1985: 168 75 
1986: 196 136 
1987: 1105 115 
1990: 2446 139 
1991: 959 128 
1992: 1851 133 2072 296 
1993: 662 76 728 102 2751 465 
1994: 261 600 1622 127 2428 92 
1996: 2428 87 
1997: 1235 105 2796 196 
1998: 106 75 220 90 253 97 373 82 390 435 559 138 577 375 811 116 815 88 1900 207 2022 278 2154 127 2267 176 2359 99 
1999: 219 184 415 103 576 330 
2000: 847 296 
2001: 220 77 1389 97 1584 121 1585 158 2298 277 
2002: 787 80 
2003: 1198 109 1692 119 1835 319 1894 84 2712 122 2718 132 2722 140 2724 237 
2004: 1021 76 
2005: 2852 386 
2006: 640 127 
2007: 509 218 589 87 640 145 1871 139 1922 168 
2009: 2536 81 
2010: 1328 98 
2011: 184 95 534 81 858 85 1585 78 2294 125 2298 258 2651 175 
2012: 2768 88 
2014: 1448 113 1857 116 
2015: 2681 147 
2016: 1056 159 
2017: 1133 82 
2020: 803 141 920 199 1835 169 2724 235 
2021: 390 139 2100 101 
2022: 2778 665 2779 158 
2026: 579 314 
2027: 2154 101 2155 75 
2028: 2852 489 
2029: 638 75 2267 156 2549 90 
2030: 1305 95 
2031: 2852 85 
2032: 713 91 
2034: 2770 78 
2035: 204 86 372 90 638 128 901 100 985 119 1386 98 1880 225 2241 78 2267 282 2282 103 2548 83 2853 289 
2038: 390 159 
2040: 322 166 559 75 
2042: 292 95 669 116 1305 166 
2043: 2155 115 
2045: 1582 99 
2046: 985 126 2244 223 2249 151 2267 104 2548 993 2549 231 2853 187 
2047: 672 145 692 342 1022 75 1243 194 2118 197 2242 815 2402 287 2723 75 
2049: 366 890 612 125 1157 75 1223 120 1851 228 2044 78 2724 75 2733 231 2734 109 
2051: 510 167 511 80 
2052: 2100 89 
2053: 2355 83 
2054: 181 124 1315 230 
2055: 2458 145 
2056: 219 92 
2062: 390 81 
2070: 389 77 390 399 
2071: 2174 95 
2073: 948 193 949 333 2411 114 2778 192 
2075: 389 126 
2078: 1032 189 
2079: 743 121 
2080: 627 76 628 197 
2081: 389 78 
2083: 56 82 
2084: 51 145 
2085: 2267 85 
2086: 56 276 2202 232 
2090: 1148 185 
2091: 1620 166 
2093: 461 79 478 208 1809 96 2147 246 2548 172 2549 620 
2094: 795 88 
2095: 2471 162 
2097: 1328 126 1329 125 
2099: 811 381 815 166 1259 82 2298 92 
2100: 283 169 318 77 473 82 506 106 507 101 518 105 553 159 588 241 601 148 664 78 936 874 953 116 1005 90 1071 77 1085 152 1351 96 1352 220 1420 226 1465 238 1466 504 1939 76 1942 75 2100 262 2543 110 2604 533 2739 183 
2101: 1388 131 
2102: 56 81 
2103: 2122 124 2700 108 
2104: 2768 89 
2105: 61 96 901 466 1047 130 1275 97 1321 134 1339 122 1340 80 2768 89 
2106: 901 116 
2108: 901 145 
2111: 85 238 
2112: 748 211 
2113: 754 172 
2114: 2088 126 
2115: 949 84 
2116: 2596 78 
2117: 1157 998 
2118: 638 153 2548 130 
2119: 199 99 201 307 743 262 808 112 842 186 976 96 1043 200 1235 215 2731 90 2790 102 
2120: 2040 99 2833 93 
2121: 977 108 
2123: 390 109 
2124: 1309 223 
2125: 390 85 1761 96 
2127: 2549 89 
2128: 222 104 559 211 1277 157 
2129: 144 202 1904 123 2168 123 2280 77 2310 136 2690 131 
2130: 2267 81 
2131: 2364 89 
2132: 2132 203 
2133: 1900 142 
2134: 890 111 
2135: 889 106 
2136: 201 82 
2137: 773 142 932 79 1298 175 2652 521 
2138: 2096 144 2332 75 
2140: 22 98 
2143: 2728 91 
2144: 2480 89 
2145: 815 119 2319 180 
2146: 560 245 2727 75 
2147: 461 194 560 551 775 247 1961 103 2549 118 2726 145 2727 192 
2148: 116 112 217 568 759 193 2358 341 
2150: 1844 81 2642 148 
2151: 945 106 1283 75 
2152: 372 119 
2153: 324 230 1499 205 1663 196 
2154: 545 215 546 253 1219 112 1480 187 2782 94 
2156: 2327 305 
2157: 1219 98 
2159: 498 79 963 137 1622 84 2169 125 2401 94 2653 92 2723 150 
2160: 25 128 605 121 730 249 
2162: 524 79 1904 320 2310 233 2667 204 2668 78 
2164: 1864 597 2100 368 
2166: 245 100 
2167: 1030 225 1031 99 
2168: 2856 87 
2170: 1834 181 
2172: 82 330 638 192 706 114 901 206 985 495 2077 94 2244 117 2249 102 2548 828 2549 89 2853 100 
2173: 672 75 692 128 702 164 1243 123 2118 85 2242 139 2402 90 
2174: 52 174 99 212 100 128 118 152 162 667 163 261 283 192 821 122 875 89 936 161 1056 87 1071 118 1588 229 2409 85 2560 84 2561 108 2737 80 2739 116 
2178: 1601 76 
2179: 1223 198 2100 142 2101 93 
2182: 2267 98 
2185: 351 140 
2186: 1032 82 2154 137 
2187: 743 111 
2188: 302 375 389 149 390 104 
2190: 936 92 1103 91 1466 79 2294 112 
2195: 1125 85 1495 93 2779 117 
2198: 743 162 
2199: 1290 99 
2203: 1529 89 
2207: 143 339 144 912 1663 279 1665 253 
2208: 1075 122 1419 193 
2211: 835 101 1585 106 2100 88 2101 97 2298 81 
2214: 1032 82 
2215: 408 152 509 117 647 78 949 114 1075 175 1540 77 1691 100 1912 87 2013 88 2056 92 2100 150 2101 89 2128 234 2596 82 
2218: 28 75 558 88 1224 91 1274 98 2294 502 2295 117 2502 102 
2219: 495 76 1182 340 1441 75 1517 253 2440 161 
2220: 2667 109 2668 81 
2222: 1206 157 
2226: 1620 84 
2228: 2435 182 
2229: 1993 79 2746 137 
2230: 545 108 2496 166 2745 258 
2231: 562 151 2746 295 2758 140 
2233: 817 77 
2234: 201 108 389 224 743 387 793 107 950 653 1043 514 1343 153 2718 226 2719 176 2732 86 
2235: 56 90 154 151 
2237: 1582 207 
2238: 1335 166 
2239: 2652 350 
2241: 693 230 
2242: 372 76 373 137 2047 181 
2243: 1071 273 
2245: 2319 112 
2246: 1157 80 
2249: 695 144 1622 97 
2252: 743 83 
2254: 1071 82 
2255: 2504 124 2527 107 
2258: 858 91 2480 109 
2260: 498 135 520 231 521 296 1215 132 2267 146 2653 217 
2261: 404 107 743 78 754 201 950 152 2154 78 2596 103 2598 80 2599 100 2688 322 
2262: 615 77 616 104 834 147 2154 568 2155 190 2216 84 2667 87 
2265: 1027 202 
2267: 498 190 528 156 671 862 672 228 979 95 1019 112 1023 83 1185 100 1273 97 1292 558 1579 211 1815 670 1860 133 1900 187 2037 89 2105 398 2267 93 2278 135 2279 215 2540 103 2569 228 2578 378 2657 150 2770 101 
2269: 2667 91 
2270: 2225 127 
2271: 875 120 
2272: 697 115 1953 90 
2273: 43 273 
2275: 144 295 372 103 416 96 478 141 2282 242 2549 474 
2276: 146 97 2283 177 
2277: 1329 82 
2279: 2412 105 
2280: 2693 443 2694 444 
2281: 1937 173 
2282: 693 82 742 97 1003 155 2574 131 
2286: 202 493 
2290: 1988 80 
2291: 2296 82 
2292: 232 104 1144 80 1145 109 1170 82 2406 110 2407 97 2801 117 2802 324 
2294: 69 94 216 254 948 987 1125 138 1126 90 1900 269 2193 119 2308 111 2532 89 
2296: 283 131 1354 238 1988 240 2604 76 
2297: 615 90 
2298: 1974 89 
2300: 2631 311 
2301: 349 81 1579 94 
2302: 1074 96 2064 90 
2304: 609 131 
2306: 461 111 
2307: 850 77 
2309: 1071 234 1075 75 
2311: 194 136 
2312: 397 397 
2313: 2067 79 
2315: 43 75 
2316: 2455 98 
2317: 1091 116 1092 94 
2318: 524 86 640 76 773 76 938 76 1899 77 1922 125 2667 543 
2319: 2033 132 2428 250 2430 90 
2320: 484 205 1815 111 2615 86 
2322: 2796 115 
2323: 590 144 
2325: 2267 79 
2329: 347 89 829 378 1638 80 
2333: 1900 93 
2334: 1900 150 
2335: 261 91 428 94 2546 77 
2337: 390 142 
2339: 1748 165 
2340: 1628 94 
2341: 1703 189 
2342: 1521 86 
2344: 2607 136 
2345: 2642 107 2646 76 
2346: 2159 112 
2347: 1870 223 
2348: 1465 79 
2349: 2531 164 
2350: 2044 90 2543 218 
2353: 193 121 2549 401 2587 114 
2356: 2154 75 
2357: 837 88 
2358: 373 86 1900 201 
2359: 596 229 
2360: 1328 90 2378 101 
2362: 2129 121 2544 130 
2363: 1966 92 
2366: 144 85 2472 175 
2367: 1159 79 
2368: 1761 118 
2369: 1529 98 1779 105 
2370: 655 114 
2371: 2398 132 
2372: 144 373 638 155 1204 98 1245 108 2417 161 2471 167 
2376: 2097 124 2659 119 
2377: 83 107 509 95 
2378: 2277 109 
2379: 111 321 343 100 434 103 518 109 519 231 594 321 969 101 1032 141 1465 95 1466 489 2320 303 2682 87 
2384: 2757 84 
2386: 373 86 641 89 1900 486 
2387: 58 164 743 83 1604 76 
2389: 94 128 724 126 1569 166 2157 96 2471 88 
2390: 29 148 273 119 1043 75 
2391: 2717 145 
2392: 2592 86 
2393: 1833 144 
2394: 2536 192 
2395: 1473 107 
2397: 213 80 
2398: 2100 174 2101 92 
2400: 2412 103 
2401: 901 82 1121 78 1182 163 1183 146 1284 154 1563 81 2412 428 2413 237 2416 174 2539 85 
2402: 2047 85 
2404: 43 143 
2405: 389 153 
2406: 404 275 405 172 811 210 
2408: 1348 194 1912 88 2208 211 2696 81 2697 675 
2409: 371 92 1674 116 1897 424 1898 511 
2410: 1897 96 1898 131 
2412: 220 305 221 114 407 292 408 464 461 79 577 542 578 166 650 605 652 100 811 439 815 175 1269 116 1277 366 1278 159 1285 229 1316 97 1351 83 1685 94 1741 96 1795 104 1998 194 2023 111 2024 140 2089 105 2193 542 2194 117 2216 138 2294 152 2298 213 
2413: 88 147 89 177 120 99 219 739 237 137 281 267 576 369 651 742 725 991 836 252 861 195 1121 760 1276 307 1317 94 1326 298 1443 134 1513 191 2189 87 2191 75 2215 187 2399 142 2441 140 2581 96 2857 85 
2416: 815 97 1901 84 2267 264 
2418: 1620 91 1663 81 
2419: 2812 188 
2421: 96 99 389 179 392 85 604 141 773 333 1071 80 1342 79 1673 105 1791 413 1842 88 1944 164 2528 101 2529 206 
2422: 1864 89 
2423: 2288 166 
2424: 737 198 2471 199 
2426: 1229 648 
2428: 756 142 
2431: 1715 676 1716 82 
2432: 351 117 744 79 1461 159 2048 95 2642 84 
2433: 260 105 
2434: 1900 92 
2435: 179 197 686 142 748 85 2828 104 
2436: 1283 84 
2437: 1183 159 1284 80 1518 87 
2438: 2833 105 
2440: 133 112 134 101 320 323 389 423 1125 85 1355 187 1366 128 1367 311 1673 185 1674 104 1795 286 2319 104 
2444: 400 240 1139 77 2511 115 
2445: 1715 983 
2447: 2578 350 
2448: 805 208 
2449: 2511 185 
2450: 56 82 
2451: 409 80 430 104 763 152 1773 94 
2452: 2669 610 2670 99 
2453: 1937 363 2506 250 2734 160 
2455: 552 92 
2459: 389 89 390 80 
2463: 92 101 
2464: 303 76 
2465: 1786 94 
2466: 1125 156 
2468: 756 123 2256 208 
2469: 236 122 848 81 
2470: 2302 257 2471 146 
2471: 56 186 167 190 168 117 169 179 283 140 387 116 389 76 762 86 936 114 1071 111 1075 135 1247 102 1258 105 1328 125 1329 81 1558 108 1904 78 2050 82 2101 76 2588 95 
2476: 144 92 
2479: 1450 103 
2484: 801 101 
2486: 390 116 
2487: 2424 75 2785 87 
2490: 1236 86 
2491: 639 397 
2492: 389 585 
2493: 2642 89 
2495: 837 81 2357 168 
2496: 743 103 
2497: 2698 82 
2498: 2234 247 
2501: 2514 108 
2502: 707 461 708 116 878 93 2652 79 2724 127 
2504: 240 460 
2505: 1979 91 
2506: 906 75 
2508: 1937 171 
2509: 143 153 144 437 723 125 724 77 1622 104 2411 290 
2510: 725 104 2413 168 
2513: 2506 798 
2515: 390 75 
2516: 389 838 390 903 
2520: 2652 81 
2522: 2746 127 2758 113 
2523: 948 187 1206 159 
2525: 811 97 
2527: 1401 132 
2528: 325 143 
2529: 762 137 2296 139 
2533: 572 80 
2535: 1977 143 
2536: 524 93 747 119 1298 245 2215 82 2262 162 
2537: 1900 165 2821 114 
2538: 390 237 
2539: 220 80 577 108 901 144 
2540: 219 210 576 106 1326 94 2568 183 
2541: 408 178 962 113 
2542: 2215 88 
2543: 56 176 1043 107 
2544: 1364 75 1365 111 
2547: 2770 313 
2548: 525 86 671 149 672 155 1215 77 1291 281 1292 118 1390 78 1918 77 2279 194 2400 234 2401 310 2568 442 2770 334 
2549: 103 374 104 160 215 136 498 153 499 85 525 81 530 87 672 222 673 384 693 139 695 866 896 227 897 104 908 574 909 199 929 75 1022 75 1125 450 1126 111 1291 159 1293 195 1384 492 1385 149 1622 145 1806 120 1807 102 1889 178 1900 158 1922 455 1994 332 2108 299 2244 125 2267 224 2279 141 2384 276 2401 365 2403 406 2460 93 2553 129 2568 231 2571 367 2643 92 2770 244 
2550: 2314 81 
2551: 1172 91 
2552: 1505 121 
2553: 95 102 1918 99 2169 86 
2555: 29 176 
2556: 1771 124 
2558: 283 110 2472 107 
2563: 2154 275 2155 110 
2564: 2724 112 
2565: 185 120 2723 177 
2566: 646 139 
2572: 234 86 
2576: 159 83 746 365 
2580: 366 95 
2582: 1071 122 1075 77 
2583: 169 137 193 419 936 179 1970 96 2100 78 2305 83 2635 91 
2584: 1900 85 2267 98 
2585: 186 120 912 112 1362 232 1555 138 1900 79 2057 201 2058 261 2236 84 2250 239 2628 169 2629 105 2724 536 
2586: 2607 100 
2588: 144 107 277 77 1849 94 2154 581 2155 418 2667 247 
2591: 2221 84 
2593: 1748 89 1750 89 
2594: 2343 79 
2595: 1900 86 
2597: 1971 184 2716 141 
2601: 811 79 
2602: 997 84 
2603: 1338 88 1785 93 
2607: 261 78 468 228 2770 86 
2608: 2282 198 2284 88 
2609: 1525 187 
2611: 302 336 322 79 793 87 1043 100 2040 90 
2612: 2838 131 
2613: 2838 145 
2615: 2676 737 
2616: 1960 214 
2619: 1567 281 
2620: 2832 80 
2621: 390 175 1071 106 1075 256 
2623: 1917 79 
2627: 1210 186 
2630: 56 127 
2631: 680 111 681 80 2149 90 2365 81 
2633: 1503 194 
2637: 366 152 815 178 1007 271 1601 129 1851 150 1852 85 2072 76 2132 76 2267 185 2588 222 2724 130 
2638: 128 83 764 282 1419 122 2202 180 
2640: 335 123 
2641: 366 166 2196 88 
2642: 2267 441 2270 205 2842 188 
2643: 2770 148 2842 163 
2645: 1466 79 
2647: 280 461 279 737 
2649: 1663 81 
2651: 97 111 186 134 187 141 811 145 815 95 816 149 1362 134 1363 102 1841 133 2011 128 2530 220 2531 119 2621 139 2622 94 
2652: 1138 84 2267 93 
2653: 23 75 97 275 119 92 143 89 158 126 167 97 194 114 221 113 373 342 389 101 390 875 408 516 428 137 511 75 513 504 524 332 724 360 744 158 748 121 781 258 815 569 866 158 900 133 926 206 949 411 962 107 1023 102 1075 428 1126 142 1296 86 1352 82 1403 166 1461 194 1565 104 1582 87 1585 90 1622 260 1628 165 1665 170 1674 178 1720 84 1723 132 1761 92 1810 614 1847 86 1884 277 1898 116 1913 124 2056 153 2058 101 2060 215 2088 88 2101 420 2175 137 2204 110 2263 126 2318 87 2320 75 2425 104 2470 118 2527 96 2545 102 2548 919 2553 83 2610 147 2629 149 2646 92 2725 85 2734 161 2779 161 2784 160 2852 97 
2655: 981 87 1449 117 
2656: 43 95 
2657: 822 105 991 136 1023 89 1900 99 2386 105 
2662: 1015 80 
2663: 2345 81 
2664: 1419 82 
2665: 351 116 360 100 1043 110 1091 112 1206 171 1207 95 
2666: 2821 84 
2667: 545 86 549 178 589 410 615 113 681 481 764 78 1360 130 1361 145 1904 419 1922 192 1924 107 1979 172 1980 394 1988 125 2129 113 2247 119 2257 139 2280 87 2310 168 2327 111 2375 199 2483 146 
2668: 1121 132 1183 305 
2669: 610 136 637 146 756 91 859 200 948 112 1335 116 2320 209 2354 108 2471 228 
2673: 1303 78 2442 96 
2675: 1703 114 
2676: 2653 594 
2677: 2642 135 
2679: 607 322 1932 142 2328 77 2474 75 
2680: 1960 193 
2682: 133 103 311 201 434 337 773 113 858 79 1187 233 1424 137 1795 383 2100 164 2296 103 2342 113 
2683: 815 173 
2686: 1109 92 
2687: 315 94 
2688: 1309 185 1310 190 
2689: 2074 121 2076 78 
2690: 1507 82 
2691: 1541 124 
2692: 1466 125 
2693: 1988 190 
2694: 948 804 949 638 1904 112 1988 269 
2695: 52 152 56 225 1465 76 2209 163 
2697: 1897 84 1898 160 
2698: 390 168 
2699: 817 81 
2701: 1323 121 
2703: 390 112 
2704: 1128 323 
2706: 936 160 
2707: 1628 477 1697 102 1965 91 
2708: 2699 82 
2709: 2667 97 
2710: 1612 76 2506 139 2631 103 
2711: 1332 78 
2715: 764 77 
2716: 829 264 
2718: 1900 135 2177 373 
2721: 1900 87 
2722: 324 180 
2723: 158 213 390 178 1125 287 1126 111 1628 194 1900 408 2159 312 
2724: 521 78 811 85 815 80 950 133 1125 263 1126 391 1215 92 1622 113 1661 172 1662 113 1840 155 1841 287 1851 125 1852 97 1922 138 1962 80 1963 164 2200 76 2201 96 2215 154 2262 106 2266 112 2267 194 2413 91 2530 202 2531 89 2653 108 
2726: 2384 77 
2727: 500 87 2205 109 
2733: 219 106 270 119 389 439 390 946 1128 423 1739 683 2078 196 2186 104 2250 88 2262 91 2428 251 2471 117 2498 76 2582 310 2669 107 2670 80 2821 98 
2735: 389 81 390 148 1739 145 
2737: 338 82 390 93 1628 303 1735 78 2471 117 2526 212 2859 169 
2739: 1233 90 1419 448 1420 133 1939 79 1942 237 
2740: 1472 97 2098 79 
2742: 482 227 
2743: 906 79 1132 84 
2744: 571 116 2796 118 
2746: 2842 166 
2748: 743 75 1584 79 1585 159 
2752: 2584 125 2585 76 
2753: 389 113 1241 77 
2754: 1422 164 
2756: 144 222 
2757: 1210 335 
2758: 1043 83 2842 93 
2759: 151 110 
2760: 2202 104 
2761: 1900 100 
2762: 372 75 
2764: 194 95 
2765: 43 141 
2766: 295 126 916 135 1282 192 2688 409 
2767: 2320 176 
2768: 1321 115 2681 257 
2770: 564 76 638 216 725 165 1182 137 1223 82 1711 87 2168 93 2421 80 2502 136 2653 195 
2771: 366 101 
2773: 1398 116 2137 78 2813 122 
2774: 2812 118 
2775: 669 77 
2777: 2681 100 
2779: 1815 112 
2780: 2239 143 
2781: 687 85 
2788: 666 105 
2789: 657 86 
2790: 743 222 856 582 1461 96 2254 193 2445 202 
2791: 1545 163 
2794: 936 119 
2795: 2723 85 
2796: 856 96 2661 123 
2798: 381 218 
2799: 302 163 2660 113 2661 147 
2802: 198 77 793 104 824 174 974 102 1043 201 1237 103 1528 146 1567 101 1854 79 2611 88 2614 114 
2804: 2829 91 
2806: 87 76 
2808: 2803 122 
2810: 762 105 1175 96 1309 148 1310 120 1502 271 2240 182 2296 146 
2811: 949 99 
2812: 800 95 1150 110 1152 204 1195 192 1308 76 1309 174 2240 101 2471 117 2737 247 
2814: 57 517 140 118 141 142 579 121 977 226 1516 96 
2815: 355 80 
2816: 249 123 
2817: 926 91 1663 112 2548 201 2549 106 2770 87 
2818: 2548 125 
2819: 1004 76 
2820: 681 121 1065 145 
2821: 1025 76 
2823: 2848 141 
2824: 1961 81 
2826: 446 142 
2827: 1493 87 
2829: 1695 133 2654 142 
2830: 1047 80 
2831: 2724 105 
2832: 553 133 1576 101 1674 171 2128 110 2320 104 2454 233 
2833: 2797 84 
2834: 261 115 
2835: 1825 213 1922 136 
2836: 1083 171 2003 98 2267 75 
2837: 270 127 1053 433 1516 703 
2838: 1255 99 
2840: 303 767 304 81 305 396 586 82 
2841: 2837 101 
2842: 2653 271 
2843: 302 157 1574 472 
2846: 2149 714 2481 102 2787 268 
2847: 30 115 755 115 
2848: 948 108 
2849: 2159 383 
2850: 2409 100 
2851: 2037 90 
2852: 94 81 95 329 1579 152 2747 79 
2853: 2215 118 
2855: 1601 312 
2856: 1157 238 
2858: 1156 318 1309 93 
2859: 1628 165 
2861: 1861 80 
2862: 1437 90 
2864: 1444 96 
2865: 390 110 2312 81 
2867: 450 100 
2868: 79 150 80 322 428 258 1900 110 1910 174 2852 142 
2869: 94 148 1900 141 
2870: 1825 84 
2871: 987 194 
