#longitude      latitude        albedo          flux    windspeed
-28.5789718628	-17.6553726196	0.0973502323031	84.5	7.1533331871
-12.5770769119	-20.5219345093	0.094131320715	81	6.69999980927
-16.9122467041	1.09536862373	0.0729057863355	87.25	6.04666662216
-16.2659015656	-11.5013151169	0.0838633701205	89	8.14666652679
0.341231942177	-27.6491680145	0.151734098792	78.75	6.48000001907
-32.6132278442	39.7315559387	0.128813564777	104.5	6.19333314896
-33.4954719543	33.6763381958	0.0628560185432	80	5.28666687012
11.4981594086	35.1409721375	0.0674269720912	84.25	5.2266664505
-29.7946414948	-17.4222564697	0.12637154758	83.5	7.1533331871
-36.3039512634	36.6642913818	0.0631364583969	77.5	5.41333341599
-13.8867921829	-11.2224712372	0.126775205135	91.5	8.046667099
46.3696861267	-26.6694278717	0.153326898813	79.5	9.26000022888
33.3203239441	-26.5523319244	0.104068398476	88.25	7.46666669846
43.3485908508	-18.0793685913	0.101645693183	78.75	6.14666652679
-36.5839347839	35.7681655884	0.0786602348089	77.5	5.26666688919
-16.0010643005	-11.4982843399	0.102359965444	90	8.10000038147
-19.8899364471	-25.2474765778	0.124395743012	96.5	6.21333312988
17.0881137848	31.630022049	0.0729023367167	92.75	4.95333337784
31.6765213013	45.2451019287	0.0791572928429	96.75	5.38666677475
34.424747467	27.4681377411	0.0750491172075	95.5	6.2733335495
-29.2789592743	-33.2543754578	0.126475542784	75	8.97333335876
-48.5601959229	29.3319892883	0.0723591893911	90.25	5.16666650772
-21.3783912659	40.6693344116	0.124769285321	84.5	6.03999996185
-2.1348862648	-3.55897164345	0.0780021250248	91.75	5.84000015259
-37.6923904419	38.2855606079	0.116727940738	63.5	6.03999996185
-26.1763343811	25.2362575531	0.0834591314197	96.75	7.44000005722
-31.5015163422	-31.3456268311	0.113980084658	77.25	8.57999992371
-38.7760391235	-23.7970962524	0.163678154349	89	7.33333349228
-32.9335365295	26.8962574005	0.146936893463	79.75	6.11333322525
50.0114059448	-22.5418701172	0.130047336221	116.75	7.09999990463
-31.1496562958	27.5064620972	0.0790542140603	82.75	6.00666666031
-5.46842193604	-3.3166975975	0.0749735981226	88.75	5.73999977112
-44.3144416809	-23.7884845734	0.0923209637403	80.25	5.63999986649
-53.5123710632	27.4961204529	0.0769230797887	95.25	5.2733335495
-2.92171382904	-30.6723861694	0.116814158857	82.5	7.15999984741
-41.9106750488	-25.8134250641	0.0972863733768	84.25	7.42000007629
-31.8493671417	-25.893907547	0.104641109705	90.75	6.73999977112
10.1115951538	40.5027961731	0.0699001401663	85.75	4.82666683197
-19.768737793	3.65730333328	0.0879641845822	83.5	6.79333353043
24.5979385376	34.5103645325	0.187340483069	91.75	5.97333335876
-16.7743034363	-27.6880931854	0.145995423198	79.75	6.65999984741
-16.2009220123	-16.0522079468	0.107470914721	87.75	7.63333320618
-15.4352340698	-26.7693347931	0.129123091698	80.25	6.40666675568
12.03495121	-29.9784679413	0.132476910949	82.5	7.03333330154
-8.93047618866	-23.4076347351	0.120782211423	78.75	6.51333332062
-12.9880952835	-2.01949477196	0.0826038122177	92	5.32666683197
-49.8398933411	34.6100349426	0.0841929167509	75.5	5.92000007629
-38.6609230042	-30.6044483185	0.11186671257	82.25	8.17333316803
42.9178962708	-23.5220451355	0.113506227732	84.25	7.39333343506
-14.884677887	-20.7433929443	0.0915893465281	76.5	6.74666643143
-25.9955635071	-25.3580513	0.0997168943286	79.25	6.32666683197
1.18899929523	-3.72195744514	0.085441634059	96.25	5.67333316803
36.8330688477	-33.8123817444	0.135382369161	92.5	8.56666660309
-24.6546211243	-21.9998722076	0.0902796983719	81.5	6.55999994278
1.83783745766	-3.72219109535	0.0969782173634	103.5	5.5733332634
34.468170166	27.5704040527	0.0789759159088	91	6.12666654587
-15.0241718292	-1.85897135735	0.0722713842988	85.75	5.69333314896
-24.7025661469	-17.0164813995	0.084499001503	74	7.44000005722
-29.7765617371	-3.23642992973	0.112809538841	92.25	7.06666660309
-39.8632507324	37.7375831604	0.0913193523884	86	6.04666662216
-8.81649589539	-0.95219296217	0.0896125510335	94.25	4.23999977112
0.17681619525	37.8506698608	0.0916752293706	111.5	5.5
-37.3941650391	35.2580871582	0.069504186511	76.75	5.26666688919
15.8079786301	32.9676551819	0.167904898524	84.75	4.70666646957
47.7252082825	12.2193565369	0.085689984262	100.75	5.96000003815
1.42874288559	0.0271380785853	0.0831826403737	92	6.05333328247
-9.40785312653	-2.99554347992	0.0812829509377	92.5	5.58666658401
-5.21579551697	-1.60276174545	0.0815342664719	97.25	4.99333333969
-20.5552368164	-25.0758342743	0.106085799634	79.75	6.21333312988
-5.08628320694	-6.26608133316	0.120273888111	101	7.28000020981
-11.4864587784	-2.91773295403	0.0748908296227	85.75	5.57999992371
-3.43401479721	-31.3999137878	0.123960696161	82	7.65999984741
-35.8342132568	-18.7071704865	0.126062840223	85.25	6.55999994278
-7.17993116379	-2.42023229599	0.132682010531	105.25	5.23999977112
1.2206312418	36.9230651855	0.0948950201273	115.25	6.30000019073
2.80866551399	-2.74310541153	0.163628652692	96.5	5.2266664505
8.94011592865	-29.4126853943	0.168234065175	80.5	6.98666667938
-32.3401260376	22.5265598297	0.0787939727306	98	7.48000001907
54.4974784851	14.34304142	0.0945478156209	109.25	10.9266662598
-37.491191864	-21.1760845184	0.0980834290385	87	6.69333314896
-9.4830083847	-24.5416889191	0.108925320208	74.75	6.36666679382
-12.4562311172	-10.2004709244	0.0857212841511	87.5	7.94666671753
-27.2358760834	-20.6056575775	0.115235634148	89.25	6.75333356857
-26.2983150482	-20.1184234619	0.0842652767897	81	6.90000009537
-33.5110015869	9.17818260193	0.0715260207653	91.75	6.47333335876
48.748008728	3.33892178535	0.0977680757642	100.75	9.26000022888
9.04916381836	37.9433403015	0.196498051286	101	6.06666660309
-26.2730941772	0.859329164028	0.0838857740164	82.25	6.30666685104
-43.196105957	23.600812912	0.0799742713571	93.25	6.76000022888
-31.181810379	2.46047639847	0.11659629643	89.75	6.26666688919
-4.03415822983	-31.7173671722	0.115147359669	84	7.80666685104
-40.5148582458	-27.9353504181	0.132603406906	81.75	7.57999992371
-18.9502048492	-30.7886486053	0.12854757905	77	8.06666660309
-42.687877655	34.2887077332	0.0728712901473	92	5.0733332634
-7.06351041794	36.8616371155	0.0796710327268	77.5	5.94666671753
15.4970207214	34.4778137207	0.0711610466242	90.25	4.40666675568
-0.512229919434	-1.11270797253	0.107002362609	102	5.13999986649
-39.3752059937	37.7008666992	0.093942053616	80.25	6.04666662216
36.4782333374	24.6193790436	0.150375932455	85	5.26666688919
33.3481063843	33.558216095	0.075228266418	94.75	4.85333347321
27.2144966125	32.4666061401	0.0732689201832	91	5.46000003815
54.8103218079	11.9785614014	0.140042230487	99.5	12.9066667557
-30.4871959686	-13.2917881012	0.0827144682407	80.75	8.18666648865
-45.9946327209	36.4664497375	0.0871059000492	107.75	6.21333312988
-19.4552993774	-0.878764808178	0.0799742713571	93.25	5.69999980927
-31.6731796265	-1.31486058235	0.212855637074	101	6.66666650772
-4.68470239639	-25.5348320007	0.0838340520859	73.25	6.32000017166
-55.8638000488	33.8654327393	0.0724470168352	94	5.68666648865
-41.6125183105	32.3530426025	0.0635014846921	80.25	4.93333339691
-26.9494915009	0.943503201008	0.122122123837	91.5	6.30666685104
-46.4995079041	28.3695201874	0.0697258636355	87.75	5.13333320618
-13.3818407059	41.9850387573	0.100791089237	86	6.75333356857
-14.2959003448	4.29422855377	0.117903932929	94.5	7.23333311081
36.024684906	42.8895797729	0.0867768600583	99.75	4.79333353043
27.6330051422	35.5578460693	0.0828388333321	87.25	7.71999979019
-18.1038093567	40.644329071	0.0738811269403	78	6.04666662216
-17.3468799591	1.09587323666	0.129177376628	100.5	6.04666662216
31.8510379791	35.6889152527	0.0864259004593	86.75	4.20666646957
-26.40259552	27.8924884796	0.153871506453	116.75	6.40000009537
-29.7005615234	22.7052383423	0.0861018300056	109.5	7.67999982834
2.08350729942	37.7384300232	0.222369581461	125.75	5.64666652679
-31.0927734375	23.9928779602	0.104578435421	104.5	7.14666652679
-47.7083854675	31.4892864227	0.0723023191094	82.75	5
-25.5089607239	-26.7019329071	0.153088927269	112.75	6.67333316803
9.40958499908	38.186504364	0.0889209359884	92.5	6.06666660309
-38.0743980408	-23.6671237946	0.0991782397032	87.5	7.23999977112
-10.0546455383	0.108894847333	0.077463246882	88.25	4.44666671753
-28.9659366608	-34.2202224731	0.111423552036	79.25	9.16666698456
-34.708820343	-31.209066391	0.150777205825	72.75	8.42000007629
-23.9255657196	-26.3484973907	0.152477145195	79.25	6.51333332062
-47.0300788879	20.5416221619	0.0957345962524	126.25	7.58666658401
-17.1432170868	4.38871383667	0.0790881589055	85	7.03999996185
-24.7052936554	-25.6966915131	0.116192415357	85.75	6.31333351135
-15.9258203506	41.3100852966	0.0692492946982	86.25	6.24666643143
-25.5064640045	-20.7346248627	0.0858449935913	79.75	6.80000019073
-32.6540718079	-14.5723638535	0.105735808611	91.25	7.63333320618
0.730557262897	39.8881492615	0.0904930308461	108.75	4.51999998093
-45.0944213867	-24.1221141815	0.143044620752	81.75	5.63333320618
46.2032279968	-8.49078655243	0.0744113698602	83.75	8.89333343506
30.9169559479	32.9834632874	0.170889213681	86	5.50666666031
14.2196235657	34.9914894104	0.0728823393583	94	4.61333322525
-28.8274040222	-17.8419761658	0.128604829311	82.5	7.1533331871
-39.3857574463	-27.3666992188	0.139882296324	77.25	7.43333339691
29.6431941986	-32.3061637878	0.118312753737	86.25	8.96000003815
28.5183258057	-33.6484107971	0.127015337348	80.75	9.20666694641
-42.4681777954	21.4610691071	0.08110743016	104	7.49333333969
-25.4627399445	-32.5246620178	0.154463395476	77	9.06666660309
13.2928190231	33.4333076477	0.0738039016724	86	5.15999984741
-15.1949110031	-15.8624382019	0.109004735947	80.5	7.63333320618
-23.5716018677	2.92833089828	0.0668971091509	82.25	6.80000019073
-14.0781593323	40.9919052124	0.0878738686442	94.75	6.65999984741
-30.6232566833	38.1573295593	0.0632286146283	80	5.55333328247
-6.2008395195	-2.90910959244	0.0962288677692	92.5	5.53999996185
12.1993436813	34.9361686707	0.0674549341202	87	5.01999998093
-30.6232566833	38.1573295593	0.108767300844	82.5	5.55333328247
-10.5793848038	34.1279716492	0.157791703939	100.75	7.93333339691
8.64744949341	38.1708946228	0.0745316892862	93.5	5.82000017166
-13.1201496124	36.6509170532	0.177245512605	111	6.97333335876
1.03698241711	38.5606880188	0.138111352921	112.25	5.1533331871
5.17898797989	41.7978515625	0.139285713434	97.5	5.87333345413
42.4271736145	-42.1665725708	0.149558752775	80.5	10.1533336639
38.3553657532	19.5999145508	0.149542570114	106.25	5.4266667366
-22.8385601044	-3.20172548294	0.0937899276614	91.75	6.8466668129
-16.1327266693	39.9478302002	0.081872805953	81.75	6.15999984741
-5.94500303268	-32.3673553467	0.129109859467	80.5	8.15999984741
16.8546981812	-39.8935852051	0.14223575592	81.75	11.1800003052
-33.9514884949	10.7361965179	0.103236608207	92.5	6.69999980927
11.9324922562	34.5979652405	0.0742926895618	91.25	5.01999998093
14.2969436646	33.7858200073	0.0672021955252	85.75	4.81333351135
-17.3436222076	-33.3759040833	0.117493472993	78.75	8.96666622162
-52.0354232788	21.3627490997	0.0946178883314	123.5	7.13999986649
-17.0859012604	39.6175270081	0.0808611214161	77	6.00666666031
19.1515254974	36.7446746826	0.0839384868741	98.25	5.21999979019
18.6351127625	34.9180908203	0.0994334295392	87.75	4.96000003815
-48.0161132812	32.2652511597	0.0613579973578	68	5.03999996185
-28.6675834656	-32.3619995117	0.107708193362	78.25	8.97333335876
-42.496295929	31.8756885529	0.0975323170424	83	4.94000005722
-8.78574562073	-18.7688980103	0.102316603065	79.5	6.84000015259
39.9661216736	-17.5823116302	0.100727804005	86.5	6.10666656494
-43.6929130554	-0.315384358168	0.0737398192286	83.75	6.86000013351
-38.4791603088	-21.1247520447	0.0911062881351	84	6.80000019073
-23.0328731537	-26.1217689514	0.141989722848	76	6.36000013351
41.0175285339	17.2264614105	0.103481255472	135.25	5.78666687012
-30.4713954926	-32.3504257202	0.115214183927	78	8.92000007629
-9.69007015228	42.2670936584	0.0721886083484	86.5	7.19999980927
-15.7880764008	0.847911417484	0.0651818588376	79.75	5.69999980927
-54.858215332	14.8164710999	0.0929479748011	100.5	8.48666667938
-38.1446609497	-25.9073944092	0.102540835738	84.75	7.39333343506
-23.5914077759	-5.78491830826	0.102741703391	89	7.63999986649
-47.129119873	25.1855125427	0.0730235353112	90.75	6.15999984741
3.42620944977	39.0516738892	0.101708076894	98.25	5
-15.6796255112	-27.0686893463	0.148702159524	84.5	6.45333337784
-30.4447517395	-1.81465637684	0.0751104578376	89.25	6.71333312988
-36.6121025085	-25.0466175079	0.0904436856508	79.5	7.18666648865
-24.8753261566	-2.62907338142	0.103039070964	89	6.6533331871
-42.1531906128	28.3033943176	0.0643669292331	83.5	5.43333339691
16.3085403442	34.2842483521	0.0716248005629	91.25	4.45333337784
-38.0877609253	39.0337142944	0.0762114524841	86.5	6.19333314896
27.3662757874	31.9421806335	0.0783249288797	101	5.51333332062
-10.8966407776	-9.51981163025	0.0823978409171	91.75	7.90000009537
16.365978241	34.0672340393	0.0715888217092	87.75	4.45333337784
50.4555435181	-25.5148925781	0.100842781365	86.75	7.70666646957
-30.2205753326	-35.8551826477	0.117259070277	80	9.52666664124
-20.5725002289	-33.7122039795	0.156583636999	77	9.58666706085
-50.2179908752	24.7718029022	0.0886368006468	115.25	6.05999994278
-37.0981788635	35.0133895874	0.0973022133112	80.25	5.16666650772
-29.4478969574	25.5610351562	0.0838102996349	102.5	6.80000019073
-25.8634433746	-18.4754276276	0.0858267694712	81.75	7.1533331871
-25.8895187378	27.2753486633	0.131187453866	121.25	6.74666643143
-29.1408653259	8.59662437439	0.0880607664585	92.75	6.15999984741
-28.6237602234	-32.2531051636	0.126002296805	82.5	8.97333335876
-23.2220783234	-8.71495056152	0.135521233082	87.75	8.24666690826
-24.9811172485	36.5538749695	0.0682690367103	84.5	5.48666667938
-25.6906013489	-22.0332489014	0.0975682064891	82.25	6.46000003815
23.6978206635	34.2477149963	0.0831683203578	94.5	6.48000001907
-18.3289871216	2.66158151627	0.0930406600237	93.25	6.64666652679
16.6899833679	36.7655067444	0.0915573984385	99.5	4.50666666031
48.1704978943	-5.10803365707	0.0778969973326	90.75	9.10000038147
-16.2685470581	-29.2727394104	0.132965013385	90.25	7.32000017166
-8.65102100372	0.680051505566	0.19168831408	92.25	5.04666662216
-32.1233558655	-26.0042991638	0.101964183152	88.25	6.73999977112
-10.4082431793	-3.4068672657	0.0854373276234	94.75	5.88666677475
-4.25640106201	-4.95133733749	0.128654971719	104.5	6.83333349228
-29.5539569855	34.4365463257	0.10345710814	101	5.29333353043
-41.4668045044	30.535741806	0.0971014499664	100.5	5.09999990463
5.27965259552	40.413772583	0.110819324851	105.5	5.21333312988
-21.7241954803	-5.35416030884	0.0776481181383	86.5	7.44000005722
-17.9379367828	-28.0188522339	0.0976205021143	80	6.81333351135
50.4253120422	4.22898960114	0.0972677618265	89	9.53999996185
-2.64540314674	-31.0838375092	0.108055643737	83.5	7.45333337784
11.4540328979	36.1508598328	0.0641553848982	81.75	5.57999992371
-54.7238922119	34.2195854187	0.089330650866	88.75	5.67999982834
-33.9815254211	-15.5832872391	0.106382980943	88.75	7.29333353043
-16.2459068298	37.7940063477	0.11952662468	101	6.21999979019
-40.641418457	-24.9585227966	0.103635840118	90.5	7.53333330154
-18.8775615692	-26.1819877625	0.111000329256	83.5	6.40666675568
-32.3566474915	34.4883384705	0.0795855373144	90.25	5.33333349228
-33.7802696228	-6.73378276825	0.0851851850748	92	8.19999980927
-26.2243995667	-24.2157821655	0.166035696864	76.75	6.32000017166
40.3428535461	16.7476711273	0.104182653129	135.75	5.4266667366
-42.5821418762	-24.0857868195	0.128270044923	76	6.9266667366
-42.687877655	34.2887077332	0.0724573433399	81.75	5.0733332634
-41.6763305664	26.961517334	0.0907590761781	82.5	5.85333347321
-31.4579582214	12.7627916336	0.0878898352385	108.5	6.66666650772
-0.965089261532	36.1233291626	0.211126312613	115.75	5.8466668129
-42.5637550354	-25.1592521667	0.0889457240701	78.25	7.21999979019
-33.7884750366	10.3875350952	0.0890052393079	97.75	6.55333328247
50.5891227722	4.23068809509	0.072189822793	89.75	9.53999996185
-20.538766861	40.3804397583	0.0696528106928	81.25	6.03999996185
-38.3904495239	-26.7123565674	0.122512683272	78.5	7.44000005722
33.1842269897	31.9327926636	0.109576702118	91.25	4.55333328247
44.5312385559	-13.7648572922	0.0889936238527	80.25	7.18666648865
-36.1211624146	-28.8032684326	0.138831973076	67.75	7.67999982834
3.78797745705	52.5445404053	0.104654796422	83.75	6.66666650772
48.5729675293	4.64673948288	0.102837875485	91.5	9.40666675568
51.9977531433	-20.3400878906	0.100684538484	88.25	7.48000001907
-10.3881731033	34.2331771851	0.0892935469747	101.75	7.93333339691
-35.3533325195	23.4134616852	0.0743127986789	98	7.14666652679
18.2346878052	32.9405479431	0.0697900429368	89.75	4.80000019073
-26.2082042694	28.6866931915	0.0713063329458	93.75	6.19999980927
-15.0225629807	-1.69486439228	0.081816136837	91	5.59333324432
-40.814907074	25.0328598022	0.0673595815897	84.25	6.31333351135
2.04214215279	39.7701263428	0.184199035168	105.5	4.71333312988
-4.98418235779	35.8104400635	0.0699960663915	89	5.69999980927
-18.4450912476	-8.16060447693	0.151307329535	88.25	8.19333362579
-37.6367988586	39.2415084839	0.0779836252332	90.5	6.29333353043
-7.83301115036	-1.8493834734	0.161635458469	105.75	4.79333353043
32.1087417603	35.9314880371	0.107972376049	86	4.1533331871
-25.1313362122	1.1069226265	0.160611853004	105	6.25333356857
-29.1078701019	-33.1370010376	0.122800305486	80.25	8.97333335876
32.126209259	33.1601295471	0.138184785843	84.5	5.1533331871
-33.399646759	-13.8881406784	0.0848484858871	87.5	7.78666687012
-9.04018211365	43.9694709778	0.137943521142	95.25	7.04666662216
-58.172744751	8.44480419159	0.0588100142777	64	6.60666656494
22.3922100067	34.0793914795	0.0720684826374	90.5	6.51999998093
-33.7802696228	-6.73378276825	0.118899084628	81	8.19999980927
25.1441516876	35.6528091431	0.0760721936822	98	5.74666643143
-24.8781585693	-33.1413650513	0.113079018891	83	9.06666660309
-9.63244533539	39.8749160767	0.0770498588681	93.5	7.01999998093
15.5212335587	34.5887069702	0.073770493269	92.25	4.35333347321
19.5410957336	36.5313034058	0.101909182966	98.75	5.37333345413
-20.6173267365	-23.3713169098	0.0955926179886	80.25	6.30666685104
27.722990036	31.9597454071	0.0788687542081	99	5.61333322525
18.5626354218	33.8163795471	0.0681862086058	88.25	4.80666685104
-16.8651103973	3.72775936127	0.075005069375	92.5	6.94000005722
41.3663864136	-22.2946624756	0.10095012188	85	6.69999980927
-40.0498313904	2.76028895378	0.149141177535	89	6.26666688919
-47.9426345825	28.9790744781	0.0771479979157	85.75	5.07999992371
-12.0565767288	-1.03603303432	0.0763278976083	91.25	4.68666648865
2.88637948036	-0.950092196465	0.107894733548	92.25	5.5
-33.507183075	-2.58345365524	0.21203006804	105.75	7.17333316803
-6.92393302917	-34.4270210266	0.127310067415	77.5	8.93999958038
-5.4751791954	-24.8747024536	0.099491417408	78.25	6.32000017166
-30.182308197	35.2516136169	0.098238915205	115.75	5.28000020981
-38.2313995361	2.49433732033	0.0790546014905	97	6.2733335495
-14.7641963959	-1.44840025902	0.151823282242	108.25	5.44666671753
-27.8526077271	-20.9940128326	0.112850815058	95.5	6.70666646957
-42.2855873108	-2.02980613708	0.0720260217786	77.5	7.91333341599
29.226852417	32.4622917175	0.0765213891864	95.25	6.06666660309
-21.4143238068	45.692527771	0.131554454565	106	7.11999988556
8.58441257477	37.6996650696	0.0932460874319	99.75	5.76000022888
-29.0885810852	-12.9995107651	0.0776942372322	77.5	8.23333358765
-20.9251079559	-26.3424186707	0.131728664041	75.25	6.40666675568
-7.1858921051	-3.23723936081	0.0755776315928	87.5	5.78666687012
-32.6941299438	-14.221321106	0.0809061452746	81.25	7.73333311081
19.1635055542	36.4016532898	0.140986129642	91.5	5.26666688919
54.075138092	10.510351181	0.0862697437406	106.5	13.1133337021
24.6193943024	-43.0630493164	0.150730103254	80	11.2066669464
-34.1056365967	-5.46312141418	0.144648447633	80.75	8.26000022888
-20.6607303619	3.49583816528	0.145509660244	96	6.8466668129
19.4158725739	34.9482040405	0.0769871026278	92.5	5.21333312988
43.5878067017	-19.3850440979	0.0823650881648	79.75	5.90000009537
40.1593399048	-22.6182594299	0.100487537682	92.75	6.80666685104
49.9431877136	13.1860818863	0.0872250124812	113	5.00666666031
43.9817848206	-19.3089618683	0.0884733498096	79.25	5.90000009537
0.39041107893	38.0859146118	0.0908341929317	110.25	5.30000019073
36.8683242798	-27.831111908	0.162326395512	93.5	6.96666669846
-15.361369133	1.2577559948	0.0787508487701	87	6.04666662216
19.199464798	-39.5019950867	0.147919237614	89.75	11.4933328629
-11.9908876419	-28.4653129578	0.111392408609	88	6.91333341599
-26.6641921997	1.35923945904	0.148313686252	91.25	6.35333347321
-25.342130661	2.35372495651	0.0767022147775	93.5	6.59999990463
-32.0190696716	-2.57631850243	0.100373595953	100.75	7.01999998093
56.665851593	-6.64716243744	0.0841842517257	92.75	7.99333333969
52.8211517334	11.6480073929	0.0880037024617	95	13.6866664886
-23.6269989014	-0.552210092545	0.106865487993	86	5.95333337784
30.9077529907	-33.2353782654	0.142803028226	94.25	8.91333293915
-20.0002422333	-29.4915828705	0.119457677007	81.5	7.47333335876
-46.6027183533	20.6158657074	0.0919230803847	119.5	7.58666658401
-10.3448848724	42.0252418518	0.0851008147001	81.25	7.36666679382
-35.4387931824	21.2462501526	0.0714862644672	88.5	7.62666654587
-32.7527885437	-13.9592590332	0.0847723707557	81	7.78666687012
8.13499450684	38.3978157043	0.086975812912	98	5.7733335495
-43.1655693054	31.0686035156	0.134510293603	80	4.99333333969
-16.3383026123	-28.5708465576	0.118947766721	78	7.01333332062
-5.65054035187	-5.44564294815	0.0831717327237	96.5	7.13333320618
-12.5476465225	34.7238006592	0.201550394297	110.5	7.52666664124
-44.0110321045	-23.7724761963	0.0891861766577	80	5.78666687012
19.5937957764	33.2050933838	0.0690258592367	88.75	4.95333337784
27.4479503632	32.1584472656	0.0960743799806	93	5.51333332062
52.6518516541	4.42875003815	0.070287540555	88	9.98666667938
-7.25492858887	-0.706757247448	0.0749219581485	90	4.1533331871
-13.1505184174	-1.20069110394	0.0730593577027	88	4.98666667938
48.6185455322	-1.01519203186	0.249060660601	116	8.05333328247
33.3997993469	-29.6789245605	0.110760495067	87.75	8.40666675568
-9.20599365234	34.6485290527	0.0809924155474	98.75	7.53333330154
-11.4873628616	-35.2892723083	0.116575591266	80	9.56666660309
5.84100198746	39.3191070557	0.180902317166	103.25	5.11333322525
-24.229593277	3.09723973274	0.0888888910413	95	6.75333356857
22.8429336548	34.7603874207	0.0747663527727	88	6.81333351135
-19.4182472229	41.3298072815	0.0712322518229	77.75	6.3466668129
8.54722595215	-4.71382379532	0.103290677071	113	4.58666658401
-55.4533958435	33.7203521729	0.0760327279568	95.25	5.63333320618
32.3155174255	42.7391738892	0.075351215899	88.5	5.25333356857
-28.3118839264	-35.5200538635	0.144628092647	78.75	9.61999988556
-9.40084075928	41.2375869751	0.0730446055532	84.75	6.76666688919
18.2339744568	33.370880127	0.118549510837	85	4.75333356857
-8.08195018768	-2.25792050362	0.0982323214412	97.25	5.08666658401
-26.2726192474	-0.803882360458	0.0694012865424	83.75	6.19999980927
-7.1858921051	-3.23723936081	0.129977703094	102	5.78666687012
11.0054197311	38.5793647766	0.0759416744113	93.75	5.01999998093
22.1449718475	35.0624580383	0.0945526361465	83.75	6.05999994278
19.3398265839	31.8114929199	0.0753078907728	93.25	5.30000019073
-6.62519264221	-4.62751483917	0.0813324674964	94	6.83333349228
-11.6745700836	-7.61131763458	0.0985802337527	92	7.8466668129
32.6713752747	32.9752502441	0.0690789446235	89.25	4.95333337784
-12.8178815842	41.5833358765	0.0680367127061	85.25	6.91333341599
-29.7365474701	1.95191633701	0.0739748626947	89.75	6.31333351135
-23.1975955963	-23.2611980438	0.0958624705672	82.25	6.26000022888
34.8779067993	34.2011909485	0.0779248476028	91.25	4.46000003815
51.4672393799	-17.4906616211	0.115767776966	84.25	7.98000001907
16.1127471924	33.4074401855	0.0796460211277	87.75	4.50666666031
-16.6744384766	-27.6853313446	0.118782483041	80	6.65999984741
1.51625680923	-4.94883918762	0.117696627975	104.75	6.17333316803
-33.3405303955	41.5265769958	0.102688007057	85	6.69333314896
27.9809932709	-33.5112838745	0.116202346981	79.25	9.40666675568
35.5256080627	-30.4182014465	0.141254127026	107	7.90000009537
-37.9143486023	-23.2761631012	0.0948695912957	82.75	7.19333314896
-5.91586637497	-24.5945930481	0.115728154778	74.5	6.36666679382
5.31707525253	42.056438446	0.131316483021	98.75	6.02666664124
5.51640462875	38.120464325	0.142339736223	98.25	5.20666646957
-42.6785812378	-27.455663681	0.103299416602	83.75	7.61999988556
8.9393901825	-2.9947283268	0.0895328745246	103.5	3.1333334446
53.2773475647	-16.4505977631	0.0811871439219	82.75	9.03999996185
15.5872116089	35.3680114746	0.137917637825	88.75	4.45333337784
-34.3708839417	39.6100997925	0.0852040797472	83.5	6.29333353043
40.9507713318	-16.6182594299	0.139413416386	86.75	6.35333347321
-42.3953971863	8.21444129944	0.0713843628764	86.5	6.53333330154
-35.6073989868	-18.3342647552	0.0938371792436	92.5	6.60666656494
16.4820804596	-29.6843967438	0.106317937374	78.25	5.51999998093
-35.5982666016	-23.7432975769	0.101432986557	90.25	6.88666677475
-55.0197219849	28.2167320251	0.0714752674103	82	5.15999984741
31.3023681641	35.8820648193	0.121010638773	91	4.59999990463
44.2164077759	-14.1136770248	0.143056198955	77	7.08666658401
-36.5868110657	-28.422208786	0.0987856909633	75.25	7.67999982834
-38.9584083557	-2.78231143951	0.0820990279317	97	8.42666625977
-45.493019104	27.5920219421	0.0767757967114	100.25	5.39333343506
-45.5961761475	24.9993095398	0.0652920976281	85.5	6.20666646957
-27.5555992126	-21.0763206482	0.159123390913	83.5	6.70666646957
-30.9663581848	-14.7920322418	0.0945096984506	86.5	7.63333320618
-19.0492115021	-6.00007104874	0.0846330299973	92.25	7.73999977112
-26.5750522614	-22.2490539551	0.12049061805	83.5	6.51333332062
13.1999387741	38.9989356995	0.10765620321	91.75	4.15999984741
-23.4645595551	-22.6140651703	0.111624598503	78.5	6.36000013351
-22.3118419647	-20.277179718	0.135704874992	77.25	6.79333353043
-20.6988143921	-19.3309135437	0.104818038642	102.25	6.94666671753
-21.1544132233	-9.53246116638	0.0885572135448	89	8.24666690826
-35.293964386	-30.8227443695	0.135296821594	73.5	8.22000026703
36.1177024841	-23.3843326569	0.0948202684522	83.75	6.9266667366
-44.8957901001	31.0794200897	0.0805976465344	95.75	5.03999996185
-49.816192627	26.6466140747	0.0781101584435	82.25	5.59333324432
-14.7669801712	-26.8506202698	0.108327694237	80	6.40666675568
-42.8103256226	-2.11810302734	0.0693299546838	82	7.81333351135
27.7221488953	33.4616355896	0.0705904960632	91.75	6.36000013351
-17.7295265198	39.0376815796	0.0798231959343	76.75	5.95333337784
-36.9950294495	39.8022232056	0.0677731707692	85.75	6.38666677475
-38.2760047913	14.4363546371	0.0771144255996	100.75	7.88000011444
4.83721446991	41.7936134338	0.0899492353201	110.75	5.97333335876
35.1464271545	34.4395141602	0.0695548504591	87.5	4.65999984741
8.56321620941	-29.5078430176	0.129870131612	80	6.94000005722
11.3927507401	35.1384468079	0.0662000030279	82.75	5.2266664505
-7.33239555359	-23.9497146606	0.088959723711	76.75	6.46666669846
-40.4109230042	-27.2236785889	0.147435903549	86.25	7.48000001907
-12.5113182068	-4.0687289238	0.115189157426	102	6.47333335876
42.8456802368	-20.9436149597	0.106009453535	78.5	6.63999986649
-15.0558872223	-27.4456920624	0.103595368564	85	6.55333328247
-9.2027387619	35.4255638123	0.0756779462099	90	8.03333377838
-36.8269004822	21.3976402283	0.083483479917	104.25	7.53333330154
-9.20899772644	-29.5181427002	0.109523810446	80.5	7.11333322525
7.62517690659	-28.6902923584	0.116537183523	78.75	6.98666667938
-18.6657505035	-1.61895906925	0.083198517561	90	5.8466668129
4.87558841705	40.9074440002	0.124528303742	107.25	5.41333341599
-27.5290203094	0.19441871345	0.0718396902084	84.25	6.20666646957
17.3917884827	37.719127655	0.0788020417094	92.75	4.61333322525
-35.4070549011	25.1503486633	0.0997883304954	82.5	6.51333332062
38.2942352295	-35.2448387146	0.122838616371	85.25	9.06666660309
-31.6992359161	-26.7714767456	0.115193642676	87	6.94000005722
40.6350059509	18.0339279175	0.0930810421705	121.75	5.88000011444
-12.5054750443	-3.74027252197	0.184143215418	108	6.17333316803
-49.7859039307	33.6025314331	0.0933793410659	108.25	5.52666664124
-30.748456955	-1.64796054363	0.0955145135522	90.5	6.71333312988
-26.2652988434	-15.6417570114	0.116939887404	80.25	7.63333320618
-34.6259078979	21.3065509796	0.0893266126513	97.5	7.62666654587
7.69216775894	40.950378418	0.120492272079	105.25	5.12666654587
17.0952167511	33.9824409485	0.131608128548	89	4.45333337784
44.4140663147	-14.2996778488	0.123758591712	81	6.94000005722
-42.7425117493	-24.6788864136	0.107544675469	81.25	7.0733332634
23.2334880829	35.559879303	0.0750538930297	95.75	6.45333337784
-9.29254341125	35.315612793	0.0844965130091	84.75	7.98666667938
-12.953253746	-24.7899341583	0.111535787582	80.25	6.31333351135
17.2514152527	42.0002670288	0.0962732955813	108.5	5.36000013351
-27.0463504791	24.8844566345	0.106663353741	107.25	7.39333343506
-27.2941093445	-17.4401721954	0.109511889517	87.5	7.24666643143
51.4436798096	4.41547250748	0.079158090055	86.5	9.88000011444
-15.4991846085	-27.1621055603	0.154755786061	75.25	6.45333337784
-16.1539745331	2.81987047195	0.148800000548	93	6.78666687012
8.51630878448	-30.0147590637	0.114759884775	81.25	6.94000005722
-2.05722928047	-4.70351648331	0.0865364000201	100.75	6.47333335876
-20.4819278717	39.8850250244	0.0761789605021	78.75	5.99333333969
-33.4138336182	21.1652297974	0.0784090906382	103.5	7.71999979019
-7.07539510727	-7.2601518631	0.0844414904714	95.25	7.48666667938
31.1164073944	44.6533050537	0.079294167459	88.75	5.23999977112
-46.9257011414	14.9863824844	0.105567224324	100.5	8.27999973297
20.3032550812	33.0171546936	0.0807658433914	91.75	4.85333347321
-8.67496871948	-3.9763944149	0.0940366983414	102.5	6.44000005722
32.0189628601	-31.5847644806	0.129471227527	83.25	8.66666698456
-32.5463294983	39.849357605	0.0772340446711	90.75	6.19333314896
16.0660896301	31.7031898499	0.0683170184493	89	5.05999994278
-31.5824718475	-34.4792060852	0.123840257525	76.75	9.17333316803
46.908996582	2.89017558098	0.11338070035	95.75	8.67333316803
-2.48354482651	-28.8444252014	0.105279795825	83.25	6.51999998093
-19.3999061584	36.1834259033	0.171900823712	104	5.76666688919
-29.6748085022	-25.2152118683	0.0912200659513	80	6.53999996185
13.3504705429	-24.702878952	0.108820162714	95	6.9266667366
-38.9585456848	-23.6135406494	0.0969678759575	80.75	7.33333349228
-29.2237682343	27.6166305542	0.10286873579	88.75	6.09999990463
-28.8859348297	-14.301530838	0.110538192093	85.75	7.98666667938
-45.1171188354	19.7009544373	0.0924207270145	119.5	7.82666683197
-38.5188522339	-23.4963588715	0.088121548295	79.75	7.28666687012
-17.869594574	39.8932647705	0.0948143601418	77.25	5.90000009537
-32.4455528259	25.5957431793	0.104811526835	85.5	6.55999994278
50.1760902405	4.84029150009	0.0876250937581	89.75	10.4333333969
-26.952796936	8.6505613327	0.155115514994	94	6.16666650772
-12.6869754791	-14.2735652924	0.0965996906161	93.75	7.68666648865
-24.6150436401	46.5919876099	0.14697855711	94.25	7.46000003815
30.9509811401	-31.106136322	0.110959835351	81.5	8.65999984741
-44.5216178894	36.9285812378	0.0801886767149	85	6.15999984741
20.0734539032	36.7829589844	0.0817880183458	104.75	5.57999992371
-10.677781105	-26.2810649872	0.11018422246	79.25	6.36666679382
-9.04095077515	34.9770393372	0.130358189344	111	7.57999992371
18.0928268433	31.453414917	0.0805957093835	92	5.14666652679
-27.7274398804	-0.722385346889	0.0827329754829	89	6.26000022888
-46.765537262	28.2840213776	0.108532421291	119.25	5.18666648865
-48.2300605774	33.7040328979	0.0886624231935	87	5.4266667366
26.0728302002	32.5179176331	0.0781534686685	96.5	5.42000007629
-42.8302383423	-24.2933063507	0.13308301568	79.75	6.97333335876
-13.9829740524	39.143661499	0.073421113193	82.25	6.66666650772
-20.0134544373	-27.291967392	0.129535868764	76.75	6.70666646957
41.9974555969	-35.1710929871	0.124074071646	83.75	8.71333312988
-20.3160648346	39.7550010681	0.0679515227675	85.5	5.99333333969
46.0270309448	-10.3365974426	0.0774959251285	83.25	6.29333353043
-8.35813140869	36.1981811523	0.0805225670338	84.75	7.47333335876
-13.8543844223	-31.5710735321	0.127496153116	83	8.31333351135
-23.5705776215	36.5980224609	0.0660703405738	81.25	5.49333333969
53.6416549683	1.61534929276	0.0736221298575	90.5	8.08666706085
43.8469619751	-10.6371278763	0.0914259701967	100.5	5.99333333969
-9.51676559448	35.4317932129	0.0860268548131	86.5	8.08666706085
50.6443214417	7.57758569717	0.0757424756885	95	13.4600000381
53.0464134216	-18.4023399353	0.0823620855808	79.5	8.33333301544
-14.5918970108	-1.20219421387	0.0914160981774	94.25	5.29333353043
18.48097229	38.7084541321	0.085740275681	94.25	5.06666660309
-28.1438865662	-7.59484004974	0.0755265057087	78	8.09333324432
-31.3140468597	-3.24519467354	0.102320380509	91.5	7.01999998093
19.723274231	34.0784645081	0.0731343254447	85.75	5.05999994278
-0.433141887188	-4.94850540161	0.0839596316218	97.75	6.4266667366
-28.6641368866	-12.9036178589	0.103377386928	88	8.27999973297
12.8330764771	-24.3141822815	0.109558410943	98	7.2266664505
-35.8725090027	25.0754852295	0.16318204999	80	6.46000003815
-0.350919634104	-2.90555477142	0.0953771322966	98	5.43333339691
-11.0073652267	42.4305839539	0.129287600517	85.75	7.15999984741
31.4626998901	33.8846664429	0.077484048903	85	5.1533331871
35.7760276794	26.5423755646	0.0726387500763	93.25	5.21999979019
46.29504776	12.4461841583	0.0847323685884	107.25	6.24666643143
-10.4151363373	-26.4702167511	0.126414358616	81	6.41333341599
21.9829292297	36.2945594788	0.0713730081916	91.75	5.7266664505
-45.8312034607	33.7440795898	0.118927970529	88.75	5.46000003815
-3.93706798553	35.5757064819	0.12338501215	95.5	4.99333333969
-40.2775115967	34.3392448425	0.0697379559278	82.5	5.21333312988
13.9444046021	43.5759162903	0.0921670347452	93.25	4.71333312988
-1.4828081131	-0.705621659756	0.124628201127	104.75	5.24666643143
27.8446731567	34.3434715271	0.075218655169	96.75	7.31333351135
-32.4144439697	23.4762058258	0.0792589783669	103.75	7.13999986649
-9.07599258423	-28.2135047913	0.10000000149	78	6.46000003815
11.1781349182	41.9187965393	0.109843790531	110.75	4.97333335876
-9.679728508	34.3280754089	0.0893699079752	104.25	7.58666658401
37.365737915	22.7423877716	0.0929079577327	107.75	5.82666683197
40.8640823364	-20.1060829163	0.0832678675652	79.5	6.19999980927
-17.6918716431	-0.137022688985	0.082246042788	88.25	5.30000019073
-15.0729417801	-28.7370643616	0.168993026018	84.75	7.11999988556
-37.2848625183	-23.9179058075	0.0928809791803	83.5	7.23999977112
22.1784305573	36.189617157	0.0945765450597	88.5	5.7733335495
-3.45545864105	-29.5536155701	0.112813822925	86.5	6.66666650772
-30.8374500275	27.2927093506	0.069992415607	92.25	6.10666656494
-9.47652626038	-31.0584392548	0.110962115228	82.75	7.81333351135
-11.7226200104	40.7940368652	0.148434326053	91.25	7.2266664505
-16.0299530029	-27.9647903442	0.098719149828	79	6.70666646957
-34.6525535583	-16.4962749481	0.0933186113834	84.5	7
-16.3043212891	-0.711505651474	0.0803092122078	93.5	5.25333356857
13.5500049591	-24.0452842712	0.145800933242	93.75	6.57999992371
-20.1693954468	-25.6405582428	0.101571947336	84	6.26000022888
-29.9888553619	-14.0656051636	0.0956292152405	81.5	7.93333339691
-10.9730901718	34.6855125427	0.0823575332761	105.5	7.88000011444
-25.8475017548	27.8694267273	0.0781825631857	95.5	6.5
-31.6899776459	-4.51041269302	0.134083598852	104.25	7.46666669846
-11.7926607132	34.5945472717	0.167866617441	110.75	7.7266664505
47.097240448	-13.1268768311	0.0743099823594	78.75	4.10666656494
-29.6133842468	-0.306580066681	0.0830585360527	100.75	6.26000022888
-18.95977211	41.0568885803	0.0687437206507	85.5	6.30000019073
-16.1313686371	0.60193169117	0.131011605263	98.75	5.55333328247
-11.3472385406	-19.8721561432	0.11202185601	82	6.69333314896
-20.7161808014	-25.3686103821	0.110680297017	78.5	6.26666688919
-31.7495346069	27.5351161957	0.0799750760198	96.25	6.00666666031
-27.8369159698	-12.7996082306	0.170634925365	96.75	8.33333301544
54.8796310425	8.19474220276	0.12882822752	96.75	12.1800003052
-20.0959644318	-19.1368274689	0.0921757742763	86	6.99333333969
-25.503578186	-22.1201171875	0.0983297377825	91.25	6.46000003815
-59.7101707458	25.6615753174	0.0926565900445	107.25	5.42000007629
-11.2571811676	-13.5735063553	0.15566290915	72.5	7.63999986649
-41.7564582825	3.97242236137	0.192230075598	95.25	5.80666685104
-13.1590385437	35.1837463379	0.103885367513	94.25	7.17999982834
14.8764305115	35.5694885254	0.175560295582	82.25	4.55333328247
-24.8457794189	-0.885131895542	0.0875763744116	86	6.05333328247
49.4243812561	12.6287565231	0.0919412299991	103.25	5.63333320618
-24.4179458618	-32.7974815369	0.159659400582	75	8.96666622162
-34.8660049438	-13.9268636703	0.095760025084	83	7.59333324432
-15.2525310516	-28.0436000824	0.122847303748	80.25	6.70666646957
-33.4978523254	-31.8798694611	0.153081506491	77	8.67333316803
-16.766866684	43.6846847534	0.0668971091509	82.25	6.53999996185
-24.6370716095	-21.4439506531	0.12549328804	79.5	6.6533331871
-16.5620479584	0.109486944973	0.10255754739	100.25	5.25333356857
32.3569259644	31.7799186707	0.151486992836	81.5	4.90000009537
49.4205169678	13.9836654663	0.0912401750684	119	6.09333324432
6.20014095306	-30.0855255127	0.109764792025	77	6.84000015259
7.15766429901	38.38073349	0.102118968964	100	5.41333341599
-17.1415233612	40.6047363281	0.0753441229463	78	6.04666662216
-11.6842212677	-10.1107330322	0.100291542709	86	7.90000009537
-53.1720809937	5.84967279434	0.067861713469	79.5	5.86666679382
-36.4041252136	-28.310798645	0.144152745605	75.5	7.57999992371
-33.1351356506	23.888677597	0.0724523887038	92.25	7.04666662216
10.2009239197	-30.2478313446	0.0981944873929	77.5	6.98666667938
-28.5244064331	-31.4014148712	0.114796869457	77	8.52666664124
35.2781066895	34.6701431274	0.0696769207716	89.5	4.86000013351
36.9954566956	-33.384967804	0.129889860749	85.5	8.42000007629
-24.9846973419	-22.1032905579	0.0981142371893	89.75	6.46000003815
-28.6701755524	-5.24207448959	0.0867647081614	88.5	7.55333328247
-10.3139514923	-15.1957015991	0.0900460332632	78.25	7.38666677475
-2.3732624054	-0.868570506573	0.10495403409	102.75	5.09333324432
-30.8412342072	-1.06144797802	0.0899683237076	106.5	6.51333332062
11.5910758972	35.702507019	0.0661836713552	84.5	5.32666683197
-11.3196344376	-32.8840141296	0.111680328846	81.75	8.71333312988
-6.28206539154	-2.82753157616	0.105493307114	96.5	5.48666667938
-15.3795251846	-12.6799640656	0.0818005800247	84.5	8.09333324432
-29.1651439667	26.427482605	0.0839614719152	100.25	6.55333328247
-29.5550880432	36.576587677	0.0667808204889	78	5.51999998093
-7.36155414581	-4.3831911087	0.0897465720773	96.5	6.68666648865
8.09889793396	-29.7034378052	0.108646735549	84.5	6.89333343506
13.3029747009	-24.3232822418	0.13471314311	92.75	6.88000011444
43.7781486511	-42.8036842346	0.162344396114	78.25	9.89333343506
-17.2530212402	41.3625106812	0.0672788992524	84.25	6.14666652679
-28.9265422821	9.44407558441	0.0809225961566	103.5	5.94666671753
-49.3945732117	35.4790382385	0.081009298563	76.25	6.16666650772
-12.1840305328	-4.56062507629	0.0800685063004	93.5	6.82666683197
-34.685546875	-30.3703937531	0.139393940568	69	7.92000007629
-13.7829704285	39.2579994202	0.128479659557	90	6.66666650772
0.701193511486	-1.764326334	0.0970096513629	103	5.08666658401
-20.3831825256	40.6214904785	0.0655537471175	80.5	6.09333324432
-14.149605751	43.5831756592	0.0714869275689	87.5	6.74666643143
7.84487485886	37.8030548096	0.0800821334124	97.5	5.45333337784
-10.1873903275	40.5046310425	0.118920840323	83.75	7.2266664505
-25.0433139801	1.60499119759	0.136380955577	89.5	6.45333337784
-11.3317422867	-3.81900215149	0.133009701967	102.75	6.23333311081
-43.0653152466	-23.6262950897	0.116678595543	81.5	6.33333349228
-12.8029308319	-10.2871580124	0.0793577954173	86.5	8
45.5705299377	-8.91697788239	0.100679434836	81.5	7.78666687012
43.9351348877	-14.1047210693	0.132176786661	80	7.03999996185
14.4441127777	32.9273872375	0.0692982450128	79	5.00666666031
-16.3362426758	-25.7261104584	0.125279635191	84	6.25333356857
-49.1575737	33.333442688	0.0774620473385	99.5	5.33333349228
-9.17991924286	37.594707489	0.0731871053576	81.75	7.67333316803
-33.5614891052	-14.6851911545	0.14140227437	90.25	7.53999996185
-47.3895492554	18.0301132202	0.0958503782749	123	8.11333370209
24.1276836395	33.5032691956	0.0737531259656	95.75	6.23333311081
-1.08112668991	-3.88531827927	0.0859060436487	96	5.98000001907
11.0909633636	39.0603904724	0.113683246076	124	4.61999988556
-14.3677997589	40.7512283325	0.0670991316438	82.75	6.55999994278
-27.2366943359	-0.305372655392	0.0674974024296	81.25	6.20666646957
-26.972284317	2.27632522583	0.194958850741	94.75	6.40666675568
-17.0071773529	-1.9448646307	0.134670481086	94	5.89333343506
-53.1279754639	26.1489429474	0.0846357271075	88	5.63333320618
-5.93978023529	-34.8544692993	0.119374521077	78.25	8.98666667938
-4.79413604736	-25.9189796448	0.138605058193	78	6.32000017166
7.24055767059	-5.61347818375	0.0964115858078	111.5	5.13333320618
-25.5102653503	-1.05216753483	0.0699126124382	84	6.19999980927
-6.59037303925	-27.9819583893	0.0978851988912	81	6.42000007629
-9.88418865204	43.9900131226	0.0818091928959	82.75	7.09999990463
-19.0246086121	-37.5889282227	0.173957273364	85.5	10.0200004578
20.6679496765	34.666217804	0.0672074183822	87	5.46666669846
-14.5822143555	-11.2293729782	0.0891850367188	87	8.046667099
7.73927259445	40.4521789551	0.0806652829051	97	5.12666654587
-11.8649129868	42.5850830078	0.0857538059354	93	6.80666685104
-4.92739534378	-30.2767333984	0.1113294065	85	7.11333322525
45.5108985901	-13.705915451	0.124563448131	80.25	6.48666667938
13.6015863419	33.9839553833	0.0837500020862	83.75	4.91333341599
0.384238898754	37.0367774963	0.100773431361	110.75	6.19999980927
-51.7254104614	32.6527519226	0.0743283033371	94.75	5.33333349228
-57.0326919556	8.23992824554	0.0653777122498	82	6.71333312988
-24.182970047	-23.1049747467	0.139472514391	78	6.32000017166
-22.8524990082	36.5635032654	0.0632665008307	81.25	5.54666662216
4.19032669067	-2.98879766464	0.104488246143	110	4.98000001907
29.7476177216	34.2266845703	0.0860397443175	88.75	5.96000003815
-31.2832107544	-11.6607351303	0.0802392214537	80.5	8.38666629791
-42.99634552	-24.8883419037	0.117582015693	79.75	7.0733332634
-11.8502502441	-27.3742847443	0.128688529134	78.5	6.46000003815
2.02980828285	-28.2450389862	0.0964014530182	73	6.52666664124
-41.8990516663	-2.02806782722	0.0669876486063	80	8.11333370209
-31.6618385315	23.6350574493	0.071615897119	88.75	7.13999986649
-29.1220436096	-1.39257001877	0.167253524065	95	6.55999994278
-21.9570960999	41.1998138428	0.107934467494	84	6.13999986649
-18.5159912109	-37.802280426	0.137231975794	88	9.96666622162
15.8681097031	32.7555770874	0.0818634107709	90.5	4.76000022888
-5.31102705002	-4.13406133652	0.0925036072731	96.25	6.38666677475
-10.9735565186	-1.60750639439	0.137128069997	106	4.82666683197
-10.9839420319	43.482624054	0.109123975039	90	7
13.3991975784	-25.0842952728	0.13919557631	88.25	6.9266667366
14.1776361465	43.9869728088	0.104446016252	111	4.80666685104
34.8378868103	-31.6392383575	0.119176231325	88.25	8.35333347321
-15.6681451797	-16.1310825348	0.0872317031026	79.25	7.58666658401
25.4581336975	34.0022163391	0.0702974125743	91	5.56666660309
-51.2016067505	-35.8942260742	0.116515234113	54.5	9.57999992371
-45.6363677979	24.8047351837	0.0669623091817	75.5	6.30666685104
-9.39506816864	-1.19749224186	0.0762284770608	90.75	4.43333339691
12.1052789688	34.3823242188	0.0763374939561	90.25	5.01999998093
-37.8223991394	32.7503929138	0.105902284384	93.75	4.98000001907
-13.7496929169	44.3786087036	0.0841903835535	88	6.74666643143
-12.9945306778	41.3349609375	0.138528138399	88	6.81333351135
-8.15782546997	-0.870257437229	0.0772477835417	91.5	4.14666652679
-10.8850717545	-19.6862754822	0.0920193120837	81	6.69333314896
34.7714309692	-32.2744369507	0.137698277831	102	8.453332901
-37.2262001038	39.0898323059	0.104418888688	86.25	6.19333314896
47.6350326538	-5.62538051605	0.0839281827211	97	9.34666633606
-52.7567520142	33.0618553162	0.0708553567529	90.5	5.33333349228
1.67150449753	-0.379946619272	0.0907981470227	93	5.75333356857
2.88675308228	-1.27591204643	0.0760754421353	89.75	5.30000019073
-21.5821895599	-9.11633968353	0.0855866447091	91	8.29333305359
-37.3736801147	-3.96393990517	0.0794207975268	90.5	8.62666702271
-26.3070659637	-13.2873296738	0.0842682644725	84.5	8.27999973297
-16.6549510956	40.9603385925	0.0735520794988	83.5	6.09999990463
34.9246406555	44.264831543	0.132887586951	79.5	4.88666677475
-42.6712265015	-25.3618659973	0.105561107397	79.25	7.2733335495
-17.7730484009	-33.8243141174	0.113809853792	82	9.26666641235
-42.0483627319	-23.5742053986	0.168392375112	77.25	6.88000011444
-22.7953948975	-24.6688022614	0.0948948934674	79	6.16666650772
15.5412359238	-28.950214386	0.103916615248	82.25	5.81333351135
26.043088913	35.8117675781	0.111713342369	92.75	6.69999980927
-36.8430404663	-4.64040470123	0.0754378065467	84	9.17333316803
-19.7014942169	-19.0380344391	0.0928067713976	82.25	6.99333333969
-10.3000488281	42.4118690491	0.0886319875717	80.5	7.40666675568
-7.99393796921	-1.03336942196	0.0738030523062	88.25	4.24666643143
-31.9388313293	-13.675784111	0.108716323972	85.75	7.98666667938
4.2651257515	0.597362816334	0.0798868089914	91.75	6.45333337784
36.4088478088	23.1749038696	0.0869843959808	101.75	5.42000007629
-30.9646472931	36.3171958923	0.0695232078433	82.75	5.42000007629
-25.140668869	-20.4487438202	0.0824419483542	79	6.80000019073
-32.982963562	34.194480896	0.0881748050451	85.75	5.28666687012
45.6809387207	-15.5172462463	0.0803316906095	77.5	5.95333337784
-1.49973535538	36.9239120483	0.0853487923741	106.75	5.94000005722
19.6757888794	37.3442001343	0.099120080471	95.75	5.32666683197
18.2323684692	41.6579589844	0.146559998393	114.5	4.96000003815
-15.5410470963	-2.10620856285	0.119833484292	100.75	5.79333353043
-17.7376556396	3.73123764992	0.0683268159628	83	6.89333343506
1.26968836784	-3.47698163986	0.11055803299	105.5	5.5733332634
-19.9083633423	-13.0849056244	0.0763358771801	80	8.23999977112
17.6024456024	-40.0460243225	0.138876795769	79.75	11.1933336258
-36.8659667969	-25.6453647614	0.118412047625	86.5	7.28666687012
7.10475921631	39.8249931335	0.0958969444036	100.5	5.23333311081
-18.9443721771	-37.7025604248	0.145901635289	89	10.0200004578
-23.7192249298	-0.386593163013	0.0658833384514	78.5	5.90666675568
-17.2111282349	41.6147842407	0.0709716081619	88.75	6.19999980927
32.1272163391	-31.2743606567	0.131130069494	92.25	8.61333370209
43.4834594727	-19.4736309052	0.0869453027844	84.25	5.90000009537
-24.0973339081	-31.8257522583	0.102284014225	77.25	8.7266664505
-13.8964233398	-27.5163478851	0.123604469001	77.5	6.55999994278
-45.039604187	33.7958641052	0.0687728747725	89.25	5.31333351135
-37.6987342834	-25.7859172821	0.114325068891	83	7.38666677475
-24.3949661255	-23.5827350616	0.112162165344	83	6.21999979019
-4.97092485428	-1.35808622837	0.138880193233	111	4.89333343506
40.2223052979	-5.96132087708	0.0948211178184	94.75	7.88666677475
-16.8782405853	38.88438797	0.0686334744096	83.75	6.05999994278
-13.8744955063	44.383026123	0.0926724150777	96.75	6.74666643143
41.5598983765	-22.1136341095	0.126206099987	81.75	6.64666652679
-28.6646461487	-14.2088804245	0.0828328356147	82.75	8.03333377838
-8.82435512543	36.548500061	0.0720127671957	90.25	7.87333345413
4.47470140457	42.9574890137	0.0884311273694	106.25	6.61333322525
-0.901701211929	-30.9745025635	0.107748582959	81	7.30666685104
-44.310710907	34.5194396973	0.0998972803354	97.25	5.26000022888
-14.5608434677	42.4128417969	0.0712957233191	86.25	6.59999990463
-51.5088920593	18.0211753845	0.0917068868876	104.5	8.02000045776
-37.3187446594	39.2176513672	0.140690177679	92.75	6.23999977112
-41.2496910095	1.65420973301	0.0895748957992	88.5	6.76666688919
-21.3371677399	-33.3097763062	0.117173194885	80	9.33333301544
6.1726026535	38.2473068237	0.0795766338706	101.5	5.1533331871
-28.7277984619	-4.48719263077	0.111756935716	105.75	7.36000013351
-46.2535324097	35.7979393005	0.072792366147	91.5	6.05999994278
-18.0634822845	40.8924865723	0.125286474824	82	6.09999990463
-25.2225723267	-0.719559550285	0.0939903184772	82.5	6
13.6853322983	38.6545524597	0.0770176127553	94	4.00666666031
-48.9410629272	35.215297699	0.0852594822645	97.75	6.01999998093
11.6486310959	38.4769592285	0.0797518864274	90	4.86666679382
10.4744501114	41.2634735107	0.0709248408675	88	5.43333339691
-9.32777500153	-29.7227840424	0.119569256902	80.5	7.31333351135
32.4231033325	-32.4587631226	0.117586910725	86.25	8.76666641235
-29.5800132751	28.9403915405	0.0908326357603	108	5.74666643143
37.6907463074	-34.9787750244	0.144620805979	82	9.01333332062
-17.921546936	4.06209802628	0.0880765467882	89.75	6.94000005722
19.3850688934	38.9863395691	0.106307774782	97.75	5.42000007629
-42.7245597839	-26.2557754517	0.103478774428	87.75	7.37333345413
40.8818588257	-19.4562759399	0.0842187106609	81.25	6.14666652679
-39.1233062744	-24.5880451202	0.118532113731	80.75	7.48666667938
-31.2106170654	-23.6481113434	0.12808842957	98.5	6.47333335876
-53.9385719299	-35.5509223938	0.170338526368	79.25	7.2733335495
21.7117958069	35.8284873962	0.0711646899581	91.5	5.7266664505
-25.8861236572	0.110808826983	0.065199509263	79.25	6.10666656494
-9.49137878418	-24.6363964081	0.0880450084805	78.25	6.36666679382
33.6462059021	-26.7659072876	0.120916135609	89.75	7.46666669846
-15.1882162094	-0.956780672073	0.076601959765	91.75	5.24666643143
-9.62155342102	35.4339179993	0.103985056281	83.5	8.08666706085
-17.8479099274	36.236492157	0.232367143035	120.25	5.96666669846
-37.9537887573	21.0709934235	0.0792977064848	102.75	7.57999992371
30.6906967163	35.1691856384	0.103299856186	90	5.19333314896
-40.5144691467	32.7110366821	0.135291278362	70.25	5.02666664124
-11.3807964325	43.0958328247	0.0700623691082	84.25	6.95333337784
-24.6460018158	-26.2775821686	0.133004918694	81	6.56666660309
-36.2640686035	-25.4195995331	0.106931380928	76.75	7.18666648865
-32.1222648621	40.0659484863	0.11688311398	87.75	6.24666643143
-36.1866798401	-19.0862522125	0.126479282975	85.5	6.55999994278
-31.5663566589	-1.14674961567	0.112181864679	113.5	6.61333322525
-45.1600952148	-25.3034915924	0.0987903252244	85.75	6.23333311081
-7.08551836014	36.0635910034	0.0702831149101	88.75	6.63999986649
-26.1054019928	-33.9611244202	0.109369300306	75	9.36666679382
40.1164627075	17.6486968994	0.0879702195525	112.25	5.98000001907
-5.34348869324	-32.2549781799	0.130452021956	82.25	8.10666656494
13.2135953903	40.0938224792	0.170140579343	87.75	4.17333316803
16.3545379639	34.9476852417	0.072102829814	89.75	4.5
-12.3454790115	-12.9871749878	0.108460560441	85.25	7.79333353043
13.7351970673	-25.4735908508	0.107911489904	89	6.93333339691
-27.6916694641	-30.7333850861	0.107764877379	74.25	8.2266664505
-26.465007782	-0.80412364006	0.0977554619312	82.75	6.25333356857
-26.491109848	-17.5075187683	0.122113369405	87.25	7.24666643143
-40.7217025757	-27.543176651	0.128254204988	83.75	7.53333330154
-8.99869823456	-3.40392160416	0.157558828592	98.75	5.94000005722
-34.7340583801	33.5333938599	0.0691423863173	84.25	5.28666687012
-9.33867645264	37.949344635	0.069464251399	85.25	7.7266664505
-7.42338848114	-23.9507083893	0.0881828963757	74.25	6.46666669846
-8.29002380371	35.6326560974	0.0974955260754	81.75	7.36666679382
-18.4807338715	-0.219429671764	0.158114790916	104	5.45333337784
17.5585689545	38.3145065308	0.0751864537597	93.25	4.96666669846
-41.1228904724	35.5214500427	0.0850845724344	83	5.41333341599
-20.9224510193	-14.7417936325	0.0821816399693	83.25	8.03333377838
47.7391548157	12.7574605942	0.102570831776	97.75	5.89333343506
-32.6492233276	25.5076313019	0.0599315054715	78.75	6.55999994278
-18.4675235748	-27.1457214355	0.0913390517235	77.25	6.55333328247
-28.5158901215	-21.9438877106	0.0997398123145	86.25	6.56666660309
-15.9595088959	-0.711259901524	0.0844768434763	98.5	5.1533331871
-32.5088500977	-20.4204940796	0.154721274972	102	6.71333312988
44.715171814	-34.1411170959	0.116188451648	82	8.11333370209
-24.2780189514	-16.2108478546	0.0821315050125	84	7.53333330154
32.8975334167	42.5213165283	0.108253590763	90.5	5.30000019073
29.2072372437	35.7585792542	0.151125401258	82.25	5.3466668129
-57.0124282837	32.1909866333	0.087397262454	79.75	5.28666687012
-27.5755252838	-24.4573669434	0.112541250885	85.25	6.38000011444
-22.310464859	38.6419448853	0.0670501887798	84.5	5.8466668129
-41.8471374512	27.777173996	0.0687251016498	86.25	5.63999986649
-39.8838272095	30.5404415131	0.0784030780196	81.5	5.1533331871
17.1299858093	38.416633606	0.0759467333555	91.25	5.06666660309
11.9627094269	38.9632835388	0.0769700706005	94.5	4.36666679382
-50.2414855957	7.48178577423	0.107782371342	78.25	6.78666687012
34.47605896	33.9556846619	0.0722821876407	93.75	4.35333347321
-46.3212661743	24.6465339661	0.0747539773583	98.75	6.30666685104
-8.74324703217	35.0824775696	0.124581627548	83.75	7.48000001907
19.2504787445	33.9510154724	0.0838425830007	85.75	4.96000003815
4.14531040192	-29.3564071655	0.149518504739	73.75	6.83333349228
-6.93318414688	-2.25668358803	0.147857144475	103.5	5.13999986649
27.9971618652	34.1314353943	0.148550719023	92.25	7.06666660309
-25.4127101898	0.775137126446	0.0785681083798	84.5	6.20666646957
-25.021938324	-26.8794498444	0.136944070458	77.75	6.71999979019
-52.6355934143	-36.2452201843	0.129919752479	85	9.37333297729
48.8683509827	11.8940439224	0.0939582437277	105.75	5.64666652679
46.7748413086	-4.65589857101	0.0778609588742	91	9.05333328247
-44.9801940918	-26.7869415283	0.102286398411	85	7.12666654587
21.4664878845	-35.0698814392	0.123789019883	86.25	7.71333312988
-18.9531269073	-12.6422700882	0.154365897179	74.25	8.18666648865
37.0375213623	-27.6390953064	0.120766334236	88.25	6.92000007629
-45.7197036743	24.416891098	0.0897786617279	90.25	6.40666675568
-42.3891487122	29.6551380157	0.066577129066	86.75	5.21333312988
-37.0870933533	37.4161376953	0.0725477561355	84.5	5.69999980927
10.6138696671	34.1287155151	0.0680416375399	88.25	5.31333351135
-32.9848747253	39.8796081543	0.0718085095286	87.75	6.19333314896
3.54148769379	39.1730537415	0.0778264328837	97.75	4.95333337784
-36.7933387756	21.3025569916	0.0747006237507	98.25	7.57999992371
-14.7598829269	-0.710444331169	0.0673994198442	81.25	5.04666662216
17.5017547607	33.8874130249	0.147450625896	80.25	4.55333328247
-55.1911621094	8.8289937973	0.0693912282586	81.5	7.09333324432
-29.4192390442	-1.14243066311	0.169344335794	97.5	6.51333332062
-21.2466087341	-15.0956792831	0.0841487273574	86	7.98000001907
-41.3465118408	-22.9621868134	0.0837234929204	76	6.87333345413
-30.1442718506	-32.4397010803	0.120374135673	74	8.97333335876
-8.33679962158	-18.586894989	0.115690529346	80	6.89333343506
-11.525349617	36.1526222229	0.084769539535	105.75	7.62666654587
0.37815991044	-3.47681856155	0.0959643349051	102.25	5.67999982834
32.8975334167	42.5213165283	0.146942362189	83.5	5.30000019073
-39.4261703491	34.3911476135	0.114608280361	83.75	5.26666688919
-11.6125802994	39.0740280151	0.118093922734	85.5	7.28000020981
-19.7872600555	-27.1863193512	0.136488974094	74.25	6.70666646957
-16.7355804443	-0.383276969194	0.0798586606979	84.75	5.19999980927
14.4599609375	-25.2022628784	0.113443955779	83.75	6.57999992371
-7.02120685577	-3.15526247025	0.0740975290537	87.75	5.68666648865
-40.8987770081	-27.3519706726	0.109125718474	85.5	7.43333339691
-34.0290489197	-16.7454910278	0.0798975676298	78	7
-38.928478241	14.1001882553	0.078439027071	100.5	7.82666683197
18.7368164062	34.4796943665	0.126623377204	97.5	4.90666675568
-29.1836700439	38.6627120972	0.0747180432081	79.5	5.55999994278
0.182264700532	39.7652130127	0.114749662578	106	4.67333316803
-30.1159572601	9.12198352814	0.0709538683295	90.75	6.19333314896
2.88698101044	-1.43884527683	0.0801916271448	96.25	5.24666643143
6.69965362549	38.136920929	0.174954786897	96.75	5.20666646957
-8.32822608948	-2.17652535439	0.131511256099	102.25	5.03999996185
-16.60978508	41.2102279663	0.0699503347278	84.5	6.14666652679
-3.58917069435	-1.03169190884	0.0803422406316	96.25	4.94666671753
-11.3865432739	-0.79023784399	0.0806586071849	96.75	4.48666667938
-5.81169128418	-5.19981002808	0.0933782234788	104	7.03333330154
-20.3717517853	-29.3015785217	0.125434190035	81.25	7.37333345413
1.06805562973	40.3816184998	0.1640625	115.5	4.42000007629
-7.18876409531	-3.56431865692	0.0760084912181	89.5	6.08666658401
-25.6656951904	-16.2439289093	0.0806279927492	75.75	7.58666658401
-11.3586788177	-32.4589614868	0.111374408007	82.25	8.56000041962
16.3742599487	33.6322135925	0.0721192583442	89.5	4.45333337784
48.6349716187	12.1561546326	0.089791662991	107.75	5.09333324432
41.7074928284	-44.6142997742	0.158079043031	79	11.046667099
-4.08863067627	-36.4056015015	0.16338673234	89.25	9.43333339691
15.6534547806	34.7032699585	0.0806652829051	97	4.35333347321
7.81942510605	39.3507156372	0.0950382649899	96.25	5.38666677475
18.946893692	39.4506149292	0.0786749497056	95	5.51333332062
12.8724479675	36.3014984131	0.146566897631	83.25	5.4266667366
-51.8882331848	32.2292861938	0.0861020088196	92	5.29333353043
-14.3459119797	-10.1326131821	0.136580005288	93.25	8.05333328247
12.2475738525	34.6058158875	0.080474935472	91.5	4.96666669846
-36.7378921509	-26.2291107178	0.121224164963	76.25	7.23333311081
56.4557800293	10.0307579041	0.147399932146	98.5	13.1466665268
-22.4490261078	39.0082473755	0.0671765208244	81.25	5.89333343506
49.3954696655	14.345864296	0.0949529483914	111	6.24666643143
19.1777458191	41.5725975037	0.0718431025743	89.75	5.20666646957
-4.13870716095	-35.5027770996	0.120827287436	83.25	9.13333320618
-38.5524520874	40.04429245	0.102502658963	96.25	6.49333333969
18.0232048035	32.5059890747	0.0664234980941	86.5	4.80000019073
-39.1493225098	-22.1910495758	0.131167262793	81.75	7.19333314896
45.6157951355	-15.333442688	0.0811386033893	76.25	5.95333337784
34.2984161377	27.4616928101	0.104399010539	84.25	6.37333345413
-18.3060417175	0.603327035904	0.0864689722657	86.75	5.80000019073
-24.9673461914	-26.6809558868	0.159210532904	90.75	6.71999979019
1.29721438885	40.7554740906	0.188179671764	99.5	4.42000007629
-13.6443586349	-27.1179141998	0.107315391302	77.75	6.40666675568
-24.3764076233	-0.967456459999	0.0966197177768	85.75	6.05333328247
13.3120355606	-31.766702652	0.112095400691	82.25	6.99333333969
-7.99060869217	36.6475448608	0.101351350546	82.5	6.60666656494
-5.89484596252	-36.768371582	0.122740961611	81.5	9.84666633606
-30.7719364166	2.54258036613	0.220858901739	108	6.26666688919
-3.23567938805	-28.7482585907	0.106130518019	80.5	6.51999998093
38.7406196594	-34.3811035156	0.133750006557	80.25	8.66666698456
25.215177536	33.0134773254	0.145009413362	96.25	5.7266664505
-31.2067565918	-32.0705070496	0.137814313173	71.25	8.87333297729
42.6127967834	-17.9581336975	0.084803789854	80.5	5.89333343506
-39.3988075256	-24.0205459595	0.138935104012	83.5	7.43333339691
4.78903436661	42.5681114197	0.108176097274	107.5	6.42000007629
-12.1977987289	-13.4120054245	0.11136072129	86.75	7.69333314896
-27.7988395691	-13.2319164276	0.0855365470052	82.5	8.27999973297
-16.5021476746	-28.3756008148	0.0950789824128	78.25	6.91333341599
41.7526550293	-18.5678043365	0.167114451528	77.75	5.90000009537
-26.8490619659	-0.471652776003	0.0674110800028	81.5	6.20666646957
-17.9733104706	38.6878166199	0.0800310820341	77.25	5.95333337784
-50.1896858215	19.746465683	0.0970248281956	128	7.7266664505
23.126789093	-43.2417678833	0.151600748301	80.5	11.3666667938
-41.3222808838	23.5054359436	0.084865629673	90	6.90666675568
-29.8221130371	25.6741809845	0.0791325867176	104	6.69999980927
-25.9128379822	-2.30029535294	0.0891443192959	87.25	6.6533331871
-11.5970888138	-24.3861503601	0.0911888107657	81.5	6.41333341599
-40.6229934692	-26.8350811005	0.147548571229	79.75	7.4266667366
-30.0920734406	9.80459308624	0.117558628321	97.75	6.03333330154
38.3650970459	-34.2447280884	0.118888497353	84.5	8.61999988556
10.9844913483	38.4598846436	0.0870383456349	92.5	5.16666650772
-13.920085907	43.1763534546	0.129870131612	117.5	6.69999980927
-0.979823887348	37.1531524658	0.104477614164	113.75	5.89333343506
26.1125850677	31.9878749847	0.0769081786275	99.25	5.42000007629
-6.21875476837	-4.95457935333	0.124522291124	97.75	6.93333339691
36.1334152222	-23.098941803	0.104436226189	84.75	6.82666683197
-27.4127445221	-24.2600440979	0.0923032388091	79.75	6.32666683197
-20.3021888733	-23.2685871124	0.104215852916	77.25	6.35333347321
27.4023799896	33.5538749695	0.0771690458059	90.5	6.00666666031
33.6119232178	-1.06685912609	0.064991697669	78.25	7
50.9091415405	-25.6423969269	0.123846702278	87.25	7.70666646957
-15.6209259033	-1.53165590763	0.113548025489	102.25	5.54666662216
14.2337322235	33.4590492249	0.0756190046668	84.75	5.00666666031
43.010848999	-13.2718057632	0.0814613699913	82.5	7.29333353043
-6.94123935699	-3.40038132668	0.0775599107146	89	5.88666677475
-11.8036336899	0.51788520813	0.0916707739234	93	4.95333337784
-9.60216140747	46.3504295349	0.179907739162	87.75	6.49333333969
31.7135753632	33.353427887	0.0882123336196	84.75	5.19999980927
17.2632274628	31.9510498047	0.139727160335	84.5	4.85333347321
-36.92137146	-20.9651699066	0.169972941279	94.25	6.68666648865
-38.8136672974	-27.0344772339	0.11503123492	78.25	7.43333339691
-52.5883560181	17.6944446564	0.0951650068164	124	8.16666698456
56.8074035645	9.85880661011	0.146424517035	96.75	13.1000003815
-20.5538902283	-23.55742836	0.0892213881016	80.5	6.30666685104
-11.9659748077	40.3035621643	0.0812928527594	83	7.17999982834
-16.302274704	-12.0105991364	0.107511043549	91.25	8.14666652679
52.9181518555	3.72593450546	0.0658961907029	81.25	9.08666706085
-30.8022689819	41.0960845947	0.0874456688762	85.5	6.20666646957
29.4745769501	-32.1906852722	0.112881809473	85	8.90666675568
-17.0839691162	0.766859948635	0.116125151515	96.5	5.74666643143
13.8966369629	33.8832206726	0.143120959401	77.5	4.91333341599
-29.6721782684	-3.15203714371	0.0765686705709	87.25	7.06666660309
37.4014587402	-23.1567516327	0.114511691034	83.25	6.5733332634
-36.02368927	-20.8350028992	0.166474431753	108.25	6.67999982834
-36.9502754211	35.2279853821	0.0655737668276	82	5.16666650772
46.3329086304	-26.3662757874	0.136502400041	78.25	9.26000022888
-25.3997440338	-21.1909942627	0.0843961983919	77.75	6.70666646957
-10.4561510086	38.8046646118	0.181333333254	85	7.2266664505
8.526471138	-30.1169223785	0.10900631547	82	6.94000005722
-25.8014144897	-1.46826434135	0.135774463415	104.75	6.40000009537
-18.5353469849	3.98229408264	0.065269947052	81	6.89333343506
-34.8165245056	-6.06581401825	0.174377217889	85.75	8.56000041962
45.1504707336	11.9683895111	0.0972900912166	109.5	6.60666656494
-15.2818393707	-1.94150447845	0.158237546682	103.25	5.74666643143
17.624458313	-33.0624465942	0.107068605721	77.25	6.68666648865
-47.5663414001	36.2469749451	0.0956719815731	94.5	6.17333316803
8.14970207214	-31.2439212799	0.106101691723	78.25	6.94000005722
-21.8642578125	-13.9794502258	0.102404758334	94.75	8.13333320618
-32.0633163452	-7.81681632996	0.123177163303	99.25	8.14000034332
46.6915435791	13.2639913559	0.0890937000513	116	5.4266667366
-17.9954872131	37.9773216248	0.0807711109519	82.75	5.90666675568
6.72014474869	-3.07313203812	0.0927462205291	109	4.38666677475
-20.9785137177	-19.8795909882	0.0988547280431	82	6.89333343506
-25.1928119659	-32.4053916931	0.104222521186	77.75	8.96666622162
-35.7913475037	-26.6752319336	0.154518947005	79.5	7.14666652679
-8.32803153992	-29.4032249451	0.125147119164	79.75	7.01333332062
18.6483287811	-38.8749923706	0.158810064197	86.75	11.3400001526
-30.8479595184	-32.370891571	0.108347527683	79.5	8.96666622162
26.0540409088	34.0315742493	0.0772357732058	95	5.15999984741
-7.2647061348	-2.82872867584	0.0868347361684	93	5.48666667938
19.5722141266	33.5283699036	0.0665766149759	86.25	4.95333337784
17.9865493774	35.788684845	0.0738671645522	89.25	4.85333347321
