#longitude      latitude        albedo          flux    windspeed
11.9817562103	38.4858894348	0.106540620327	104.25	4.78333330154
-29.0914096832	39.9899291992	0.11974209547	97.5	5.71999979019
-5.46459817886	-2.66339993477	0.0779358670115	91.75	5.42999982834
41.0018920898	17.9564666748	0.0950108468533	109.5	5.73000001907
-9.54649543762	42.7845497131	0.127286881208	81.75	7.28666687012
-33.5609855652	-27.5576763153	0.0996486768126	78	7.17999982834
-14.0291347504	-30.2298851013	0.117984697223	92.5	7.69666671753
16.3348197937	31.5018005371	0.0712362825871	86	5.01333332062
-12.451086998	40.4414176941	0.079522356391	78.25	7.03999996185
17.9996986389	37.8599205017	0.0873786434531	96.75	4.78333330154
-25.167219162	-16.2318553925	0.12247557193	94	7.5733332634
-7.99649000168	-1.68626379967	0.138095244765	108.75	4.68666648865
-18.3927135468	-0.137129530311	0.126630604267	99.5	5.45666646957
52.1085472107	8.76093673706	0.0941615849733	119.75	14.0666666031
-4.98649835587	43.8960914612	0.125930935144	93	5.32666683197
44.9797439575	-36.4243087769	0.144168958068	78.5	9.56999969482
-8.33250522614	-35.1121368408	0.140563815832	89.75	9.36999988556
-35.0846481323	-29.0524597168	0.117926247418	80.75	7.71000003815
2.49530005455	40.1406555176	0.117725215852	110.75	4.68333339691
-17.0047111511	-25.6470508575	0.0984042584896	83.25	6.25666666031
-35.5604171753	21.2512378693	0.101922631264	110	7.6533331871
19.5410957336	36.5313034058	0.0778816193342	100	5.39666652679
16.0423107147	33.082195282	0.0771422311664	88	4.61333322525
52.0121650696	-0.233964636922	0.0879143476486	106.75	7.68666648865
-4.8891954422	-1.19504547119	0.0783030837774	92.75	4.84333324432
53.7428398132	-12.1579551697	0.0821747779846	82.75	9.71333312988
-30.1590766907	-2.56778335571	0.10612475127	94	6.88333320618
40.971244812	-9.434466362	0.0737380757928	79.25	7.87333345413
-21.4619598389	14.549366951	0.0785330235958	102.25	5.43333339691
12.4992742538	38.8583564758	0.102155573666	109	4.32666683197
-29.0960922241	32.2419586182	0.0781733766198	101	5.23999977112
34.1746788025	34.3781852722	0.0773645043373	91	4.71333312988
-52.0342025757	32.5672416687	0.0717471390963	92.5	5.2733335495
-24.4707298279	1.02288913727	0.0883524119854	88.75	6.25666666031
-23.7398796082	-20.4991016388	0.126459136605	81.25	6.74333333969
52.395450592	10.3766307831	0.0738334283233	93.75	13.3666667938
3.75159931183	39.054397583	0.097345136106	99	4.95666646957
49.2977714539	-34.3802642822	0.115865200758	76.5	8.45666694641
45.7030792236	11.8946552277	0.0942174568772	105.5	6.59333324432
46.4663658142	-14.8193645477	0.079876318574	77.5	6.98666667938
42.1458206177	-17.0253982544	0.081310980022	81.25	5.84333324432
-22.4281044006	-36.3530273438	0.125370919704	84.5	9.99666690826
6.88003635406	-2.50155758858	0.0823529437184	98	4.18666648865
53.8869171143	-14.2599716187	0.0865766480565	81.75	9.55666637421
41.6974143982	-7.62337779999	0.10623896122	90.25	7.92999982834
-39.3475990295	28.3411750793	0.0768407508731	89.75	5.63666677475
29.8937416077	31.7526550293	0.0830401107669	88.5	5.76999998093
-18.2595043182	-26.0672569275	0.159938678145	78.25	6.41333341599
15.8883333206	33.833820343	0.0967450290918	80.25	4.45666646957
37.1831665039	-23.242149353	0.131381079555	83	6.6533331871
-14.4507055283	37.2671279907	0.0719501748681	83.75	6.53999996185
19.4690761566	38.1557807922	0.209921911359	114.25	5.18333339691
-11.0947580338	32.7367515564	0.10529537499	86	8.43666648865
-10.8852071762	-0.136193424463	0.169211193919	99.75	4.34333324432
-33.0836524963	-29.0476551056	0.103054612875	83.5	7.46666669846
-5.13391447067	-1.43967318535	0.0812262222171	90.75	4.88666677475
40.3989677429	-20.2726078033	0.0946490243077	82.25	6.25666666031
22.1794338226	35.5114593506	0.134520888329	109.5	5.9266667366
-25.4654712677	14.9801540375	0.0801995396614	104.5	6.13333320618
-10.3891153336	-1.19823729992	0.132075473666	101.5	4.51666688919
-25.0357322693	-23.2272510529	0.128933236003	84	6.34000015259
38.0815315247	-19.8972320557	0.1621876508	86	6.29666662216
19.5722141266	33.5283699036	0.0949023887515	87.5	4.95666646957
-6.736972332	-27.39295578	0.121420390904	79.5	6.34000015259
-14.8491973877	39.9017448425	0.0844088792801	81.75	6.36999988556
11.5863656998	37.5337638855	0.0855488851666	99.75	5.73999977112
-9.64064121246	0.0272166673094	0.117593713105	97.25	4.34333324432
-37.322177887	22.0774173737	0.0834645703435	106	7.43666648865
28.7973690033	33.7360343933	0.12068965286	89.25	6.58333349228
-14.3313179016	-30.2376403809	0.101678811014	80.25	7.69666671753
25.8739280701	35.6900291443	0.0911167487502	89.75	6.45666646957
36.5630493164	-22.9279403687	0.094525963068	83.75	6.69666671753
12.7658262253	36.8705596924	0.0787962302566	85.75	5.69666671753
-17.3573913574	32.059627533	0.103469260037	127.5	6.75333356857
20.6959686279	36.5801315308	0.160799995065	100.5	5.71000003815
-56.4024734497	24.9469985962	0.0869462788105	92.25	5.86666679382
-53.3558769226	30.2993755341	0.0736170187593	86.5	5.02666664124
44.58228302	11.9528484344	0.145256921649	110.25	6.03666687012
-37.0531349182	-2.17703342438	0.0943952798843	88	8.06666660309
46.3309669495	-36.7636833191	0.125874131918	81	9.77000045776
20.0894889832	36.0982208252	0.0749707147479	96	5.51000022888
8.02097892761	-29.9054660797	0.118956521153	85.5	6.93666648865
-37.6039199829	1.13192117214	0.0781146287918	88.25	6.71000003815
-31.7663402557	-0.139884799719	0.0717852711678	86.25	6.32666683197
45.6367340088	11.0938653946	0.0961498841643	116.75	6.45333337784
-9.94695949554	44.9486961365	0.0981838852167	86.5	6.65666675568
13.0931348801	36.8797721863	0.0768434107304	92.75	5.63999986649
40.2637519836	-24.354511261	0.137782558799	96	6.81333351135
-16.3896503448	-31.4337730408	0.193316191435	94	8.296667099
-45.8264198303	10.3023357391	0.0824462547898	98.75	7.44000005722
45.7751922607	-13.6244535446	0.0827623978257	75.5	6.17333316803
14.0441579819	34.105430603	0.0723684206605	88	4.7266664505
30.3728046417	43.5221672058	0.0895708575845	89.75	5.05666685104
15.9855222702	34.2737312317	0.0907684341073	88	4.45666646957
-2.2984251976	-3.96755290031	0.0839626863599	94.5	6.11666679382
-3.02314352989	-2.00932097435	0.081255376339	94.5	5.13000011444
2.33842134476	38.924243927	0.0771818757057	97.5	5
-44.8216743469	-26.2769489288	0.107797451317	86.75	7.05333328247
-23.126373291	-20.9391593933	0.146376818419	75.75	6.68666648865
30.941822052	33.3096046448	0.0698076933622	90.75	5.51333332062
-36.28956604	26.0748176575	0.0689721778035	89.25	6.27666664124
7.65986347198	39.8346786499	0.0815183594823	98.25	5.22333335876
38.8045692444	-20.8579273224	0.0884978994727	84.25	6.32666683197
-15.2666625977	28.7087173462	0.161839857697	142.5	7.80999994278
41.013092041	-6.31626033783	0.177050888538	85.25	8.17333316803
51.8500061035	-22.6415653229	0.0978067591786	82.5	7.41666650772
-29.7248249054	-4.32680654526	0.167343258858	92.75	7.32666683197
-9.37160682678	36.6737823486	0.162101477385	90.25	8.21000003815
-25.7708187103	-23.2523803711	0.156664893031	73.75	6.34000015259
54.425693512	10.9709444046	0.0766105651855	99	13.1566667557
-9.42410564423	33.1305618286	0.0838945582509	109	7.0966668129
29.5372486115	32.052116394	0.11244738102	93.5	5.86999988556
36.5473022461	-23.2129859924	0.143106460571	82	6.79666662216
-23.627954483	-0.717885613441	0.0770033374429	92.25	5.95666646957
28.5505161285	31.3676815033	0.204883232713	96.5	5.76999998093
-40.1552391052	-21.7638683319	0.0925868973136	75.25	7.0233335495
-0.0301463119686	-24.756942749	0.0864055305719	75	6.67000007629
54.0800323486	-23.3530578613	0.112009234726	97	7.82999992371
32.4091758728	42.2270812988	0.0907634794712	85	5.35666656494
32.7512702942	-0.644654154778	0.0668629109859	79.5	7
29.170835495	33.7561912537	0.0700943544507	91	6.36999988556
7.90178060532	40.8290252686	0.127888053656	98.25	5.1533331871
12.4629716873	40.3179092407	0.0984455943108	104.5	4.40999984741
-27.2409992218	-29.7830314636	0.100829608738	79	7.75333356857
10.4414587021	37.157497406	0.0820449367166	99.5	6.23999977112
51.0489273071	-22.7920951843	0.145515441895	97.75	7.28666687012
39.1245307922	41.463809967	0.114152409136	91.75	4.0733332634
-35.4298706055	37.0670585632	0.0892105251551	84.75	5.36333322525
-13.5997667313	-3.49720096588	0.0983520820737	94	6.10333347321
-22.9570884705	13.6251916885	0.118297040462	91	5.44666671753
37.613697052	-22.4056434631	0.120094724	88.75	6.44000005722
47.9775505066	13.4843616486	0.0919881314039	108.5	5.31333351135
45.956817627	-13.271232605	0.0736916214228	78.5	5.63000011444
-29.19099617	-29.7722606659	0.107500866055	77.75	7.90999984741
5.73149776459	39.3176231384	0.118649043143	101	5.07000017166
44.1929931641	-35.9037475586	0.125902161002	78.5	9.17000007629
33.6306037903	32.0649337769	0.0837894752622	99.5	4.40000009537
12.8529577255	-8.86571311951	0.110837437212	112.5	3.60333323479
51.7985115051	-22.8333034515	0.0901926457882	77.25	7.42999982834
33.4476089478	34.0024185181	0.159338057041	84.25	5.01333332062
-11.3974132538	-2.42624020576	0.0775918290019	89.25	5.30333328247
33.6021881104	31.7442779541	0.0783842802048	89.75	4.35666656494
19.4329509735	33.4148597717	0.0741100981832	95.25	4.95666646957
-14.7768115997	-29.3332901001	0.0990405455232	80	7.29666662216
-7.26297616959	-2.58366036415	0.132137030363	101.25	5.32999992371
-6.68154478073	-0.135875105858	0.0901422053576	93.5	4.51333332062
-38.7849082947	20.9194450378	0.0857699811459	110	7.61000013351
45.9807891846	-11.3097238541	0.0908252671361	98.5	4.95666646957
-43.7547874451	-23.2754268646	0.088235296309	80.25	5.8233332634
8.04129886627	38.5148620605	0.0819381549954	104	5.79666662216
27.4023799896	33.5538749695	0.106679037213	86.25	6.01333332062
6.59152412415	-28.8774032593	0.113391652703	84.25	6.86666679382
-28.9396629333	30.3441238403	0.0855784490705	108	5.5233335495
-29.2316360474	-29.5692043304	0.112640351057	77.75	7.80999994278
-6.93073368073	-1.76700341702	0.0824188143015	92	4.84333324432
22.7270107269	34.755153656	0.149363175035	96.75	6.76999998093
-12.0888462067	34.4917678833	0.0715705752373	90	7.69666671753
-2.52986907959	36.4702720642	0.103501945734	99.75	5.97333335876
38.349937439	-23.2966651917	0.092704333365	84.5	6.52666664124
-27.8567276001	-29.9141616821	0.134917080402	75.25	7.79666662216
-6.6967587471	-3.56354475021	0.0792452841997	89.25	5.97333335876
43.0147476196	-11.1454324722	0.081103220582	74.25	6.92999982834
-29.9810619354	-12.0658626556	0.10000000149	92	8.41666698456
35.5414161682	44.449546814	0.155898869038	83.25	5.04333353043
-9.31781959534	42.1291236877	0.0669914707541	82.5	6.95666646957
-52.3461418152	32.4820785522	0.0841679498553	109.25	5.23000001907
-17.1249332428	38.5353431702	0.0653633475304	82.75	6.02666664124
1.59134471416	57.9320106506	0.0765460878611	82	6.86000013351
-44.413936615	-23.6967067719	0.121978022158	83.25	5.62333345413
13.2821140289	34.5228233337	0.0979739129543	88.25	4.82666683197
26.7374458313	32.123752594	0.0825727954507	95	5.4266667366
-33.3126907349	-16.097618103	0.0818456485868	74.5	7.24333333969
40.7916221619	-5.4523525238	0.115552328527	79.5	8.37333297729
33.3129310608	33.9942436218	0.0964850187302	102.25	5.05666685104
27.8895874023	-34.1623725891	0.127602159977	82.75	9.25666713715
32.2465248108	-1.98868143559	0.168900802732	78.75	7
9.00836372375	-26.158121109	0.12274774909	81.75	7.81333351135
-11.7727422714	36.9590950012	0.0800235942006	101.75	7.45333337784
48.0887908936	-5.63146877289	0.074298158288	76.75	9.30000019073
30.0736293793	43.5012321472	0.121096462011	87.25	5
-10.1242303848	38.7968254089	0.170086398721	78.75	7.29666662216
55.0332641602	-11.5615777969	0.083638265729	80	9.61333370209
-24.9206504822	-32.6063461304	0.150364205241	72.25	8.98333358765
5.88641881943	40.9206542969	0.0921985805035	107.25	5.44000005722
-14.2504987717	-1.03790938854	0.160513013601	103.25	5.08666658401
-21.6740093231	-28.6416931152	0.119736358523	81.75	7.03999996185
-12.7316026688	41.2004356384	0.135633081198	86.5	6.98333311081
-34.9385108948	24.2572841644	0.100225508213	100	6.80666685104
13.7352399826	33.0149154663	0.166924268007	81	5.11333322525
51.7798194885	2.74884366989	0.094263330102	93.25	8.57333374023
-11.4697799683	-0.708524763584	0.110403984785	99.75	4.42999982834
17.4467449188	34.5428771973	0.0741651281714	90.5	4.55666685104
8.20461654663	-3.72977471352	0.102720446885	109.5	4.01666688919
-10.3912677765	-1.60687530041	0.0873486846685	92	4.76000022888
-16.8742160797	-25.4514923096	0.116900466383	87.5	6.25666666031
30.3722457886	32.3094749451	0.0728807076812	95	5.76999998093
7.06252861023	38.4979171753	0.0979242995381	100.25	5.38333320618
28.7906017303	31.379699707	0.0922121331096	96.5	5.76999998093
-9.99492359161	42.6646690369	0.111111111939	84	7.38666677475
39.8496856689	-18.7681617737	0.0896166563034	88.25	6.11333322525
20.3032550812	33.0171546936	0.209269657731	111.75	4.85666656494
47.8894386292	-1.88238072395	0.0784313753247	81	8.10000038147
30.6830348969	36.1859550476	0.0696585401893	89.25	4.94333314896
-25.9668140411	-15.0206651688	0.119457311928	90.25	7.86000013351
23.4850997925	32.9345245361	0.144210532308	102.75	6.85333347321
-32.5895080566	-13.0797491074	0.119115546346	83.5	8.07333374023
-48.3650932312	36.3120040894	0.0886814445257	114	6.3466668129
-23.8328208923	-22.4390449524	0.130503773689	82.25	6.46999979019
40.7995681763	-21.6043815613	0.100277781487	90.25	6.45666646957
-4.55544137955	35.5813369751	0.106257744133	85.75	5.30000019073
12.9967222214	-8.2005777359	0.0942477881908	106.5	3.80333328247
-14.0778303146	-0.0546138510108	0.105026453733	99.25	4.90000009537
-33.638217926	-19.1759986877	0.0979710146785	84.5	6.76999998093
46.0743408203	-3.34668898582	0.107981219888	92	8.67000007629
41.4029541016	-14.6515522003	0.152574941516	99.25	7.42999982834
13.1564464569	36.6519508362	0.114996634424	85.5	5.53999996185
-3.91563439369	-1.9281938076	0.142309173942	92.75	5.13000011444
-34.5000534058	-11.3829202652	0.0779382437468	78.25	7.92999982834
-5.21658325195	-1.84737551212	0.1015625	97.5	5.03000020981
-14.1170406342	34.656463623	0.166608452797	119.25	6.95333337784
10.0300283432	-26.0772342682	0.15148563683	77.75	8
-6.76327848434	0.0271759349853	0.111838191748	94	4.71333312988
46.4295005798	12.8973274231	0.0847964882851	106.25	5.76666688919
-14.1782331467	37.027217865	0.0713825002313	83	6.53999996185
-0.213736698031	-26.0928630829	0.102833494544	80.75	6.44000005722
-18.5546855927	-18.9232978821	0.14487965405	76.75	6.98666667938
8.34913349152	-0.62554204464	0.0987893491983	102	5.91333341599
-12.5160617828	45.8653717041	0.0765957459807	90	6.85666656494
-7.976811409	35.6272163391	0.0931372568011	85.5	7.02666664124
25.1878528595	38.4323272705	0.101910829544	96	6.23000001907
39.2101745605	-21.2504119873	0.0930108949542	87.5	6.38333320618
37.3393287659	43.9222717285	0.0744512304664	82.25	4.64333343506
36.2756271362	-22.8200206757	0.0942130312324	84.25	6.75333356857
-13.5309658051	-11.0504179001	0.0753768831491	82.5	8
29.6772136688	44.0083427429	0.120222151279	92	5.18666648865
-12.8942127228	-0.0545592606068	0.108209960163	100.5	4.69999980927
-26.4642353058	32.42993927	0.122807018459	108.5	5.45333337784
21.5582065582	35.7088470459	0.094679698348	109	5.69666671753
-32.7467308044	-13.3457193375	0.130550026894	98.5	7.97333335876
52.5577049255	9.12768745422	0.134810358286	89.75	14.0366668701
-38.4229660034	0.963743031025	0.121376812458	83.75	6.80999994278
9.3737783432	-26.0670719147	0.102572143078	81.75	7.91333341599
29.6913547516	-36.5081138611	0.121877364814	80.5	9.44333362579
41.0538902283	15.6879758835	0.0951745212078	124.75	5.0733332634
28.9767875671	42.3776168823	0.127803489566	89.75	5.02666664124
-25.9239349365	-20.2896251678	0.162016645074	82.75	6.85666656494
7.64304304123	40.5746383667	0.101434931159	102.5	5.1533331871
12.8198881149	-8.03316402435	0.118344686925	117.25	3.80333328247
-38.9931869507	-34.1766433716	0.136846765876	77.25	8.99666690826
-18.1081142426	24.6876678467	0.11432068795	116.75	8.35666656494
-47.8646697998	-27.2662353516	0.107811108232	90.75	6.62666654587
-39.2534713745	-0.482690036297	0.137233659625	95	7.46666669846
4.34622526169	0.43444955349	0.0810407325625	95	6.35666656494
-9.9058675766	-3.07829761505	0.0835727974772	87.25	5.67333316803
-32.5272140503	-30.8765735626	0.115711249411	81.75	8.25333309174
35.9094390869	25.3696193695	0.0737469643354	83.5	5.24666643143
-26.2309131622	-5.47259378433	0.0815538391471	89.75	7.64333343506
39.3417816162	-21.2562065125	0.0999443233013	89.75	6.38333320618
53.9474830627	5.77234792709	0.0756857097149	91.75	11.1566667557
-9.27128410339	37.4800376892	0.0685516670346	84.25	7.73999977112
38.1466407776	-20.0852527618	0.0863010138273	83	6.29666662216
-19.627040863	24.9206905365	0.0825270339847	108.75	8
-24.1653804779	-9.82570457458	0.116887018085	97.25	8.2733335495
32.6609268188	-1.65368175507	0.0660515800118	78.75	7
29.8306941986	-37.5590248108	0.127169966698	78.75	10.1433334351
3.29448628426	40.6418190002	0.102779105306	107.25	4.78333330154
-45.9856300354	-24.0730133057	0.0987617895007	83.75	5.1533331871
42.3010253906	-19.9816417694	0.089472271502	83.5	6.19999980927
13.0986118317	40.0902786255	0.136560693383	94.5	4.19666671753
-21.1227722168	-9.11093235016	0.0810991972685	90.75	8.24333286285
-11.3084220886	33.4925270081	0.162835255265	85	8.12333297729
4.58987665176	-0.21723741293	0.121900208294	102	6.07000017166
9.45676040649	-4.6342010498	0.111921526492	111.25	3.91666674614
-31.378610611	38.5622177124	0.121273033321	90.5	5.59333324432
41.6667327881	-12.7002563477	0.0887241140008	86.75	7.82999992371
-17.6480998993	39.1548995972	0.0676737129688	84	5.95666646957
-17.6314353943	37.4946403503	0.0806647762656	99.5	5.9266667366
-34.3745613098	-21.9828224182	0.111864410341	74.25	6.80999994278
17.2033805847	33.9861373901	0.080945558846	84.75	4.55666685104
4.99641275406	0.108631908894	0.0723089575768	88	6.31333351135
48.7615966797	-0.406193315983	0.0792899429798	83.75	8.15666675568
-9.51556682587	41.2402229309	0.0711521953344	82.75	6.88333320618
35.4354515076	26.0320224762	0.0788924694061	104	5.48999977112
16.3297271729	37.0984382629	0.0785140544176	97.75	4.52666664124
51.6306915283	9.55258464813	0.124361783266	85.25	13.3933334351
-56.5572280884	24.1579341888	0.0854261815548	112.25	6.07999992371
-43.0240707397	-25.4799098969	0.103888563812	89.5	7.25333356857
27.9208068848	33.3633804321	0.0719779133797	91.25	6.36999988556
45.8925590515	13.0602359772	0.0791908726096	92	5.56666660309
41.3182296753	-12.8677377701	0.107588857412	84	7.97333335876
46.5715904236	-37.0159492493	0.127521887422	83.75	9.97000026703
21.3954467773	-34.8444824219	0.113798007369	80	7.32666683197
23.8531570435	34.3649024963	0.165709242225	93.75	6.45333337784
-56.0160331726	25.9292602539	0.0926697701216	94.5	5.55333328247
-18.4612617493	25.5583095551	0.125704050064	122.75	7.71333312988
38.5003013611	-21.4071540833	0.100264631212	85.25	6.48333311081
-16.0052585602	-8.64013290405	0.16390042007	98.75	8.19999980927
-8.57828426361	-10.6768693924	0.101349487901	92	7.74333333969
49.4349250793	-3.9855260849	0.0742081478238	82	8.34333324432
17.2634277344	37.24817276	0.0998156443238	94.75	4.45666646957
-10.2206840515	0.353949099779	0.117436662316	98.5	4.69999980927
-9.94906520844	39.7598838806	0.0891503244638	85.25	7.1533331871
-12.7674894333	-4.23388528824	0.0822434052825	92.75	6.54666662216
36.1380271912	42.6375770569	0.105362772942	83.5	4.78666687012
-34.6100120544	-20.1303539276	0.0801972523332	77.25	6.58333349228
-15.8154268265	36.5059356689	0.0784085616469	84.25	6.28333330154
44.4649353027	12.0384235382	0.0954438298941	121.5	5.98000001907
27.8890781403	33.5790176392	0.129227817059	101.25	6.52666664124
-14.1839208603	34.9904403687	0.128709331155	90	6.85333347321
-23.6540813446	-6.87221288681	0.0773402526975	82	7.82999992371
49.6892356873	6.8548078537	0.072955198586	88.75	12.3000001907
-34.7209739685	2.9839951992	0.111993193626	98.75	6.29666662216
23.1139335632	35.2179756165	0.0756073892117	97.25	6.76999998093
25.2985706329	33.885093689	0.0781435966492	98.5	5.63999986649
5.02617883682	-29.7682991028	0.128016352654	78.25	6.92333316803
-14.8131952286	-4.48839187622	0.0792227238417	92.75	6.8466668129
-12.8641443253	-4.80985355377	0.0809545069933	90.75	7.00333356857
-31.8801670074	1.20338475704	0.133177563548	85.5	6.2266664505
35.3442878723	-24.8882694244	0.109812363982	89.25	6.90999984741
32.8794670105	32.8793563843	0.107334524393	90	4.90000009537
13.8329572678	34.0994796753	0.128598123789	86	4.82666683197
17.4526081085	33.2358322144	0.0712634846568	92.5	4.55666685104
-34.9313049316	-22.5716781616	0.0887914523482	81	6.86666679382
-45.5773239136	21.6100540161	0.074638530612	95.5	7.38000011444
8.3498916626	42.3666000366	0.0732490494847	91.25	4.78333330154
28.1655158997	-33.9575119019	0.114930555224	82.75	9.25666713715
19.6622829437	31.4034042358	0.069625094533	91	5.65666675568
-9.39069271088	-9.84459877014	0.0818835571408	88.25	7.84333324432
-20.1775684357	37.9505882263	0.0979257151484	101.5	5.74333333969
-26.9423007965	-15.4822511673	0.0882580652833	85.5	7.71666669846
21.813495636	34.3836097717	0.2174603194	102.75	6.02666664124
-30.6719341278	2.62602162361	0.0703269615769	85.5	6.34000015259
-56.4422187805	19.7654399872	0.0950209051371	125	7.76666688919
-11.3470907211	38.2320098877	0.130262359977	106.75	7.40999984741
-21.1670017242	31.5644702911	0.149418607354	128.5	6.17999982834
-15.2634153366	27.5165290833	0.107542783022	127.25	10.1233329773
-32.7085189819	-15.369096756	0.146261677146	78.25	7.42999982834
50.754535675	12.6695308685	0.0813397094607	85	5.28000020981
-0.237624406815	60.44140625	0.130156189203	81.25	6.63000011444
-10.2546195984	38.9196853638	0.0732430145144	86.5	7.25333356857
36.0371894836	-21.1152267456	0.16149930656	87.25	6.40999984741
-27.075838089	2.52681064606	0.150499284267	105.5	6.41333341599
-10.1025524139	40.0085105896	0.144255325198	84.75	7.21000003815
44.2449302673	-14.6540193558	0.0754035189748	78.25	6.63000011444
-39.3049659729	-24.9868450165	0.103338636458	81.25	7.48000001907
-20.6455001831	-35.8197631836	0.130434781313	84	9.85333347321
-33.9317626953	26.0567760468	0.0836896747351	102.75	6.37666654587
-18.7452850342	-35.8552818298	0.12232645601	81.5	9.90999984741
-48.6859092712	-29.2710990906	0.124152690172	87	8.05333328247
-7.67313957214	36.6420936584	0.0819793194532	83.25	6.30000019073
-38.8010444641	-1.84423279762	0.133828997612	90	8.06666660309
-7.39960241318	36.0685081482	0.10177244246	89	6.64333343506
-3.63398933411	35.6854476929	0.0779559090734	97.25	4.81666660309
-39.6546669006	22.4675674438	0.0845706909895	98.25	7.29333353043
9.15872001648	43.0383377075	0.204032644629	106.25	5.05333328247
-46.0780258179	-24.7639427185	0.11458966881	94.25	5.36666679382
-39.7606391907	32.4448661804	0.114126652479	82	5.10333347321
50.6942596436	-6.10738515854	0.103684008121	68.25	9.02999973297
-10.0339698792	33.1423873901	0.11893966049	85.25	7.66666650772
23.2336788177	34.2264938354	0.131625130773	93.75	6.80999994278
46.1906166077	11.5521860123	0.0853071063757	106.25	6.63666677475
53.9836769104	10.2378463745	0.0825396850705	104	13.1533336639
41.3118858337	-4.25475168228	0.0775305107236	81	8.87333297729
-25.1365413666	15.4104671478	0.181818187237	112	6.13333320618
-14.5828952789	-5.47672653198	0.126258000731	103.5	7.36000013351
45.0911216736	-33.1764640808	0.138519138098	83.25	7.9266667366
-7.28239822388	34.9469146729	0.0775125920773	88.5	5.54333353043
-44.3060073853	21.7383594513	0.0692481026053	84.5	7.43666648865
-43.8784294128	9.72937011719	0.0851808637381	109.5	7.21000003815
-12.2067861557	37.5501403809	0.101664684713	85.5	7.25333356857
21.6122970581	34.8168334961	0.0934429988265	102.25	5.86999988556
54.8431434631	12.9812488556	0.0882643982768	111.5	13.9833335876
-36.0966110229	-3.69903206825	0.0899424031377	101.5	8.65333366394
20.9450111389	35.5696601868	0.0956831350923	107.5	5.5966668129
-12.9544792175	-5.05715179443	0.0768075510859	89.5	7.20333337784
-14.3577671051	-3.08876228333	0.0780619084835	87	5.96000003815
-4.00970458984	-26.9775161743	0.101540394127	80.75	6.39666652679
-22.6754055023	-20.651884079	0.0881632640958	81	6.74333333969
-12.7023820877	-13.1612377167	0.143063589931	74.25	7.78666687012
-25.7483081818	41.1550445557	0.0823121368885	89	6.14666652679
-12.936712265	41.080745697	0.0729659944773	84.75	6.88333320618
5.734770298	-28.8680725098	0.117667473853	84.75	6.8233332634
47.3735923767	-12.0602388382	0.0977859795094	92.75	4.85666656494
-20.9087677002	14.6258335114	0.0811280682683	105	5.38999986649
-5.42785310745	-17.593536377	0.0785340294242	78.75	7.01666688919
-13.6576271057	-1.20120275021	0.0750156268477	90	5.03000020981
20.9524726868	34.1277618408	0.0845164135098	95.25	5.46999979019
48.7491950989	-24.0306892395	0.133870974183	62.25	7.91333341599
-8.40351772308	-0.299173742533	0.104200765491	95.5	4.09999990463
38.2925186157	19.782333374	0.0854424387217	112.25	5.19000005722
-24.2093276978	-21.3386592865	0.137458667159	72.75	6.69999980927
-28.4006118774	-19.7283000946	0.146001800895	81.25	6.96999979019
43.1342086792	-26.3787536621	0.146783620119	125.5	7.84333324432
-18.6416721344	27.5119361877	0.0845392197371	111	8.03999996185
33.053943634	31.9253673553	0.0788523256779	98.25	4.59999990463
50.385761261	1.77719449997	0.0814047902822	100.25	8.41333293915
0.13549298048	5.49476957321	0.108878225088	90.75	5.86333322525
38.349937439	-23.2966651917	0.0972017645836	82.5	6.52666664124
-38.6399650574	-13.4125051498	0.0734855979681	74	7.04333353043
-10.9171867371	39.5397644043	0.0902683660388	83.25	7.26666688919
-13.0639295578	-0.709396421909	0.0971976742148	96.25	4.73000001907
-12.195148468	40.3101081848	0.079342238605	96.5	7.1533331871
33.6175270081	32.8147621155	0.0862194225192	89	4.5
14.1370306015	38.6687812805	0.105165071785	98.75	4.11333322525
-20.4032001495	23.8042621613	0.0843761861324	111.25	8.30000019073
-23.8603229523	-23.9432125092	0.107419356704	83.25	6.19666671753
38.9930305481	-22.6586971283	0.105150870979	86.25	6.52666664124
12.9555196762	44.4878807068	0.121643394232	113.25	4.62666654587
32.4778327942	43.4084587097	0.122338369489	79	5.24333333969
-0.460560083389	37.9682846069	0.0857085883617	107.5	5.44333314896
41.2979621887	-24.7975826263	0.136963143945	101.25	7.09999990463
-7.7657418251	36.5293235779	0.0736954212189	86.5	6.45666646957
1.01307380199	37.0377540588	0.0791980922222	99.75	6.25666666031
-9.23018455505	-1.27903556824	0.104744136333	98.25	4.41666650772
-29.6538543701	2.62136888504	0.078306876123	92.5	6.38333320618
-16.7402534485	-1.28687334061	0.0886886417866	93.5	5.54333353043
-22.9227581024	-20.384885788	0.086945168674	83.25	6.78666687012
38.2022819519	-29.4342212677	0.159453302622	87.5	7.36999988556
13.4862384796	38.767868042	0.116416148841	98.75	4.17000007629
-23.1716308594	-8.04135036469	0.11967741698	92.75	8.18666648865
-20.1001682281	37.7124214172	0.128897547722	115.75	5.80000019073
13.0257339478	39.2346687317	0.15965051949	150.75	3.97000002861
42.9614562988	-18.1558914185	0.0901708230376	80.5	6.04333353043
55.7778091431	9.8328962326	0.0866873040795	98	12.4733333588
15.9886522293	32.3336868286	0.0660285204649	84.5	4.86999988556
-19.373336792	24.6273937225	0.141289800406	132	8.15666675568
-11.8551549911	38.0093269348	0.0830087661743	85.25	7.35333347321
43.6790771484	11.6628170013	0.105487808585	129.75	5.08333349228
-13.2323093414	0.60033506155	0.0881142616272	91	5.25666666031
-45.6887168884	34.1767959595	0.0697401836514	89.25	5.32000017166
16.2431869507	33.5196876526	0.125907108188	86.75	4.45666646957
-8.01577949524	35.9656829834	0.0687271282077	84.5	7.12666654587
22.5705833435	34.9701652527	0.0813978239894	95.5	6.51333332062
-14.9395294189	36.0223312378	0.0839638784528	86	6.48333311081
41.6898841858	-19.119310379	0.0887053832412	83.25	6.04333353043
-1.78396999836	35.787071228	0.0887114182115	102.75	5.42999982834
7.15751218796	41.192401886	0.113541670144	109	5.35333347321
-24.4191989899	40.2071800232	0.221900627017	115	5.96000003815
-39.9917373657	-33.2554702759	0.117979645729	78.25	8.796667099
-15.5651626587	-3.5857360363	0.13900616765	107	6.36000013351
-26.8451919556	-4.22269964218	0.0977789834142	90.25	7.26999998093
-24.8939857483	-23.5051670074	0.0914413183928	82	6.29666662216
-17.5381145477	25.3409881592	0.102495543659	115	8.02666664124
32.5917701721	31.4755992889	0.0867857858539	110.5	4.80000019073
-11.3030900955	-0.790190696716	0.111913360655	100.75	4.41666650772
20.0771255493	35.3091011047	0.12445820123	100.5	5.39666652679
-21.7913780212	13.3454017639	0.0863108038902	100.25	5.15999984741
-24.8069210052	40.2285232544	0.0848143994808	94.25	5.96000003815
-41.2354278564	-33.3405342102	0.121076233685	87.75	8.85333347321
-5.62292528152	-1.521448493	0.112586602569	97.5	4.84333324432
-2.45897197723	-3.39581894875	0.0875367596745	96.75	5.78666687012
-8.9056596756	-2.2589225769	0.0772550702095	89.5	5.11666679382
-38.397102356	20.9028339386	0.0889268070459	117.25	7.61000013351
-26.6203842163	-24.9002075195	0.114918135107	94.75	6.35333347321
-46.4254379272	-24.292722702	0.0986547097564	88	5.1533331871
15.6498184204	-33.2133369446	0.113136179745	82.25	7.23666667938
-28.0126209259	-4.06322574615	0.0763276740909	88.75	7.26999998093
47.1578712463	-27.8318519592	0.099487490952	82.5	8.56999969482
34.7617950439	27.3854522705	0.174762412906	82.75	6.10333347321
-13.5869760513	34.0926551819	0.108074530959	87	7.40999984741
39.7018966675	41.3841323853	0.0729665085673	91.5	4.03000020981
55.616897583	-11.0342769623	0.123983740807	61	9.51333332062
15.9829339981	33.2954711914	0.111625038087	90.5	4.61333322525
-43.2248916626	33.1154823303	0.0662199482322	84	5.09000015259
-10.595158577	-4.7196688652	0.166585728526	85.75	6.96000003815
-21.622964859	13.5147390366	0.0945325568318	113.25	5.10333347321
-27.3666362762	-2.47237586975	0.0763856545091	82	6.76999998093
7.75899648666	-25.6607303619	0.101167313755	84.5	7.65666675568
7.85758018494	-1.1964854002	0.0756904929876	89.75	5.07000017166
-18.1332454681	-36.0580329895	0.119529239833	81.25	9.65333366394
16.1573867798	36.403427124	0.0747372508049	96	4.75666666031
39.761882782	41.6428794861	0.0776602104306	97.25	3.87333321571
45.8532142639	-37.1910247803	0.124267295003	79.5	10.0266666412
14.6137304306	36.3527641296	0.0705502927303	87.5	5.17000007629
-35.6646194458	-17.7007045746	0.102114632726	91.75	6.61333322525
-4.8648557663	-29.1608562469	0.101344704628	77.25	6.58333349228
-37.5794487	22.7521095276	0.0968780964613	97.75	7.25
41.3462181091	-18.1837825775	0.100835323334	84.5	5.94333314896
36.7643814087	-24.085735321	0.11264821887	85.5	6.80999994278
-10.9155292511	37.6336517334	0.144593462348	86.25	7.66666650772
-20.8869380951	-28.4132385254	0.139383420348	80.25	6.96999979019
-41.9001808167	18.3588638306	0.0887869149446	111.25	8.08333301544
15.6828126907	43.2414016724	0.0829605534673	102	5.26999998093
-44.5605926514	31.0565757751	0.135325133801	77	5.03000020981
-14.1056566238	-23.4932861328	0.112686567008	75.5	6.45666646957
-11.7430067062	-3.32805752754	0.0711270570755	84.25	5.80333328247
33.3103065491	33.2294044495	0.0665628612041	85.5	4.80000019073
13.6704816818	33.2279052734	0.156818181276	86.25	5.11333322525
-37.873752594	-25.0117588043	0.0947517752647	83.5	7.46666669846
-19.7597503662	25.596031189	0.0897707566619	116.5	7.75666666031
54.4038352966	-13.728304863	0.112916007638	71.25	9.71333312988
-8.5218038559	-28.4038238525	0.136264696717	78.25	6.52666664124
30.158700943	44.3121871948	0.114190012217	93.75	5.23000001907
-27.9921360016	30.9214401245	0.0893228054047	107.5	5.56666660309
-45.116355896	29.8314037323	0.0905930474401	110.75	5.08333349228
28.091884613	34.3566398621	0.199376940727	96	7.18333339691
-10.7809562683	34.7916069031	0.073923163116	95.25	7.96666669846
12.4197645187	34.3902206421	0.091529712081	90.5	5.03999996185
-2.4971139431	35.5657653809	0.145341619849	87.75	5.17333316803
-10.2438392639	36.8072052002	0.129420623183	86	8.06666660309
46.6672973633	-14.1031217575	0.08226878196	80.5	6.23000001907
17.2951087952	37.3654785156	0.075689420104	96.75	4.51333332062
45.276763916	-13.8781032562	0.093227788806	79.5	6.71666669846
-8.54535579681	-36.012802124	0.141982391477	92.75	9.55666637421
2.53532600403	38.4479789734	0.100503720343	104.75	5.30000019073
41.3658714294	-25.4876461029	0.142598628998	98.5	7.19999980927
-16.7191143036	-8.8972492218	0.103710196912	88.75	8.19999980927
30.765296936	35.0616531372	0.072812564671	89.25	5.18666648865
51.0210533142	1.25460255146	0.0756280720234	73	8.15666675568
17.8976688385	31.972032547	0.0762302279472	86.75	4.90000009537
51.625164032	-33.4510726929	0.119326502085	81.5	8.27000045776
35.1777305603	36.1288757324	0.0683460235596	87.5	4.64333343506
2.16473174095	40.1388092041	0.180087268353	113.5	4.58333349228
42.5596885681	-11.4866390228	0.110896550119	100.5	7.53000020981
-28.1664333344	2.949031353	0.135711655021	92.25	6.46999979019
-33.7375488281	24.587934494	0.137701809406	108.75	6.86333322525
-25.9762229919	-4.21697807312	0.0813743248582	90	7.25666666031
-15.2418031693	39.1856994629	0.0819915756583	82.75	6.32666683197
-7.56841468811	34.7302055359	0.0760918483138	84.5	5.65666675568
-17.2616062164	-35.6869812012	0.154274150729	76.25	9.55333328247
-9.8630361557	35.6630973816	0.0758432820439	90.5	8.22333335876
44.642288208	-14.1273126602	0.129831939936	77.25	6.97333335876
-31.1062107086	41.3691062927	0.143648758531	84.25	6.20666646957
12.9348840714	-8.78293228149	0.0993288606405	111	3.60333323479
-14.4325675964	-10.133398056	0.0695829540491	76.75	8.05666637421
29.2976989746	41.5014419556	0.0670973137021	80.5	5.17000007629
-6.68187665939	-0.543512523174	0.148549318314	96	4.41333341599
-23.7438964844	-15.2337656021	0.109834685922	98	7.86000013351
-10.018368721	33.7895965576	0.109289616346	85	7.72333335876
-12.8255710602	-26.031539917	0.0953918397427	81.25	6.32666683197
-49.9982337952	-30.8353004456	0.133683353662	82.75	8.14000034332
-27.0586071014	1.77661728859	0.0695364251733	84	6.36999988556
-46.8790664673	27.2722930908	0.0721511766315	94.5	5.55000019073
-8.0888376236	33.8626708984	0.0921717137098	91.25	5.7266664505
47.3913764954	12.1203241348	0.0797101482749	101.75	6.78999996185
-20.9272251129	31.8707523346	0.141814991832	121.5	6.17999982834
-40.6889533997	22.7071208954	0.0821052640676	107.25	7.20666646957
-37.9058303833	-14.8999090195	0.100792750716	89	6.75666666031
-19.2039737701	-28.2571220398	0.126611962914	81	6.9266667366
38.9004974365	-22.7496051788	0.106662593782	87.25	6.52666664124
-9.01856994629	33.1231040955	0.10249017179	97.75	6.79666662216
-2.700953722	-2.90622091293	0.118866823614	101.75	5.48666667938
-44.7550773621	35.4536132812	0.0723684206605	82.5	5.66333341599
-17.0588645935	-22.3475856781	0.142175987363	82	6.54333353043
-15.8734540939	-0.711199402809	0.0716059580445	86.5	5.15666675568
-33.4467506409	29.0327014923	0.068445160985	63.5	5.59333324432
-23.763841629	-24.4150161743	0.144736841321	79.75	6.19666671753
6.53706550598	-30.7043972015	0.104256018996	79	6.96666669846
-39.9878234863	-33.9133796692	0.122161313891	78	8.99666690826
-5.78551101685	-1.35846555233	0.0804888308048	95.5	4.80000019073
-5.87973356247	-3.72589588165	0.0737051814795	83.25	6.0733332634
-37.9707260132	29.5924987793	0.0936221405864	97.25	5.35333347321
-27.7734355927	-33.3919181824	0.110085472465	80.5	9.25333309174
34.5191574097	32.5453796387	0.0849394872785	94.75	4.14333343506
-7.99370527267	-0.951775252819	0.155990019441	93.75	4.18666648865
-16.0498847961	39.214515686	0.0913134515285	87.25	6.12666654587
50.3477249146	-35.5947341919	0.195735380054	89.5	8.97000026703
8.1056842804	-1.6047257185	0.0846560820937	92	4.41333341599
-13.4574766159	38.2909927368	0.0742594897747	89	6.84000015259
27.5029411316	32.9098892212	0.145147681236	86	5.71333312988
-29.2727832794	-29.3667469025	0.123496390879	77	7.69666671753
-10.369849205	36.238899231	0.105437070131	87.75	8.16666698456
28.7171268463	35.5051193237	0.0708089545369	87.75	6.21333312988
-35.0545730591	27.0016994476	0.0712510347366	86	6.06333351135
-47.1137619019	-25.4157791138	0.101851850748	88	5.45333337784
-44.5472679138	26.3274745941	0.0801308229566	98	5.90666675568
3.56302785873	37.6310081482	0.121987953782	101.25	5.71333312988
-11.7360887527	41.4240531921	0.0706025585532	87	7.23999977112
37.546836853	-23.8341846466	0.151572927833	79.5	6.69666671753
17.8351631165	36.463973999	0.0754938423634	96.5	4.80000019073
52.9958152771	13.9235744476	0.149709299207	103	11.8633337021
38.7914047241	42.591468811	0.113425925374	85.75	3.8599998951
41.0833053589	-9.3496427536	0.0778725296259	86.75	7.82999992371
-14.0036659241	-31.2618713379	0.170514166355	81.25	8.18333339691
10.009645462	37.8465309143	0.100174866617	100.25	6.13999986649
53.8684310913	-7.93581151962	0.129938274622	105.25	8.75666713715
-25.0881881714	-22.1066207886	0.0895930081606	82	6.46999979019
6.75815057755	37.6681747437	0.198091775179	109	5.21333312988
-24.4513244629	-9.82977199554	0.123150885105	83.25	8.2733335495
50.5021286011	6.86840486526	0.137429267168	85	13.1999998093
-33.1729927063	-15.4709730148	0.0804205015302	76.5	7.42999982834
-14.5772151947	36.3516235352	0.100995734334	88.75	6.48333311081
-20.2052612305	-5.84213972092	0.16615653038	95	7.63000011444
5.72729158401	42.7111663818	0.177396282554	93	6.30999994278
36.6398086548	42.2883415222	0.0724174678326	85	4.64333343506
-41.5365829468	32.2402381897	0.074408903718	80.25	4.91666650772
-14.6141309738	-15.3329820633	0.0815958827734	79.25	7.61666679382
-32.7135124207	38.2926559448	0.095855653286	85	5.65000009537
-34.7202072144	-16.7675037384	0.082313105464	79	6.95666646957
25.6958847046	34.0138587952	0.0743753612041	96	5.4266667366
-12.2379512787	33.5144386292	0.0715532302856	92.25	8.06666660309
54.129032135	13.9629802704	0.0906825140119	118.25	11.6666669846
-14.5880823135	-0.136597201228	0.0769403353333	85.75	4.95666646957
37.9582939148	-20.2631893158	0.0890161395073	85.5	6.39666652679
41.8609848022	-15.7455368042	0.123515442014	104	6.5
-13.7243938446	39.4984779358	0.0977023839951	113.75	6.68333339691
-59.5969581604	19.7320022583	0.0975867882371	115.25	7.6533331871
-11.7245807648	39.0770339966	0.0816470608115	86.75	7.25333356857
-28.4531879425	28.6852092743	0.103638872504	112.5	5.94999980927
-31.0142459869	-3.49554252625	0.143362268806	111.5	7.13999986649
-10.7703084946	34.023021698	0.07498986274	92.5	8.01000022888
19.0304031372	35.9418373108	0.076116502285	98	5.12666654587
12.5829601288	-27.5858612061	0.101935483515	79	7.81333351135
41.0714683533	17.7760944366	0.0859221369028	109.25	5.73000001907
-27.122625351	-3.89024972916	0.0747483372688	87.25	7.2266664505
-36.2495765686	-10.9869852066	0.0704519152641	76	7.30000019073
7.05949687958	41.317073822	0.115284301341	110.5	5.40999984741
-30.2281665802	1.11611902714	0.103543065488	84.75	6.2266664505
46.1695518494	-2.65411281586	0.0739658251405	82.25	8.39999961853
-17.6480998993	39.1548995972	0.121637776494	101.75	5.95666646957
-22.9994163513	-2.20766854286	0.0832728147507	86	6.54333353043
10.6424722672	42.1618156433	0.135366693139	98.75	5.08333349228
36.8725013733	41.7931175232	0.138014525175	85.5	4.54333353043
-46.6392211914	42.241809845	0.1177944839	94	7.73333311081
35.3501014709	26.718837738	0.0737499967217	88.5	5.63333320618
-31.4565563202	-12.0971431732	0.154299750924	78.5	8.31666660309
12.8672580719	33.9643249512	0.111007168889	89	5.2266664505
-9.46476459503	38.0697059631	0.156499996781	78.25	7.79666662216
2.44255661964	-29.6493835449	0.116229623556	82	6.80999994278
-54.0565681458	32.7243804932	0.074074074626	92.5	5.2733335495
-26.7515411377	0.277396976948	0.103255815804	83.25	6.21333312988
-34.729385376	-18.1216449738	0.102505035698	89	6.71333312988
-23.9314880371	-25.9594192505	0.0931104049087	80.75	6.4266667366
-11.6491117477	-2.50856184959	0.0729695409536	86.25	5.3466668129
-33.1392745972	-0.22438403964	0.100349746644	93.25	6.46999979019
-28.2223377228	1.02888524532	0.0741347521544	90.5	6.36999988556
11.1091556549	-26.4822826385	0.128235295415	81.75	7.90000009537
-28.9548492432	28.8095397949	0.091186568141	119.5	5.84999990463
-11.2184448242	-0.13622507453	0.117988392711	106.75	4.44333314896
-44.1863861084	17.0721263885	0.12271540612	94	8.19999980927
6.69433403015	-28.9788322449	0.115800134838	85.75	6.86666679382
-39.5126152039	1.47747957706	0.160030931234	103.5	6.79666662216
-9.0559425354	-14.1527671814	0.116992585361	86.75	7.38666677475
50.6901359558	-6.98928117752	0.120998941362	86	9.24333286285
45.1154212952	-33.6175422668	0.118036210537	84.75	8.02666664124
-17.8072376251	-31.2698841095	0.118950240314	87.25	8.26666641235
-41.6935462952	32.2508277893	0.0820180401206	72.75	4.97333335876
7.31188058853	39.7063369751	0.175478577614	96.25	5.26666688919
-30.674200058	27.4840774536	0.156590089202	129.5	6.10666656494
-32.2690696716	-23.027256012	0.143480375409	74	6.6533331871
50.7372398376	2.21637511253	0.0698477178812	86	8.51333332062
-35.107460022	-19.0462493896	0.0860732421279	80.5	6.67000007629
-40.916015625	34.6069412231	0.072256565094	93.5	5.09000015259
-21.0761680603	32.4061012268	0.12127494067	117	6.0233335495
-34.0409431458	-21.3141784668	0.0781456977129	73.75	6.73999977112
-42.5271339417	-27.4467182159	0.109947644174	89.25	7.5966668129
18.0987682343	33.6909141541	0.104098118842	87	4.71333312988
2.2504940033	57.9363021851	0.0764331221581	81	6.71666669846
44.100730896	-33.9848937988	0.135329797864	89.25	8.06999969482
-15.6929035187	-29.9675445557	0.106430158019	84	7.6533331871
18.8687953949	34.1552200317	0.0780251696706	100.75	4.86999988556
53.7904434204	-11.796918869	0.0737837180495	80	9.71333312988
-3.34095668793	36.0212936401	0.0854311212897	107.75	5.11666679382
12.3724241257	39.3364601135	0.0997915565968	95.75	4.13999986649
16.5992031097	35.9643936157	0.108436919749	102.5	4.69999980927
-15.5416002274	-8.05250263214	0.148607969284	98.75	8.10000038147
39.1392822266	-25.9596843719	0.207567572594	96	6.88333320618
-13.147064209	0.0272852610797	0.192777216434	94.75	4.75666666031
12.2867364883	37.2036895752	0.0736842080951	92.75	5.63999986649
-25.6929016113	-20.6486606598	0.0940964967012	78.5	6.80000019073
-18.1195697784	36.8187179565	0.0939960628748	95.5	5.9266667366
-38.9503555298	-25.654214859	0.107142858207	86.25	7.48000001907
-10.7177085876	32.9421958923	0.0763157904148	94.25	8.23666667938
41.5330085754	-9.70781612396	0.0790837183595	72.5	7.5733332634
-41.6936187744	21.8983860016	0.0774647891521	101.75	7.39333343506
-4.89272165298	-2.3365240097	0.0779552683234	91.5	5.28666687012
42.6163597107	-30.8559761047	0.266905725002	130.25	7.76999998093
41.8096656799	-9.10290241241	0.107085160911	116	7.48666667938
50.2476158142	-35.1316642761	0.241918101907	112.25	8.71333312988
-19.1352863312	-26.9696578979	0.13235874474	83.75	6.61333322525
46.5166511536	-14.0981731415	0.107958734035	73.25	6.23000001907
-18.4491920471	23.8446426392	0.0821658447385	108.5	8.91333293915
16.1510677338	34.0602302551	0.0646343827248	83.75	4.45666646957
-22.5450248718	-21.0144271851	0.115714818239	77.5	6.68666648865
40.0068130493	-17.3106384277	0.119283661246	93.25	6.21333312988
43.4320983887	-14.7171869278	0.0921212136745	95	6.69999980927
44.7198410034	-27.27485466	0.124146126211	104.5	8.69999980927
25.4490909576	32.7023048401	0.157232701778	87.5	5.6533331871
30.5570163727	44.4764022827	0.0731306523085	89	5.23000001907
-9.24705410004	38.0651016235	0.0747446641326	80.5	7.75333356857
-13.5709314346	33.440738678	0.133378013968	99.5	7.71000003815
28.9948768616	32.7717247009	0.0826807916164	89.75	6.18333339691
-33.1934585571	-20.8161811829	0.0811449587345	77.25	6.68333339691
-32.6084671021	0.448329210281	0.132712081075	103.25	6.32666683197
-58.6833381653	19.781993866	0.0986005067825	116.25	7.55333328247
-36.6608924866	-11.3441972733	0.0812685862184	82	7.25666666031
-4.64505338669	-1.11346578598	0.0846368148923	98.75	4.84333324432
4.28344583511	-28.257396698	0.111581005156	85.75	6.76666688919
12.851442337	35.6227340698	0.101398602128	87	5.39666652679
17.3330497742	41.8753356934	0.154718235135	116	5.32666683197
-10.226064682	1.7429265976	0.0744706168771	78.25	6.11666679382
-10.3547258377	32.508441925	0.140658408403	82.25	8.12333297729
-19.9839057922	25.2183094025	0.0864126235247	112.25	7.91333341599
-14.5036621094	-0.546358942986	0.135256409645	105.5	5
29.708776474	-37.3181762695	0.135058626533	83.5	9.94333362579
-15.9035100937	-12.6011619568	0.0951670631766	79.75	8.08666706085
44.0574455261	-27.4369621277	0.115998700261	89	8.39999961853
1.67885243893	-29.5453529358	0.110745973885	84.25	6.76666688919
-33.1473960876	34.7585716248	0.140552997589	91.5	5.20333337784
-13.9299125671	-2.92342472076	0.0730065256357	86.75	5.86000013351
38.3351516724	-21.3060588837	0.16302447021	93.25	6.38333320618
40.029586792	-8.28760051727	0.105320602655	96.5	7.73000001907
-24.9345302582	-4.37701368332	0.0821619033813	84.75	7.24333333969
15.8531179428	-32.6839790344	0.146696031094	83.25	6.93666648865
7.41449928284	37.7956504822	0.154199019074	109.25	5.31333351135
-41.9947052002	10.3010339737	0.123684212565	94	7.1533331871
-6.24733543396	-34.8584060669	0.133358091116	89.75	8.97333335876
-46.5061035156	-28.6096744537	0.116878651083	85	8.40999984741
-13.4718494415	-24.4211406708	0.0868331417441	76.5	6.36999988556
11.946346283	34.0501861572	0.0780851095915	91.75	5.18333339691
32.4992675781	-37.6099853516	0.13498622179	85.75	9.77000045776
-6.87633943558	36.0604324341	0.121985316277	87.25	6.63000011444
-37.2469940186	-13.1099376678	0.127326875925	85.5	7.19999980927
43.3136138916	-27.6957988739	0.173885554075	137.5	8.14333343506
32.9942398071	-37.0591392517	0.138403996825	83.25	9.68333339691
-0.451787114143	36.6920318604	0.0960056036711	102.75	6.09999990463
-34.3625411987	-19.293636322	0.088779643178	76.75	6.62666654587
-51.265663147	33.1656188965	0.0741475000978	93.5	5.41666650772
-46.7840805054	35.6117210388	0.0720528289676	92.75	5.92000007629
7.05949687958	41.317073822	0.137994483113	112.5	5.40999984741
-32.3366928101	2.63391494751	0.0776177197695	90.25	6.23999977112
6.41444540024	39.5699958801	0.192233934999	100.25	5.29666662216
-28.5850105286	30.0172405243	0.0948239266872	111.75	5.57999992371
2.31655287743	38.3281669617	0.173835918307	98	5.30000019073
41.5124549866	17.5186424255	0.0945529267192	115	5.78666687012
-9.46476459503	38.0697059631	0.0772093012929	83	7.79666662216
-47.0276985168	-27.0117969513	0.117609255016	91.5	6.86666679382
-39.0353736877	-1.67475104332	0.110350489616	100.75	8.06666660309
-18.7211303711	-25.8870449066	0.102832511067	83.5	6.36999988556
11.02115345	37.4031791687	0.139979153872	100.75	5.94000005722
14.7679433823	35.5661201477	0.0974219813943	89.75	4.65666675568
-9.83357620239	43.7195625305	0.0761325508356	90.75	7.24333333969
4.66267585754	42.4364204407	0.166149750352	93.75	6.44000005722
-17.9864139557	-23.3942451477	0.0925021544099	80.5	6.30000019073
-4.87276315689	35.6967773438	0.0733241587877	93.25	5.61333322525
-9.25579547882	-25.1075954437	0.106347620487	80	6.34000015259
26.6357936859	34.6117324829	0.0792682915926	81.25	6.57000017166
3.64383625984	40.8946914673	0.146532073617	112.5	4.98333311081
16.6391963959	41.9752540588	0.132008299232	111.25	5.41333341599
5.60331344604	37.8862609863	0.0834824070334	105	5.25666666031
46.5465927124	-13.7388181686	0.0749881342053	79	5.42999982834
-10.6734247208	36.817035675	0.163155049086	75.5	7.85333347321
-36.9162101746	-12.6618432999	0.0909829437733	84	7.30000019073
-5.26378774643	44.3062820435	0.098470620811	91.75	5.48333311081
-5.86643314362	-1.1139216423	0.0748072490096	89.75	4.69999980927
29.067773819	31.1837043762	0.0921595618129	83.75	5.86999988556
-38.8037261963	22.6181850433	0.0789637342095	95.25	7.25
20.6679496765	34.666217804	0.0953978896141	99.5	5.48333311081
-19.9462089539	-20.0355377197	0.079781703651	76.75	6.88666677475
-31.4681892395	29.5435695648	0.0925110131502	105	5.57999992371
-49.064655304	14.8800783157	0.0752147510648	89.75	8.41666698456
31.476392746	34.4360733032	0.0805878192186	85	5
7.6640663147	38.986125946	0.0841242447495	97.5	5.61000013351
-20.4289531708	-9.60799789429	0.0984358116984	91.25	8.24333286285
-48.800239563	24.197057724	0.09793510288	83	6.36333322525
-28.0059337616	32.1862487793	0.0978854820132	103	5.34000015259
-41.9607849121	21.2486228943	0.0729082077742	89.75	7.57999992371
3.68819212914	-27.4642181396	0.171727746725	82	6.75333356857
-35.328742981	-1.1549243927	0.0806903988123	93.5	7.11000013351
-10.1890239716	-5.2935795784	0.0786927565932	91.5	7.36000013351
-17.2112579346	25.1409168243	0.164515063167	124.25	8.28333377838
53.4601325989	-3.76043772697	0.0876216962934	78.75	7.81666660309
42.2839736938	-12.5401515961	0.0960686579347	86.75	7.53000020981
47.7910385132	13.3883361816	0.0928528979421	117.25	5.38333320618
32.0704956055	44.3158187866	0.0737205520272	90.75	5.17333316803
-13.8743448257	-4.48462057114	0.11598469317	98.5	6.80333328247
30.8407211304	33.6303787231	0.0694988667965	84.25	5.51333332062
11.6598167419	36.7262763977	0.189009949565	99.75	5.75333356857
54.5318374634	13.1535949707	0.0914328694344	91.25	13.0100002289
45.8038825989	0.115242727101	0.0669623985887	79.25	8.5
41.147693634	-7.3545923233	0.175749316812	129	7.92999982834
-22.7074146271	-20.2878665924	0.0913526713848	84.25	6.78666687012
56.3156356812	10.7514972687	0.0865738838911	105.75	13.7133331299
-6.84017276764	36.7433929443	0.0779773145914	82.5	6.14333343506
-10.0926942825	43.1931686401	0.0835610181093	91.75	7.28666687012
-11.5158939362	36.7226448059	0.0759964957833	86.75	7.55333328247
40.3750839233	-20.5517063141	0.103572502732	86.25	6.30000019073
55.3702316284	10.9066343307	0.138289362192	86.5	13.2433328629
37.7324295044	-27.1755409241	0.105138808489	89	6.85333347321
11.5133695602	34.5878372192	0.094909183681	92.75	5.13999986649
-43.496673584	25.276052475	0.0698220208287	89.25	6.27666664124
11.8959798813	34.3771781921	0.0728682205081	94	5.13999986649
29.1339645386	42.6477890015	0.130718961358	85	4.96999979019
-33.7361488342	-2.92208957672	0.143806174397	92	7.35333347321
-13.6378946304	39.6173782349	0.0692597702146	87.25	6.7266664505
-44.0864067078	27.8102531433	0.0708933696151	92.25	5.48000001907
-46.4288330078	25.3430500031	0.0665655210614	87.75	6.16333341599
24.848443985	-34.5592689514	0.113987773657	79.25	8.91333293915
-46.0665550232	28.4444179535	0.0680349692702	89.5	5.21000003815
-29.2266788483	-1.64361763	0.0822616443038	92.75	6.7266664505
-11.2882165909	35.3589363098	0.0796855092049	93.75	7.80999994278
11.2246837616	39.1843223572	0.156601130962	111.5	4.49666643143
-14.4583511353	36.8055763245	0.0727906525135	88.75	6.53999996185
39.612651825	19.5583381653	0.0962775722146	104.75	6.55999994278
-10.5651788712	36.1298294067	0.0754283294082	90.25	8.01000022888
-16.0718097687	-24.6677875519	0.124405704439	78.5	6.31333351135
-7.13216638565	35.5015029907	0.0881901830435	86.25	6.24333333969
-9.47822189331	36.6759796143	0.168018013239	93.25	8.16666698456
45.6593971252	11.1830768585	0.17049728334	102	6.35333347321
18.7186279297	41.2983818054	0.134937554598	110.75	5.26999998093
-19.4285888672	-6.50152873993	0.103400610387	93.5	7.87333345413
-34.4105224609	25.1030254364	0.0791864171624	100.25	6.61999988556
-42.7864151001	35.6447257996	0.0756520032883	95	5.46333312988
56.1769752502	10.3853912354	0.0924829170108	101.5	13.3433332443
-20.8157844543	-29.8260650635	0.130263671279	82.75	7.6533331871
7.67669296265	-29.2930202484	0.12049433589	87.75	6.92333316803
-15.0073337555	38.6974487305	0.0666404590011	84.75	6.48333311081
54.1639785767	-3.50180983543	0.0840297117829	90.5	7.61666679382
-34.7013778687	37.0175247192	0.137902900577	84.5	5.36333322525
-33.6774139404	-18.9035224915	0.0899623930454	77.75	6.76999998093
10.9559726715	40.7732315063	0.0826763287187	97	4.92333316803
43.1178970337	-23.9196472168	0.0939578711987	84.75	7.68666648865
-37.1238250732	36.6060562134	0.0646610632539	82.75	5.46333312988
-32.3538665771	-3.08291912079	0.078651688993	89.25	7.19666671753
-17.6913223267	-30.7468776703	0.110893033445	84.75	8.15333366394
-22.5034103394	-15.2950687408	0.0955649390817	90.5	7.86000013351
32.3565368652	32.8491096497	0.172251313925	82.25	5.09999990463
41.2470321655	-10.2258806229	0.135121956468	69.25	7.81666660309
25.2338275909	39.3955917358	0.139800816774	94.75	5.74333333969
36.4591712952	-27.5076370239	0.120062693954	95.75	6.99666643143
53.9331092834	11.6804027557	0.0838948041201	96.5	13.0966663361
-44.2036590576	21.8285484314	0.0697720125318	88.75	7.38000011444
18.413187027	34.909740448	0.0692724436522	89.5	4.91333341599
-46.8253822327	29.9455833435	0.0715663135052	83.5	5.08333349228
-44.1261138916	-25.3439693451	0.102447353303	90	6.96666669846
-7.96802473068	34.6264228821	0.0721730589867	91.75	6.12666654587
-11.3035697937	0.926447927952	0.138992220163	102.75	5.35666656494
-8.66138744354	-2.66722512245	0.114201180637	96.5	5.37333345413
47.2207069397	-13.040886879	0.0786545276642	77.75	4.07000017166
20.536239624	33.4576377869	0.0987281724811	114.5	4.95666646957
-2.37961959839	-3.96760106087	0.0850355252624	95.75	6.11666679382
-8.82202911377	-2.09541034698	0.0814764797688	90.5	4.97333335876
-12.6449975967	32.241733551	0.110899575055	116.5	8.53666687012
-36.2776527405	24.223323822	0.0758687257767	98.25	6.76333332062
20.0771255493	35.3091011047	0.0954736545682	96.5	5.39666652679
-38.2340164185	20.8024597168	0.0942229777575	110.5	7.6533331871
-28.5057449341	30.1164836884	0.15887850523	136	5.57999992371
4.72341299057	40.4070854187	0.205711260438	97.25	5.2266664505
-15.3706178665	37.8808135986	0.0741208642721	88	6.38333320618
-24.0807590485	-27.7326641083	0.100123606622	81	7.07000017166
-28.6036682129	-3.98342514038	0.0743948444724	83.75	7.26999998093
-47.3272705078	22.8502559662	0.0694471374154	89.5	6.94999980927
-26.8504276276	0.69362205267	0.0849705338478	86.5	6.31333351135
-10.3158512115	34.4508895874	0.0716216191649	92.75	7.96666669846
-34.1683998108	-15.4110126495	0.0830969959497	73.25	7.28666687012
-10.3756494522	-36.2769088745	0.147555172443	85.25	9.62666702271
29.0482387543	32.026725769	0.152907684445	94	5.9266667366
-28.5440635681	39.9557228088	0.217485159636	100.75	5.6766667366
-15.4245767593	-10.7318162918	0.125993639231	79.25	8.10000038147
-16.8778018951	27.1657238007	0.0837606862187	110.25	8.35333347321
25.2526702881	39.1546401978	0.138400271535	104.25	5.88666677475
-26.7549324036	41.3411598206	0.0925975739956	86	6.13333320618
42.5311203003	-23.8891086578	0.195272356272	95	7.38666677475
-2.85093307495	-25.3330459595	0.123298324645	79.25	6.44000005722
47.1678276062	12.3821363449	0.0894422307611	112.25	6.88999986649
-7.17537069321	-1.5224108696	0.133354857564	103.25	4.59999990463
-5.55171775818	-3.56195449829	0.152835145593	101.75	5.92999982834
-5.29551935196	-0.869192063808	0.102933190763	94.75	4.74333333969
-42.8347892761	41.3934211731	0.0800561830401	99.75	7.21999979019
28.4869060516	34.7099151611	0.160270884633	88.75	6.82666683197
-24.2043018341	-23.1996135712	0.0988336429	80.5	6.34000015259
-25.2733840942	-3.29620409012	0.208550572395	100	6.95666646957
-46.6485710144	-24.4031028748	0.0950782969594	85	5.1533331871
-11.6195802689	41.420753479	0.118151322007	79.25	7.29666662216
27.0070781708	36.0897483826	0.0710723176599	85.5	7.36999988556
26.195230484	34.6999702454	0.0878086015582	86.25	5.76999998093
-34.811290741	22.9137649536	0.0878610387444	108.75	7.33666658401
-14.0768728256	34.9873123169	0.113435037434	115.25	6.89666652679
-8.9800491333	0.272062242031	0.0781773477793	87.5	4.5
-10.7267198563	35.1230163574	0.0778479725122	95.5	7.96666669846
-26.6683597565	30.7546024323	0.204441308975	145	5.69333314896
29.8746871948	33.6855239868	0.127502635121	90.75	5.9266667366
-6.60761356354	-34.3129653931	0.136730208993	93.25	8.87333297729
-12.4728021622	39.4605560303	0.0783812552691	92	7.0966668129
9.86484146118	38.3147392273	0.0782079026103	99.5	5.88333320618
18.8831386566	32.9637336731	0.170186713338	139	4.85666656494
-29.8860855103	-26.8858833313	0.118313401937	94	6.86666679382
-44.7472267151	-32.1743202209	0.116012506187	83.5	8.68333339691
24.4844093323	34.8371124268	0.08262565732	90	6.34000015259
18.085111618	31.8729686737	0.0708630979061	91.75	5
-13.5614433289	38.7701797485	0.0750750750303	81.25	6.84000015259
15.4535713196	33.2791099548	0.0845201984048	90.5	4.71333312988
4.27798652649	38.8193397522	0.0823482275009	102.75	5
8.02157402039	-1.11498236656	0.0753112062812	90.75	5.17000007629
6.28324317932	40.4277038574	0.0920123532414	104.25	5.29666662216
-43.9816513062	33.2787857056	0.0716066136956	79	5.23333311081
-9.60921382904	41.1162567139	0.0686549246311	85.75	6.94000005722
-31.6054821014	-29.584777832	0.0999688580632	80.25	7.78000020981
40.4742469788	-22.7286510468	0.202867761254	95.5	6.75666666031
-10.9103507996	-3.57192611694	0.0776848569512	88.25	6.01666688919
-16.1425933838	-37.8294181824	0.15945674479	79.25	10.1533336639
-27.8492908478	2.19608402252	0.065995067358	80.25	6.36999988556
11.023358345	40.52576828	0.0798390507698	94.25	4.71000003815
-15.8426895142	-4.41036176682	0.0798470526934	88.75	6.9033331871
-13.3248691559	28.2618980408	0.145014315844	139.25	8.23999977112
-10.4592189789	41.3896560669	0.155916467309	84	7.44000005722
-29.415769577	30.0575695038	0.0887436792254	105.25	5.57999992371
-24.1671237946	15.4763221741	0.10503282398	84	6.26333332062
-26.9269809723	-19.6820659637	0.113867685199	89.5	6.95666646957
-15.0143156052	-5.56148576736	0.123509936035	93.25	7.41666650772
16.4306983948	42.4837722778	0.0753314569592	93.75	5.21333312988
-47.160823822	26.4829330444	0.0783938840032	102.5	5.80666685104
39.9092712402	19.6631546021	0.0919082835317	121.25	6.55999994278
-35.0461463928	-16.6881961823	0.106518819928	79.25	6.90000009537
50.9255561829	-32.9562034607	0.118822291493	84.75	8.17000007629
5.64427232742	39.5590591431	0.114484682679	102.75	5.12666654587
-23.9153461456	1.51943457127	0.0872043892741	103.25	6.40000009537
1.42751801014	36.8087348938	0.117489591241	98.75	6.25666666031
-34.2994651794	27.5617656708	0.05795288831	69.5	5.96333312988
56.5308380127	8.40915775299	0.0753277242184	96.25	11.5600004196
-32.9825706482	-27.6287670135	0.0951526015997	79.5	7.13666677475
51.9688606262	12.7073163986	0.0861011222005	101.75	10.5900001526
25.5645561218	39.292766571	0.0837563425303	90.75	5.94333314896
-41.8451881409	33.3464279175	0.15670517087	78	4.98999977112
8.90003871918	-27.0298671722	0.12088752538	79	7.58333349228
-5.78713655472	-1.84774518013	0.1161198318	101.75	4.98666667938
-26.5256900787	-20.2167739868	0.0896533057094	82.75	6.80000019073
-15.6290092468	-2.27064990997	0.091920658946	95	5.88666677475
35.5195846558	26.5293617249	0.100526168942	90.75	5.43333339691
-10.7437238693	35.2347335815	0.0823988318443	84.5	7.90999984741
-17.2564525604	-0.383487045765	0.0951169878244	93.5	5.25666666031
19.8324832916	34.853729248	0.0887274295092	100.75	5.28333330154
-54.7298240662	32.5580673218	0.0810447484255	105.5	5.32999992371
44.2180900574	-11.6179866791	0.0856543853879	71.5	6.14333343506
26.3175354004	35.6003303528	0.0726311653852	92.75	6.95666646957
-38.8336524963	36.9596252441	0.0986533984542	84.25	5.65000009537
-13.6148014069	39.0116539001	0.0839746519923	92.75	6.78333330154
-53.2695121765	22.8825969696	0.103037521243	129.75	6.69333314896
33.3945121765	-39.3389205933	0.136270076036	82.75	9.85666656494
-16.3390846252	-22.6092300415	0.095822378993	82	6.44333314896
28.8142185211	41.8521728516	0.0703173652291	84.75	5.08333349228
-32.8213424683	-19.5127506256	0.0857805237174	83.25	6.82666683197
-30.9420585632	-0.893989264965	0.0788218230009	95	6.46999979019
-11.0869016647	42.8243675232	0.0786922201514	87.25	7
-17.9701557159	-7.57221364975	0.0943738669157	91	8.08666706085
-10.8315677643	32.306312561	0.199215337634	114.25	8.69333362579
-39.4280700684	24.0864238739	0.0766449719667	79.5	6.83333349228
-43.5761795044	43.5305099487	0.0929495021701	95.25	7.73666667938
-13.4778156281	-29.9096870422	0.119541876018	83.5	7.61000013351
43.3951225281	-18.9125213623	0.0801496133208	75	5.90000009537
41.3409843445	-4.5986866951	0.0743288248777	83.75	8.82999992371
-9.14668369293	-1.03401708603	0.0824364572763	90	4.2733335495
-10.5592870712	39.4094085693	0.0878586098552	85.75	7.21000003815
-10.8315677643	32.306312561	0.0923940762877	90.5	8.69333362579
52.9850921631	2.58097529411	0.0681771785021	83.5	8.35999965668
38.0322914124	-20.8250541687	0.100802853703	84.75	6.38333320618
14.5863037109	42.8050346375	0.075620085001	93.75	4.62666654587
-13.4850721359	-0.300224691629	0.179532423615	101.75	4.74333333969
-30.155166626	-23.131401062	0.151452288032	73	6.52666664124
-15.9991025925	39.4547843933	0.0759259238839	82	6.17000007629
50.3846435547	12.5679283142	0.0864583328366	103.75	4.86666679382
22.2284526825	34.6222648621	0.1166138798	101.25	6.31333351135
17.3102722168	34.4280014038	0.0971143171191	87.5	4.55666685104
-8.81548118591	0.516878247261	0.0939482674003	96.25	4.84333324432
45.3673400879	12.2413225174	0.131278887391	106.5	6.60666656494
-52.9202842712	30.2677326202	0.0805612131953	89	5.02666664124
52.4968299866	-22.774520874	0.0959371775389	70.25	7.51666688919
-16.5040607452	37.920715332	0.0712462291121	76.75	6.13999986649
11.5671138763	34.9205474854	0.0700562745333	90.25	5.19666671753
11.3361721039	36.7181739807	0.0742477551103	95	5.85333347321
-13.2187385559	-23.1027488708	0.0947143286467	77.5	6.55666685104
31.7991104126	44.5672798157	0.075946778059	92.75	5.17333316803
-24.8588371277	-11.0266370773	0.0722974538803	78.75	8.41666698456
7.39687919617	-29.3901081085	0.106369428337	83.5	6.92333316803
-11.7981100082	32.0107460022	0.0969134494662	112.25	8.89333343506
-39.4933242798	0.113630197942	0.0813182145357	95	7.21000003815
25.5392436981	-36.0501022339	0.117190390825	79.25	9.34333324432
-37.5449829102	-13.3823375702	0.11600279808	83	7.19999980927
-11.8001642227	-21.8767242432	0.0947091504931	81	6.61333322525
-51.2433433533	33.7164077759	0.0737229138613	95.25	5.50333356857
34.1728019714	-34.8597145081	0.132750734687	79.75	9.08333301544
5.48641681671	37.7675743103	0.202950373292	113.5	5.30000019073
-17.3960971832	26.2046871185	0.0974540933967	116.75	7.79666662216
-12.2612419128	34.2765693665	0.0707620531321	91	7.69666671753
-28.7147159576	29.1026611328	0.173913046718	139	5.79333353043
37.0076713562	24.0651760101	0.0802097469568	103.25	5.73333311081
42.9663734436	-23.3315124512	0.124821685255	87.5	7.38666677475
29.1953201294	31.5054168701	0.0843772143126	89.25	5.86999988556
51.2561340332	14.4106893539	0.101228497922	103	6.07000017166
22.9781093597	33.4515953064	0.0995423346758	87	6.71000003815
51.5769920349	-19.9391460419	0.126358270645	101.75	7.36000013351
28.5133628845	34.4897842407	0.0774350985885	87.25	6.82666683197
-9.88945960999	-0.544429779053	0.0722543373704	87.5	4.23000001907
26.9324531555	31.7096824646	0.0883926525712	95	5.46999979019
-45.478767395	10.6473808289	0.0729526504874	89.75	7.49666643143
29.7757129669	33.4621963501	0.104072399437	92	6.02666664124
13.3970460892	33.4360771179	0.130903676152	88	5.17000007629
41.3932609558	-3.65452694893	0.110179640353	92	8.93000030518
-26.6640758514	-18.4080791473	0.086293078959	82	7.15666675568
-32.521282196	28.5784034729	0.175337970257	107	5.69333314896
36.2635498047	42.0015144348	0.147644490004	76	4.80000019073
40.4504356384	-17.8743667603	0.104341007769	99.75	6
-33.6000404358	2.13420200348	0.0785465613008	90.25	6.34000015259
24.907043457	40.3577232361	0.14309540391	107.25	5.26999998093
-10.6726760864	35.456489563	0.152030214667	80.5	7.96666669846
51.2860145569	-22.6107597351	0.10672210902	77	7.32999992371
-33.2229995728	38.684589386	0.116963595152	113.25	5.83666658401
16.3566360474	31.6071605682	0.0689523071051	90	5.01333332062
31.248254776	45.491027832	0.123049221933	102.5	5.37333345413
-42.2897567749	-28.0401821136	0.139795586467	106	7.63999986649
