#longitude      latitude        albedo          flux    windspeed
46.1584396362	-10.8708524704	0.0699729919434	71.25	5.5
49.4767417908	-30.5857486725	0.107491858304	82.5	8.02000045776
-9.39096164703	41.8736152649	0.0658151134849	76	6.98000001907
-9.14668369293	-1.03401708603	0.0778296664357	87.5	4.26000022888
6.24912548065	42.1988792419	0.148973345757	85.25	5.86000013351
-27.9553604126	-20.537322998	0.0911086723208	83	6.86000013351
-19.1532497406	30.7611236572	0.122316382825	108.25	6.63999986649
-17.9015140533	34.3390274048	0.175958186388	101	6.05999994278
-7.37489509583	-14.7406892776	0.138256758451	80.5	7.32000017166
36.4173126221	43.5802001953	0.168295323849	77.5	4.71999979019
-8.05442142487	-10.0044031143	0.155598640442	80.25	7.63999986649
-32.1020088196	5.92198610306	0.161243140697	110.25	6.40000009537
44.8160476685	-14.6730175018	0.0847503393888	78.5	6.38000011444
-43.5141372681	-23.9404354095	0.120333455503	83	6.34000015259
10.8383359909	-18.7034873962	0.13178807497	99.5	7.15999984741
-28.2903633118	-18.2754878998	0.136581122875	78.5	7.05999994278
31.1952972412	34.6412353516	0.165869221091	78	5.03999996185
-14.6932477951	30.0084285736	0.098929233849	106.25	8.15999984741
-18.5840339661	-2.11298346519	0.0750323385	87	5.98000001907
-14.3339214325	0.682853281498	0.076402977109	84.75	5.46000003815
12.3983354568	-22.0702610016	0.108783237636	101.25	7.05999994278
44.3033218384	12.4782829285	0.103448279202	108.75	6.11999988556
-17.1125011444	-3.09709405899	0.0713218003511	83.5	6.32000017166
-20.35338974	30.0822868347	0.0772273093462	92.75	6.92000007629
35.2572479248	-27.9461555481	0.158658206463	87.5	7.38000011444
-28.0669898987	32.9386405945	0.0833658725023	106.75	5.30000019073
-34.534286499	-16.9411792755	0.0852214246988	82.75	6.92000007629
-17.7425861359	30.5076503754	0.112615659833	124.75	6.63999986649
-6.58238172531	35.1587142944	0.0818837508559	96.5	5.61999988556
-28.7726039886	-20.8407669067	0.0994100272655	84.25	6.82000017166
29.3960018158	43.3219184875	0.17828810215	106.75	5.01999998093
-6.77664995193	-3.3183889389	0.146625563502	107	5.76000022888
-28.8635292053	32.5503196716	0.0853823795915	110.25	5.30000019073
-11.9840145111	34.4891738892	0.0830521658063	80	7.78000020981
12.4437389374	33.3037719727	0.0961240306497	93	5.28000020981
-36.8431892395	-11.6972532272	0.113810315728	85.5	7.26000022888
-10.018368721	33.7895965576	0.0889103636146	92	7.76000022888
-43.9405021667	30.172121048	0.0681188106537	86	5.07999992371
-8.61580085754	-25.1939868927	0.119736358523	81.75	6.36000013351
40.0110054016	-20.6294116974	0.129283487797	83	6.32000017166
14.7814435959	43.075088501	0.0980711728334	90.25	4.67999982834
51.0308227539	12.4974460602	0.0917013287544	115.75	7.21999979019
-20.8820877075	34.0154533386	0.116770923138	98	5.78000020981
-11.0574274063	-1.68937849998	0.155298650265	100.75	4.82000017166
-24.7504634857	34.0776329041	0.129802703857	125	5.42000007629
-20.3447666168	26.0003013611	0.0850579068065	112	8
50.6859359741	-1.10777938366	0.104566514492	118.5	7.73999977112
-30.4704608917	-23.8082733154	0.0865812897682	77.75	6.46000003815
33.1062393188	32.0347709656	0.0750853270292	93.5	4.59999990463
-3.83535981178	-2.25428628922	0.0965534746647	95.25	5.21999979019
12.9925165176	-21.621421814	0.121221467853	98.25	6.34000015259
-12.8323850632	33.9634208679	0.0689322277904	89.25	7.73999977112
23.0361442566	35.3262443542	0.217653512955	99.25	6.61999988556
-13.5512399673	39.7365989685	0.119331739843	87.5	6.73999977112
39.673664093	-20.4281253815	0.115166544914	81.25	6.23999977112
25.4883728027	33.1342010498	0.212072432041	131.75	5.61999988556
-11.1178636551	31.4716644287	0.0939170271158	92.25	9.31999969482
5.70033788681	42.4499168396	0.12512613833	93	6.30000019073
-9.0632276535	-0.707419455051	0.083105020225	91	4.11999988556
-19.5759410858	-11.4581975937	0.0948544666171	91.25	8.27999973297
-15.4134759903	34.2556037903	0.0760448500514	93.25	6.61999988556
-24.0977516174	13.5604810715	0.105748943985	100.25	5.30000019073
-19.7663440704	35.5205459595	0.0909740403295	95.5	5.76000022888
-15.9717941284	-17.3638153076	0.0803882554173	80.75	7.36000013351
-51.6339378357	31.7768669128	0.0674458742142	88	5.19999980927
-8.15702724457	-0.462304115295	0.116191029549	99.75	4.09999990463
27.9947166443	31.4452724457	0.0923112332821	100.25	5.63999986649
-26.1174488068	23.8000850677	0.0924418568611	119.25	7.84000015259
-24.0684318542	-29.952337265	0.098312780261	75.75	7.86000013351
41.1709022522	-21.526966095	0.128716602921	85.5	6.53999996185
47.9651527405	-4.66906261444	0.0972960963845	109.75	8.96000003815
-12.184969902	30.5622272491	0.176919415593	92.75	9.03999996185
-21.7401733398	-16.6824855804	0.0744837746024	75.75	7.55999994278
-28.1885070801	32.9449005127	0.0810758918524	105.5	5.30000019073
-47.3389587402	30.8238983154	0.121621623635	78.75	4.96000003815
29.552980423	42.4160232544	0.0835030525923	92.25	5.03999996185
-41.9965820312	27.7860107422	0.0673563182354	73.25	5.71999979019
-12.4879827499	-2.51015973091	0.071443580091	85	5.38000011444
-28.6769371033	32.9702987671	0.168218493462	135.5	5.30000019073
24.5417137146	35.6227989197	0.0811832770705	91.25	5.34000015259
-10.2238759995	-1.36153185368	0.142598628998	98.5	4.53999996185
-26.5853118896	32.7568206787	0.153378888965	151.5	5.46000003815
-7.76823759079	35.6237068176	0.106851547956	98.25	6.82000017166
-48.5379753113	31.2278957367	0.0852965041995	78.75	5.01999998093
-20.345287323	27.8631801605	0.0755327269435	99.25	8
21.4037342072	34.1465492249	0.0797230452299	100.75	5.73999977112
53.9606399536	-18.3498039246	0.0858725756407	85.25	8.65999984741
29.5655002594	32.6945114136	0.0749419033527	96.75	6.09999990463
-17.764629364	37.9682540894	0.0704986974597	88	5.92000007629
41.0779762268	-11.2736282349	0.0961862057447	85.75	8.10000038147
-33.8203544617	-17.2778434753	0.0992130413651	88.25	6.96000003815
-9.70309352875	37.4891700745	0.0710789561272	83.5	7.88000011444
-12.3177499771	36.4003448486	0.0833963230252	82.75	7.32000017166
-25.5590190887	35.8998985291	0.0775127783418	91	5.46000003815
-19.0793437958	30.4487934113	0.125113323331	103.5	6.69999980927
37.1765289307	24.1696281433	0.0771434009075	101	5.73999977112
49.868812561	-29.5605392456	0.148582994938	91.75	7.96000003815
11.3396463394	34.1449775696	0.130859375	100.5	5.30000019073
-7.75272703171	-2.17588615417	0.138950720429	109.25	5.01999998093
-11.6812114716	31.9028892517	0.0766276195645	99.75	9
-44.5664367676	32.9928588867	0.0751036331058	77	5.19999980927
-7.50909471512	-2.58395886421	0.0954198464751	93.75	5.32000017166
16.9286365509	35.5253257751	0.150068208575	110	4.69999980927
41.9097366333	-5.20716381073	0.0675879940391	78.25	8.77999973297
43.8765068054	-19.3975067139	0.0823560059071	79	5.90000009537
-13.010602951	38.2776870728	0.0689105764031	86.5	7.05999994278
-15.1482372284	-4.16034507751	0.107846103609	89	6.61999988556
-7.0906329155	-0.298980504274	0.141176477075	102	4.32000017166
-29.4441413879	-27.2619915009	0.0997581630945	82.5	6.98000001907
-25.2294578552	26.8547344208	0.108913041651	125.25	7.07999992371
-25.0394172668	-6.38303375244	0.0856148526073	92.25	7.82000017166
14.1525602341	34.6574935913	0.144360899925	96	4.63999986649
9.77429485321	37.7241592407	0.104563690722	104.25	6.19999980927
-21.0010852814	22.7895908356	0.0770424976945	99.25	8.34000015259
-43.8552436829	1.66385424137	0.069695726037	84.75	6.44000005722
-27.3666362762	-2.47237586975	0.0892901942134	89	6.78000020981
45.5281105042	-27.3240032196	0.105980783701	85.5	8.92000007629
-14.6014699936	2.24110126495	0.113294795156	98	6.67999982834
-24.5857715607	22.1525249481	0.105036593974	122	8.15999984741
-13.8092069626	39.8670921326	0.08429479599	89.5	6.63999986649
-8.66138744354	-2.66722512245	0.0756676569581	89.25	5.36000013351
-6.37056064606	-3.72660899162	0.0761864259839	89.5	6.09999990463
17.5148334503	32.595199585	0.108772970736	91.75	4.69999980927
-28.0501899719	-21.3703231812	0.0889252573252	81.5	6.67999982834
-37.877368927	-29.4152183533	0.111111111939	87.75	7.98000001907
53.3702011108	-4.4661860466	0.0827033221722	90.25	7.96000003815
40.2669639587	-16.5034980774	0.0827822685242	84.5	6.48000001907
-11.7208757401	33.502040863	0.13187250495	82.75	8.19999980927
0.696252822876	36.8070144653	0.0887613147497	100.5	6.46000003815
7.64354610443	-18.1380882263	0.132275134325	106.25	7.61999988556
-7.9951505661	-17.0862579346	0.0897936448455	80.5	7.05999994278
-16.7423381805	37.113193512	0.209150329232	104	6.15999984741
7.19959497452	37.7921104431	0.104581929743	101	5.32000017166
32.3476295471	-1.82087659836	0.0770569220185	77.5	7
5.89807844162	-2.33733201027	0.0906228944659	100.75	4.44000005722
34.6935691833	-32.3769111633	0.139105454087	84.75	8.52000045776
42.0876350403	-9.89454841614	0.0744605138898	78.5	7.15999984741
49.1924667358	-11.3959293365	0.0771163031459	76.75	11.3400001526
-12.7261991501	-0.381867527962	0.0739756375551	83.5	4.63999986649
-44.8739814758	29.7111968994	0.0678328499198	87.25	5.15999984741
-16.8744049072	33.6486625671	0.110344827175	116	6.05999994278
-42.7679634094	0.543627917767	0.14297029376	90.25	6.90000009537
39.8182601929	-23.3670787811	0.131073445082	87	6.71999979019
-32.750869751	-4.60366296768	0.0817502662539	95.75	7.65999984741
-20.6998996735	22.2232456207	0.0807946994901	106.75	8.52000045776
-20.060459137	-4.43097162247	0.0860600620508	96	7.01999998093
0.593834757805	37.0370025635	0.0810969620943	103.5	6.26000022888
-29.0922889709	33.1001434326	0.0820692330599	105.5	5.28000020981
36.3985137939	24.422082901	0.122844174504	101.5	5.23999977112
-15.961722374	-1.12167060375	0.0739356204867	89	5.40000009537
-36.2503242493	48.3540992737	0.0755403414369	88.25	7.65999984741
-35.5463027954	-25.1894950867	0.0904638469219	78.5	7.13999986649
-7.22607803345	36.4064216614	0.0839923024178	98.25	6.44000005722
36.9026832581	-23.8037223816	0.111553788185	91	6.78000020981
35.5414161682	44.449546814	0.0749643519521	92	5.03999996185
-22.9721794128	27.9559173584	0.0948991701007	120	7.11999988556
19.7839336395	38.0512580872	0.142690509558	91.75	5.26000022888
11.5394887924	-21.6892948151	0.131437599659	104	7.44000005722
-39.1607780457	27.7230148315	0.0839512050152	87.75	5.80000019073
-27.6496391296	33.6754989624	0.130517020822	103.5	5.32000017166
23.0008220673	35.8873710632	0.082407951355	105.75	6.01999998093
-44.3818321228	1.14875006676	0.077945895493	85	6.23999977112
-7.665807724	-1.11478471756	0.169269740582	100.25	4.30000019073
-40.6654663086	-27.4392147064	0.107153728604	88	7.53999996185
46.5825386047	-29.5463447571	0.15966796875	81.75	8.14000034332
-20.1566009521	33.0114707947	0.0707556605339	88.25	6
36.9800567627	43.4930038452	0.0724308714271	87.75	4.57999992371
42.681224823	-25.5596122742	0.100485295057	88	7.63999986649
-15.8580970764	29.2275676727	0.101178988814	118	7.23999977112
2.62801480293	38.0936279297	0.136920973659	100.5	5.5
-41.0542984009	26.3277359009	0.0719071030617	80.5	6.07999992371
-53.9293823242	22.7242145538	0.10932905972	102.25	6.84000015259
-16.985080719	31.3130092621	0.0873972103	114.25	7.05999994278
-30.7687263489	13.7055740356	0.0787644758821	102	6.86000013351
-14.7678260803	33.6909446716	0.0750620365143	90.75	7.03999996185
-14.4307365417	35.6681175232	0.145153671503	76.75	6.65999984741
-20.4915561676	31.8540554047	0.0666795149446	86.5	6.32000017166
13.4318580627	34.1977157593	0.0739199370146	93.25	4.94000005722
-10.7159585953	32.198184967	0.097633138299	90.75	8.73999977112
42.7085494995	-12.1089477539	0.115339808166	74.25	7.38000011444
32.5430488586	-0.980656147003	0.0887250900269	81.25	7
-22.3598747253	28.0329627991	0.179529651999	135.5	7.21999979019
40.8398895264	-20.3849716187	0.0937221050262	78.75	6.30000019073
49.2439575195	-5.03365373611	0.144093468785	83.25	8.84000015259
8.62881469727	-18.5897655487	0.152941182256	117	7.61999988556
19.1467609406	39.702671051	0.0751258805394	93.25	5.73999977112
36.4278945923	43.9816398621	0.110477551818	77.5	4.92000007629
-33.8051643372	-4.27433586121	0.102303691208	103.25	7.78000020981
-8.30343341827	35.7452659607	0.085670799017	98.5	7.46000003815
31.0270614624	35.0770492554	0.0774789229035	96.5	5.03999996185
3.31779122353	39.050819397	0.126644730568	96.25	5.03999996185
-5.88384389877	-4.21674489975	0.0857968404889	96.5	6.46000003815
18.7745552063	36.6147956848	0.0887115672231	94.5	5.07999992371
34.2542800903	27.0606708527	0.0742786973715	90.75	6.55999994278
14.8520364761	35.456615448	0.104389719665	97.5	4.55999994278
-17.9836483002	25.6412448883	0.0917468741536	112	7.84000015259
-14.7714681625	-2.18673944473	0.0693545043468	83	5.71999979019
2.84713053703	-27.3615665436	0.0948749259114	77.75	6.73999977112
-10.1835289001	39.1585502625	0.0835117772222	78	7.17999982834
-36.732334137	4.69612169266	0.0708850622177	88.5	6.15999984741
17.9835243225	41.2665290833	0.124139994383	103.75	5.28000020981
37.2579154968	43.2511062622	0.0946454405785	81.75	4.42000007629
51.3837852478	-10.4700527191	0.134320735931	65.75	10.1000003815
-21.7574157715	27.7131309509	0.109198354185	106.25	7.55999994278
-17.5407752991	-2.68670868874	0.0804570317268	84.5	6.17999982834
-19.942440033	23.9798641205	0.0779423192143	100	8.35999965668
-38.1292457581	25.8737640381	0.0772073119879	99.25	6.36000013351
12.8283987045	-21.8019371033	0.1796875	103.5	6.57999992371
-39.3857574463	-27.3666992188	0.10428134352	85.25	7.5
-15.676153183	34.4834861755	0.102325581014	93.5	6.51999998093
-25.7319583893	-5.13391876221	0.0784565880895	91.5	7.53999996185
43.3884887695	-12.6598300934	0.144356951118	82.5	7.11999988556
-11.567650795	33.1753311157	0.0781516209245	91.75	8.31999969482
-9.64721298218	37.8385276794	0.0767740383744	79.25	7.88000011444
-10.3717889786	31.8751964569	0.0779111385345	92.5	8.61999988556
7.78223991394	-2.50260949135	0.126808509231	111.75	3.88000011444
-10.3865871429	-0.299526900053	0.14585518837	104.25	4.28000020981
-1.07825577259	0.434203594923	0.0787905529141	89.25	6.21999979019
45.7370185852	-10.3296422958	0.0712013691664	72.75	5.94000005722
-11.5524454117	-0.299768686295	0.0918798148632	92.5	4.44000005722
-30.495716095	-23.5239334106	0.0898972600698	78.75	6.46000003815
-17.1721935272	-5.32525157928	0.151936024427	90.25	7.46000003815
-22.2342433929	30.358247757	0.0896464660764	106.5	6.42000007629
-3.10315608978	-1.43890476227	0.0750312656164	90	4.98000001907
-38.9261627197	-26.4430999756	0.0941245257854	80.5	7.55999994278
-32.9113273621	45.33934021	0.194602817297	128	7.19999980927
-12.30930233	31.3937110901	0.0957153588533	95.5	9.03999996185
-16.0243682861	34.6048660278	0.136856004596	129.5	6.36000013351
-39.5785369873	-24.1261539459	0.0944746658206	82.5	7.59999990463
-18.9772434235	25.6693134308	0.100133508444	112.5	7.55999994278
-25.733707428	2.77118086815	0.0964790657163	87	6.65999984741
-11.1873874664	39.1833572388	0.0658657848835	79.5	7.34000015259
30.8026256561	36.4218139648	0.0707557052374	84.5	4.84000015259
41.5626945496	-13.3183765411	0.131157442927	108.5	7.82000017166
-22.4648609161	-31.5461521149	0.163409337401	75.25	8.53999996185
27.657793045	32.7028388977	0.0785686522722	101	5.71999979019
1.77833020687	38.2073478699	0.0831389203668	98	5.30000019073
-13.4359407425	32.6863517761	0.0752491354942	92.5	8.10000038147
11.7021970749	-20.5085144043	0.1152298823	100.25	7.11999988556
40.3738136292	42.3348464966	0.0654885619879	78.75	3.66000008583
-19.4147510529	34.2856369019	0.125360697508	97.75	5.88000011444
-18.2232723236	29.3988933563	0.164127618074	142.75	7.36000013351
50.617515564	12.7555904388	0.0966802537441	124.5	4.90000009537
-15.3062677383	-6.55573320389	0.136380389333	92.5	7.71999979019
-30.9462051392	-22.4085998535	0.0889010056853	81.5	6.65999984741
-11.7129554749	-12.4711208344	0.0818699598312	86.25	7.73999977112
-13.7356367111	32.0581550598	0.0834277942777	92	8.19999980927
-38.9882965088	-24.5812473297	0.0999684631824	79.25	7.55999994278
24.4027996063	32.9757766724	0.230443969369	109	6.30000019073
-14.5047750473	0.846885025501	0.0760334134102	88.75	5.59999990463
-18.6896896362	35.2541770935	0.082378745079	84.5	5.90000009537
-15.6152048111	-26.6763458252	0.130036637187	88.75	6.36000013351
-3.20707130432	43.7427062988	0.0706173852086	85.5	5.28000020981
-9.57938957214	40.2426376343	0.116630665958	81	6.96000003815
45.1546058655	-7.42101621628	0.102094933391	96.25	8.72000026703
-47.9461708069	-0.144783958793	0.115858256817	115.25	7.46000003815
-27.5121421814	-5.7354388237	0.120814181864	92	7.69999980927
-22.2654533386	-8.36726284027	0.0841799676418	87	8.18000030518
-24.1677837372	34.7110404968	0.0774293467402	100	5.40000009537
41.5769691467	-2.45511817932	0.0740658342838	83.25	8.72000026703
10.5483350754	39.7742958069	0.0713720843196	90.25	4.42000007629
-32.2379264832	-16.2439575195	0.0855672881007	79	7.30000019073
-22.5536975861	29.9597225189	0.104710869491	117.25	6.48000001907
-31.6368122101	-16.4936523438	0.0818595215678	81	7.23999977112
-19.541852951	-21.1184692383	0.0918903127313	78.75	6.73999977112
36.0308647156	-22.146900177	0.125091716647	85.25	6.67999982834
-3.83335137367	-24.7682266235	0.126009687781	78	6.5
-15.6394100189	33.8259925842	0.0739810690284	95.75	6.61999988556
-30.2819843292	-9.66532421112	0.105627708137	91.5	8.39999961853
-19.7992191315	29.9603347778	0.0735871270299	93.75	7
-29.1437339783	-8.62498092651	0.0749266520143	83	8.30000019073
-8.15782546997	-0.870257437229	0.119600355625	101.75	4.13999986649
-43.022808075	-24.1088886261	0.125481143594	81.5	6.78000020981
-13.7390556335	-0.382188558578	0.104568526149	103	4.80000019073
-1.57299494743	35.5617256165	0.0814800262451	103.5	5.32000017166
-11.1349554062	33.7050094604	0.0814398229122	90.5	8.10000038147
-35.7063941956	-16.0817890167	0.0763528570533	77.25	6.96000003815
-29.1540565491	15.2441120148	0.116910867393	95.75	7.05999994278
38.2953071594	-17.8851642609	0.141837641597	79.5	6.05999994278
-10.0096921921	37.3795814514	0.0941141322255	78.75	7.94000005722
18.6606044769	36.6102790833	0.115233786404	95.5	5.07999992371
-27.0391540527	-30.1850223541	0.156498670578	73.75	7.94000005722
-10.5793848038	34.1279716492	0.0725619196892	93.75	8
-11.7625741959	-34.4105262756	0.115412443876	79.75	9.35999965668
-37.5093460083	1.98085105419	0.0966741815209	85.75	6.46000003815
1.54801952839	37.5028114319	0.0779780596495	99.5	5.80000019073
-41.3465118408	-22.9621868134	0.157180160284	75.25	6.92000007629
29.8746871948	33.6855239868	0.103686638176	90	5.94000005722
-24.6051273346	34.9541244507	0.0907079651952	102.5	5.40000009537
-12.9496021271	31.6179332733	0.101160861552	91.5	8.68000030518
-57.8391571045	22.8484020233	0.083968013525	110.25	6.63999986649
-41.206577301	-22.9553356171	0.106739647686	78	6.98000001907
-18.7402248383	30.3344211578	0.12065217644	111	6.73999977112
7.33224630356	-17.0808238983	0.111882716417	108.75	7.44000005722
-25.5437793732	35.5604057312	0.146773517132	87	5.42000007629
-16.911195755	29.9688911438	0.0943583622575	118.75	7
0.18048119545	39.1584091187	0.141092330217	108.5	4.96000003815
-25.7946567535	36.4815139771	0.114817418158	81.75	5.46000003815
18.5846309662	35.1386108398	0.16254876554	93.75	5.01999998093
21.0529060364	34.4614715576	0.077139981091	95.75	5.57999992371
-30.1592445374	32.1913948059	0.162216022611	101.75	5.23999977112
-18.663351059	28.1072254181	0.104013808072	120.5	8.14000034332
38.4948577881	-24.8481502533	0.110403396189	91	6.80000019073
-9.07136249542	-2.34086108208	0.137082070112	112.75	5.09999990463
8.82573795319	43.1628456116	0.092887878418	91.75	4.88000011444
-33.8936767578	-30.8475914001	0.129475444555	77.75	8.22000026703
14.2563934326	42.9244766235	0.174680188298	99	4.57999992371
52.2423171997	14.2627687454	0.0926998853683	120	9.14000034332
-43.2418289185	31.1797180176	0.0690242871642	81	4.98000001907
17.342748642	37.9519767761	0.136930987239	93.25	4.80000019073
40.4166259766	-5.44793176651	0.0670823454857	78	8.10000038147
42.0512619019	-26.5164070129	0.126760557294	99	7.53999996185
30.3643417358	41.4454040527	0.0696836188436	87	5.13999986649
51.8060302734	-31.2875614166	0.111787073314	73.5	7.71999979019
11.7961158752	35.0370597839	0.07400932163	95.25	5.15999984741
-14.8896398544	32.726398468	0.136804312468	95.25	7.44000005722
18.7840232849	31.2679710388	0.0744212716818	97.25	5.40000009537
-20.1105461121	-28.1870155334	0.157388657331	77.75	6.88000011444
8.33886528015	37.4617156982	0.0953567400575	105.25	5.51999998093
-58.4794502258	22.7868747711	0.090323805809	119.25	6.59999990463
-17.343170166	-0.219154089689	0.12561750412	89	5.19999980927
-21.240152359	36.6040420532	0.0932387113571	118.25	5.65999984741
-19.7849750519	-14.547917366	0.144572749734	78.25	8
41.8987998962	-20.3377761841	0.123626373708	78.75	6.30000019073
15.6783742905	38.9602737427	0.109692208469	83.75	4.23999977112
-45.3984680176	27.687713623	0.0730714425445	89.75	5.42000007629
-9.72345352173	-0.217745184898	0.109193779528	96.5	4.17999982834
-12.4078626633	-2.83778619766	0.0700315460563	83.25	5.57999992371
28.0302791595	33.04454422	0.173811748624	93.25	6.17999982834
-6.93318414688	-2.25668358803	0.0763963162899	89.25	5.11999988556
-17.2581729889	29.1668834686	0.109317339957	118.5	6.73999977112
-13.5103502274	-30.73097229	0.0992658808827	77.75	7.86000013351
-20.2730522156	36.4475708008	0.0992907807231	94.5	5.71999979019
-6.19098186493	-34.1980628967	0.122561648488	83.25	8.73999977112
29.8157844543	31.8544559479	0.0803533867002	95.5	5.78000020981
-48.5437355042	31.4421672821	0.0698161497712	75	5
-28.174665451	14.9559822083	0.13560526073	95.5	6.71999979019
-45.7105178833	29.7663669586	0.0855588540435	86.5	5.09999990463
-10.3864870071	0.190607205033	0.142674341798	111.5	4.53999996185
17.0881137848	31.630022049	0.0757670626044	90.75	4.96000003815
-23.6202964783	-17.6116600037	0.088205896318	88.25	7.23999977112
36.2169685364	-23.9637832642	0.131381645799	92	6.94000005722
-14.7863616943	33.2592430115	0.178692489862	92.25	7.19999980927
3.50787639618	38.5736579895	0.0760977566242	95.75	5.19999980927
-39.3360328674	3.09748578072	0.0806486979127	92	6.09999990463
-37.4510917664	16.8278198242	0.0941266492009	123	7.98000001907
-12.1382293701	-0.299899637699	0.116097278893	100.25	4.53999996185
-40.540019989	25.312335968	0.0658153221011	83.75	6.40000009537
-16.6813964844	38.1628990173	0.147144943476	100.5	6.15999984741
2.24334168434	39.2849998474	0.189069420099	96	4.96000003815
-25.9249591827	2.77199292183	0.0806525722146	87.75	6.59999990463
-16.2014064789	40.1964416504	0.081525310874	93	6.15999984741
52.407585144	13.8120985031	0.0952158719301	102	10.3800001144
-32.4291877747	-16.6065444946	0.0951118990779	80.75	7.19999980927
-17.9575443268	1.01434385777	0.0841005221009	84.5	6
30.1705989838	35.1389007568	0.0784593448043	96.25	5.40000009537
-30.1353740692	-1.64618825912	0.0805555582047	87	6.73999977112
-7.32934856415	34.3964385986	0.0797431617975	96.25	5.09999990463
-9.82571411133	-3.3237195015	0.1456489712	98.75	5.86000013351
41.1504592896	-11.0120067596	0.0803072601557	86.25	8
-18.4052066803	38.5860023499	0.0990795865655	91.5	5.90000009537
-15.1996660233	34.2489891052	0.0878639519215	85.25	6.71999979019
-10.8023939133	32.094455719	0.0872890874743	97	8.89999961853
42.8911895752	13.3276691437	0.0925136953592	114	5.36000013351
-43.5141372681	-23.9404354095	0.109410613775	84	6.34000015259
-13.1928977966	-34.2277336121	0.114602588117	77.5	9.30000019073
-47.8883018494	31.2882785797	0.0696459636092	90	5
-30.8512268066	-1.64826059341	0.165764272213	99.5	6.73999977112
-9.86668682098	37.1446113586	0.0727659538388	85.5	8.03999996185
41.2863731384	-20.4979763031	0.10250851512	82.75	6.28000020981
30.3764476776	-7.28457069397	0.0805963203311	86.5	7
35.2880554199	-27.4459590912	0.138330757618	89.5	7.19999980927
-30.8688735962	36.886100769	0.074872598052	95.5	5.40000009537
29.410369873	35.6571998596	0.168903291225	91.25	5.36000013351
-30.6085128784	-17.7159919739	0.0909090936184	82.75	7.05999994278
-48.5351829529	26.064950943	0.0777276456356	94.75	5.96000003815
48.002166748	-26.6683883667	0.164664670825	82.25	8.77999973297
12.5561580658	35.1675720215	0.166251033545	100	5.21999979019
23.503900528	35.0129890442	0.0829769000411	97	6.94000005722
32.6970329285	-30.8858528137	0.121419273317	93.25	8.61999988556
19.3515758514	38.1507835388	0.0755346268415	96.25	5.19999980927
32.9443016052	-31.4249019623	0.118721462786	91	8.64000034332
-42.1928749084	-23.8716373444	0.108367629349	79	7.03999996185
50.7880554199	-9.56251049042	0.100062735379	79.75	9.69999980927
-35.9903717041	-17.1693725586	0.114539146423	74.25	6.61999988556
-19.0723361969	-25.1278305054	0.101758792996	81	6.28000020981
-18.9597225189	24.5207080841	0.0793130099773	102.75	8.31999969482
-39.7259864807	-20.3371067047	0.100588403642	89.75	6.73999977112
-6.24679660797	-33.6550598145	0.152525752783	77.75	8.77999973297
-24.885881424	35.0792694092	0.0941204354167	99.25	5.44000005722
29.987165451	35.016544342	0.07586607337	98	5.55999994278
-41.4517288208	29.0800743103	0.0798722058535	81.25	5.38000011444
-45.6838264465	32.7465515137	0.0695448294282	89	5.26000022888
30.6976242065	35.9591674805	0.104820199311	102.75	5
4.53929042816	40.9035987854	0.217978581786	117	5.44000005722
-11.8075456619	34.046836853	0.0819348469377	83	7.94000005722
-17.7020664215	26.7970199585	0.111575037241	120.25	7.34000015259
-16.5854568481	-2.76626110077	0.11155256629	91.25	6.11999988556
-24.6301670074	3.84766459465	0.0696779415011	86	6.71999979019
37.3643722534	23.697435379	0.0833016335964	109.5	6.05999994278
-32.9128646851	-26.532749176	0.105296142399	84	6.98000001907
-46.9229812622	1.15556120872	0.0798842906952	89.75	6.19999980927
38.248008728	-18.5226802826	0.182766437531	100.75	6.11999988556
8.01843929291	43.2780647278	0.135278508067	89.25	4.71999979019
-57.1097755432	24.9910869598	0.0707050263882	87.25	5.80000019073
-27.4628410339	32.9078636169	0.186586141586	146.75	5.30000019073
-2.77808523178	-0.624308466911	0.125071227551	109.75	5.19999980927
-18.1002521515	25.7407970428	0.17889752984	132.25	7.78000020981
41.4289588928	-26.6807231903	0.103570371866	87.75	7.32000017166
-19.6776237488	29.4466667175	0.111049726605	100.5	7.26000022888
-26.0656642914	36.8405532837	0.0663390681148	81	5.40000009537
-19.5474948883	38.1591300964	0.078257098794	90.25	5.80000019073
-5.09776544571	-34.5140151978	0.141202673316	79.25	8.72000026703
-13.5644578934	35.0837287903	0.0810196846724	80.25	7.07999992371
-21.5009479523	32.7431678772	0.0826771631837	99.75	5.84000015259
4.59034633636	-0.787521719933	0.0767475664616	92.5	5.67999982834
-17.1249332428	38.5353431702	0.118135944009	99.5	6.03999996185
19.5216178894	33.7435035706	0.0763667300344	89.75	4.96000003815
-41.6051750183	-27.0911369324	0.116498313844	86.5	7.48000001907
-57.3359222412	25.9131698608	0.0650375187397	84.5	5.51999998093
34.8676795959	43.5901260376	0.0808531716466	81.5	4.98000001907
-21.1466770172	22.5142402649	0.0761219486594	100.5	8.38000011444
41.2178001404	-15.3634281158	0.135092675686	107.5	7.07999992371
-5.86607980728	-0.950883030891	0.0808471888304	88.75	4.65999984741
-31.6288604736	30.7933368683	0.0828232616186	108.25	5.38000011444
4.01641559601	38.1041564941	0.116575591266	96	5.32000017166
57.1539115906	-1.748478055	0.121188633144	117.25	7.21999979019
44.0529975891	-26.9327602386	0.131814479828	81	8.30000019073
7.74339056015	-16.6473846436	0.159904539585	117.25	7.23999977112
-39.2565498352	3.78012037277	0.159560993314	94.5	6.01999998093
-17.9407444	-8.65765190125	0.158077299595	79.75	8.19999980927
54.4427108765	-19.1282749176	0.0890319123864	83	8.72000026703
-11.4041051865	31.373468399	0.0897718891501	91.5	9.31999969482
-18.1720981598	26.1293392181	0.0821761488914	108	7.48000001907
45.5930938721	-8.30346107483	0.0948821157217	82.5	8.42000007629
-19.0619773865	32.5426597595	0.081689581275	102.5	6.55999994278
-2.45395565033	-0.298558980227	0.107445009053	95.25	5.46000003815
-9.14492321014	0.0272086430341	0.137545242906	104.5	4.34000015259
-32.7456207275	-4.51915073395	0.0794130340219	92	7.65999984741
-19.7873420715	-28.5761642456	0.0998473316431	81.75	7
41.6960220337	-9.88603210449	0.076089411974	84.25	7.46000003815
-8.86143493652	-24.8170814514	0.104350566864	82.75	6.40000009537
37.3612594604	-19.2227897644	0.107955999672	105.5	6.28000020981
-11.5732555389	-3.16372251511	0.0862800553441	91.5	5.67999982834
-20.885799408	30.1015720367	0.104567304254	87	6.78000020981
-21.231672287	34.8005371094	0.114638447762	130	5.69999980927
16.5728588104	33.0990791321	0.079907618463	86.5	4.55999994278
8.69858455658	-3.64889144897	0.101039782166	111.75	3.59999990463
-20.6984329224	30.6094894409	0.103169858456	86.25	6.67999982834
-21.6365680695	30.1295471191	0.0792743042111	100.5	6.57999992371
-28.0057201385	-17.9077129364	0.0874144285917	83	7.09999990463
33.1859817505	31.4032917023	0.0797872319818	97.5	4.5
10.8748006821	-23.3421001434	0.0911098867655	82.5	7.84000015259
-41.6735649109	-24.5246315002	0.127562642097	84	7.48000001907
-4.80883169174	-1.60255324841	0.0777731463313	93.25	4.98000001907
-27.5320224762	16.5272312164	0.134724855423	106.5	7.36000013351
-36.4629821777	30.5422115326	0.0627037361264	81.75	5.26000022888
-11.7531900406	42.0635375977	0.121203005314	100.75	7.03999996185
-17.5208530426	26.8896617889	0.084316380322	109	7.59999990463
-20.6638813019	34.7767219543	0.0800624415278	89.75	5.76000022888
13.443857193	40.1010169983	0.106416627765	117.75	4.21999979019
11.3626794815	-22.6993751526	0.0986608341336	90.25	7.63999986649
-21.0655250549	-24.138841629	0.125810146332	82.5	6.23999977112
44.6991615295	-8.02417755127	0.137656897306	82.25	7.96000003815
-40.4620819092	26.7927761078	0.0702322050929	92.25	6.01999998093
-38.6741752625	35.2336883545	0.0716929659247	92	5.30000019073
-15.535402298	32.3200149536	0.0875383913517	99.75	7.48000001907
-45.0935630798	28.1780891418	0.0771446228027	93.75	5.30000019073
-27.0898361206	-17.9712314606	0.0890774130821	84	7.13999986649
6.90079021454	-17.0775375366	0.104766890407	100	7.48000001907
-21.0159244537	25.827955246	0.202119603753	133.5	8.11999988556
-5.94734048843	-0.787880837917	0.0736399814487	83.25	4.55999994278
9.28374767303	-19.2194290161	0.123182207346	108	7.80000019073
-8.08174228668	-17.0870018005	0.0796597078443	77.25	7.05999994278
15.5502891541	36.1554145813	0.0909733697772	96.5	4.80000019073
38.7048339844	-23.2177639008	0.101967796683	85.5	6.53999996185
7.99874687195	43.1452102661	0.124693520367	89	4.76000022888
-51.6282501221	22.4029769897	0.0768936499953	100.5	6.98000001907
-10.390173912	37.738067627	0.0844226554036	77.5	7.94000005722
42.4740142822	13.7610626221	0.132526651025	115	5.03999996185
-38.5032539368	-28.0225601196	0.116262733936	82.75	7.63999986649
-20.1887454987	-20.9516620636	0.127925112844	82	6.78000020981
-2.58255457878	45.3838272095	0.0779061168432	79.25	5.96000003815
-40.0905838013	29.9271240234	0.0843118801713	89.75	5.23999977112
-16.0933208466	29.9448680878	0.147288993001	131.75	7.40000009537
53.1448554993	11.025841713	0.130543410778	104.5	13.279999733
36.4332122803	-26.0164527893	0.111567825079	95	6.73999977112
-41.5003356934	28.6725387573	0.0832678675652	106	5.44000005722
16.6636333466	33.9679145813	0.13468773663	89.5	4.46000003815
49.2926063538	-10.0608625412	0.146469458938	76.75	10.4799995422
-19.9633560181	27.0609092712	0.0974605381489	106.5	8.02000045776
-29.1864070892	33.3216667175	0.0875896513462	100.75	5.28000020981
-20.3084468842	33.5569419861	0.153387933969	103	5.84000015259
-33.0168075562	-7.74531507492	0.0899662971497	86.75	8.07999992371
-12.1435928345	36.6241989136	0.0710238739848	87.75	7.42000007629
7.04177093506	37.3232536316	0.0879000425339	100.25	5.15999984741
-26.5994167328	-5.14081478119	0.12080924958	104.5	7.53999996185
5.98611021042	40.7968673706	0.0990267619491	101.75	5.42000007629
-1.81322383881	-4.62153196335	0.138008326292	107.75	6.38000011444
7.70067358017	-2.58419799805	0.105325162411	111.75	3.98000001907
11.3494377136	-20.5938625336	0.121617600322	102.25	7.36000013351
-28.4421806335	-25.5514411926	0.094802968204	83	6.55999994278
-12.1302175522	-5.87759113312	0.0736587494612	83.75	7.53999996185
-33.614730835	6.10845422745	0.105148881674	84.75	6.40000009537
16.6191596985	32.3533363342	0.0879384875298	91.5	4.76000022888
38.982208252	20.6474952698	0.104029498994	98.75	5.88000011444
-16.4332275391	38.5094146729	0.157727450132	99.25	6.09999990463
-46.6891212463	24.4707622528	0.0745447650552	98.25	6.42000007629
-31.6578559875	-22.1548976898	0.0918857753277	81.25	6.61999988556
42.6570091248	-29.2922916412	0.121968872845	84.25	7.88000011444
-21.9259624481	26.2457828522	0.0984304919839	109.75	8.03999996185
-39.493927002	0.284077227116	0.0735779032111	89.25	7.23999977112
13.7332839966	-28.803976059	0.175576522946	83.75	7.13999986649
-20.2665691376	33.0157279968	0.0793088153005	89.5	5.96000003815
-13.3142843246	-10.2075138092	0.08175355196	86.25	7.96000003815
33.1791381836	-0.813489317894	0.102072864771	81.25	7
-33.1934585571	-20.8161811829	0.0889886468649	84.25	6.69999980927
18.5299377441	36.1489028931	0.168922066689	90.5	5.01999998093
5.86138248444	40.6702156067	0.176829263568	101.5	5.36000013351
-11.0755491257	39.180480957	0.0777067020535	82	7.34000015259
-31.8780860901	-1.06342744827	0.071668766439	85.25	6.63999986649
-47.2103691101	0.896136939526	0.0909545198083	91	6.59999990463
47.1825408936	12.9200668335	0.116009920835	105.25	6.07999992371
-12.1840305328	-4.56062507629	0.100942127407	93.75	6.78000020981
33.17395401	-25.8573875427	0.105198778212	86	7.09999990463
-10.1394042969	34.6672706604	0.0842420384288	98.5	8
36.134147644	43.0292778015	0.0882612541318	75	4.71999979019
33.809928894	33.6953849792	0.0889880284667	94.75	4.69999980927
-37.7472457886	26.7442417145	0.0970847085118	88.25	6.07999992371
-20.4837245941	35.6625900269	0.0775981545448	84	5.76000022888
-32.2952537537	4.06550645828	0.0721377879381	89	6.36000013351
-30.1040706635	-16.3605461121	0.091715157032	82.75	7.38000011444
18.2894668579	32.7284584045	0.104567304254	87	4.80000019073
-18.9390544891	-10.2648162842	0.0810062289238	87.75	8.19999980927
-4.58485412598	-5.19769859314	0.101887769997	98.5	6.94000005722
12.5342216492	-20.7024745941	0.141983702779	104.5	6.59999990463
43.8547477722	-18.6538963318	0.161616161466	80	5.96000003815
-31.8170070648	-16.3206882477	0.115711249411	81.75	7.28000020981
1.33685219288	37.5021247864	0.0795125961304	96.25	5.80000019073
-19.4930477142	36.8737106323	0.0710382536054	87.75	5.78000020981
-12.8607683182	33.5300674438	0.0758819580078	85.5	7.90000009537
-16.7949237823	32.3589401245	0.0951239019632	119	6.88000011444
34.9839439392	-28.7411670685	0.146621331573	86.25	7.67999982834
36.9105491638	-18.564043045	0.0858585834503	85	6.28000020981
11.9219350815	-21.8786659241	0.12029197067	103	7.30000019073
-34.5262489319	-22.0830955505	0.0894199758768	83.25	6.84000015259
38.1416244507	-17.7884998322	0.103912360966	83	6.05999994278
18.5126647949	39.1901626587	0.171767935157	94	5.23999977112
41.8261489868	-9.88885498047	0.0735428035259	80.75	7.36000013351
36.7033920288	43.7365036011	0.0776072964072	87.25	4.71999979019
-32.0754928589	3.89532542229	0.0744317024946	92.5	6.40000009537
-44.4644966125	31.7962818146	0.145320191979	73.75	5
-15.7984771729	40.4287414551	0.141577064991	118.5	6.26000022888
-44.8642807007	33.7829360962	0.0656188577414	83.5	5.23999977112
-14.8086881638	38.8103256226	0.105120629072	106.75	6.5
-0.035236954689	37.6166725159	0.0807869434357	96.5	5.63999986649
-12.4601573944	-10.2843761444	0.0931449532509	89	7.94000005722
-30.3067054749	-8.98291015625	0.0871034860611	83.75	8.35999965668
-33.8200492859	29.8733997345	0.114847160876	65.75	5.46000003815
-20.1630134583	23.0462818146	0.0806234329939	104.75	8.5
-18.8316402435	36.1607055664	0.0713691189885	85.75	5.90000009537
-18.4052066803	38.5860023499	0.0945388972759	91.75	5.90000009537
-35.5336952209	-12.7146558762	0.0735739246011	79	7.63999986649
35.6528434753	-24.4190044403	0.102411344647	90.25	7
-8.16987037659	-2.99347853661	0.0819672122598	90	5.55999994278
-35.2141227722	-30.9229660034	0.105837076902	82.5	8.30000019073
-10.830499649	-3.81766533852	0.078481554985	92	6.19999980927
-19.0926971436	31.3831329346	0.0746661275625	92.25	6.59999990463
-22.4529056549	22.0874595642	0.164006784558	120.75	8.27999973297
-20.637758255	26.8864860535	0.0827141180634	105.75	8.07999992371
-41.3832015991	-23.9269542694	0.105245791376	79.75	7.34000015259
-8.83347034454	-3.40360403061	0.119358666241	100.5	5.92000007629
-11.161608696	31.7865142822	0.0813344940543	93.25	9.19999980927
-30.0868988037	34.245716095	0.0778850391507	88.75	5.23999977112
-6.77122354507	44.8789672852	0.0738967508078	88.75	6.09999990463
-23.4567756653	13.8075857162	0.157568722963	101.75	5.51999998093
22.9616451263	34.4342041016	0.0960975587368	98.5	6.86000013351
-7.38746881485	35.9552536011	0.106273658574	98.25	6.69999980927
25.0177593231	38.9010734558	0.0767028033733	93.75	5.98000001907
-14.846329689	-0.956474483013	0.0878859832883	92.5	5.19999980927
42.1168060303	-20.5347309113	0.152193382382	85	6.28000020981
-17.1562347412	-31.1447658539	0.146839216352	73.75	8.27999973297
-13.8844814301	33.4492988586	0.0730860978365	84.25	7.59999990463
45.5178604126	-26.8191318512	0.11531957984	85.25	9.02000045776
17.5839366913	34.6580581665	0.0912364944816	95	4.61999988556
34.7478866577	36.1003646851	0.151816606522	87.75	4.53999996185
43.655921936	-14.095870018	0.128518968821	78.75	7.01999998093
10.9311876297	40.0290603638	0.180811807513	85.75	4.48000001907
2.29304695129	-31.1858329773	0.118831165135	91.5	7.34000015259
21.6533374786	33.5031738281	0.0900534763932	105.25	5.63999986649
-18.8746528625	33.0707855225	0.0740099996328	96.25	6.34000015259
8.27245903015	42.6252746582	0.128918632865	91.5	4.86000013351
41.771232605	-24.6272697449	0.108266502619	87.75	7.30000019073
10.2514457703	-17.899520874	0.128477200866	112	7.30000019073
-15.8982782364	39.9391403198	0.0811983495951	98.25	6.28000020981
-13.1125965118	40.8352470398	0.0728410035372	90.25	6.84000015259
-32.8919143677	-24.8716964722	0.134082704782	83.5	6.82000017166
-16.1325721741	-0.875565707684	0.085357055068	88.75	5.30000019073
39.9335365295	-9.2396478653	0.085291787982	80.75	7.86000013351
18.5930995941	39.0729598999	0.0778335034847	97	5.23999977112
6.43524932861	41.81590271	0.0725167617202	89.25	5.69999980927
42.6049385071	-25.9510593414	0.110324859619	85.75	7.63999986649
17.4291152954	35.7681236267	0.155410900712	95.5	4.80000019073
-20.7212600708	22.8750076294	0.125201940536	116.25	8.34000015259
51.7108039856	-16.5722999573	0.0815630704165	77.75	8.30000019073
-18.1372718811	37.2815971375	0.228541344404	108.5	5.88000011444
-19.2624835968	-4.59222364426	0.198392763734	98.75	7.07999992371
-14.3530406952	32.0747299194	0.0806608349085	83	7.94000005722
29.069108963	35.1880645752	0.0799484178424	93	6.11999988556
-30.8146953583	13.3575248718	0.109050445259	110.25	6.76000022888
-21.2247581482	-6.34929275513	0.092216797173	89.75	7.82000017166
-7.19274711609	-3.97342824936	0.0791928842664	91.25	6.36000013351
34.991607666	-30.9101028442	0.122537560761	91.75	8.15999984741
-22.3343486786	27.9324512482	0.142898052931	124.75	7.32000017166
38.1547050476	22.493347168	0.0770462304354	96.25	5.96000003815
-23.7032909393	35.3575248718	0.272119343281	132.25	5.46000003815
-29.1017589569	7.07145118713	0.108623296022	89.75	6.40000009537
-16.0221500397	-29.5696163177	0.119861699641	78	7.51999998093
-36.1753120422	-25.8069114685	0.100517816842	82.5	7.26000022888
48.836025238	-4.24181032181	0.109232418239	101.75	8.60000038147
-20.896188736	28.8821620941	0.0978203117847	92	7.36000013351
-14.7811050415	34.7866287231	0.0696802213788	88.25	6.71999979019
43.8507575989	-12.8510026932	0.10068513453	84.5	7.01999998093
-13.9622421265	-18.0378379822	0.0881957486272	82	7.11999988556
-33.1053581238	-20.9055461884	0.0840848833323	79.25	6.69999980927
16.6891174316	34.0779266357	0.071829855442	89.5	4.46000003815
17.5148334503	32.595199585	0.13105520606	87.25	4.69999980927
-17.9577007294	22.6161422729	0.134301275015	129.5	9.38000011444
30.2079849243	33.0523223877	0.0866713523865	92.5	5.88000011444
-11.4568519592	39.4323692322	0.0636711642146	79	7.34000015259
7.5220208168	37.7974624634	0.0811421498656	98.75	5.36000013351
0.134794667363	-1.11269927025	0.11480601877	108.75	5.21999979019
48.3870048523	13.7683486938	0.0926140770316	119.75	5.32000017166
-23.3112506866	-29.2080783844	0.119569711387	72.25	7.46000003815
-45.0727272034	27.6676216125	0.0845103040338	91.25	5.48000001907
-20.8644199371	27.8806858063	0.11450381577	101.25	7.80000019073
-31.1034107208	-3.15995049477	0.08806566149	99.25	7.05999994278
-16.4397659302	30.1594467163	0.101074777544	110.5	7.23999977112
12.5677013397	-8.11464595795	0.10201818496	115	3.77999997139
-3.12619876862	-6.59185028076	0.120601408184	94.25	7.07999992371
-21.6352939606	-23.4951152802	0.0970501452684	82.25	6.23999977112
-20.0864372253	36.2117080688	0.0692307725549	85.5	5.73999977112
-10.7204389572	0.926072716713	0.0865921750665	93	5.30000019073
-2.77891850471	-1.43881714344	0.0947770699859	93	4.98000001907
44.3246078491	12.0345849991	0.109832376242	109.75	5.86000013351
3.27437853813	38.216003418	0.086587049067	94.25	5.36000013351
15.5087203979	34.0398330688	0.0843079909682	86.5	4.51999998093
-16.7138824463	-29.4880561829	0.107796609402	79.5	7.51999998093
15.1438589096	35.8028831482	0.17274017632	91.25	4.59999990463
-45.1222114563	-24.7106227875	0.133568897843	94.5	5.96000003815
-7.02186584473	-3.23699951172	0.176587298512	111.25	5.76000022888
-31.9239730835	-21.1390476227	0.107932761312	91.5	6.63999986649
-13.9592409134	38.5439376831	0.101355165243	89.75	6.69999980927
-30.5264797211	13.5251874924	0.0759177431464	98.75	6.76000022888
32.3286743164	-33.3165206909	0.15000000596	81.75	8.96000003815
-31.0489597321	7.09536504745	0.0874048620462	89	6.23999977112
11.5137634277	-18.2685165405	0.0980442613363	95.25	6.84000015259
-46.7044181824	33.368309021	0.0760268568993	96.25	5.34000015259
45.1889801025	-14.055021286	0.0743547230959	78.5	6.80000019073
-23.7099094391	-18.1491260529	0.0883745402098	84	7.07999992371
-10.0626134872	-2.0969645977	0.120098799467	97.25	5
-18.6870346069	21.1587600708	0.13895714283	127.25	8.68000030518
-14.2196235657	33.5667686462	0.0676040053368	87.75	7.40000009537
4.79505825043	39.9148712158	0.090038754046	98.75	5.07999992371
41.7526550293	-18.5678043365	0.0907173007727	86	5.90000009537
27.9398288727	34.5694999695	0.0724727213383	88	7.40000009537
32.8247528076	-30.8928585052	0.132404178381	95	8.57999992371
-16.3891506195	-0.0547337606549	0.0928375348449	93	5.26000022888
-24.0135040283	-11.1836156845	0.111825980246	91.25	8.35999965668
-46.4866027832	29.7137069702	0.074487157166	93.5	5.05999994278
15.0794944763	35.0175094604	0.0815979614854	96	4.42000007629
-36.4433059692	-11.4263525009	0.0785628706217	82	7.36000013351
0.499642044306	38.440864563	0.0976926833391	99.5	5.15999984741
52.9691696167	-13.8617620468	0.0783333331347	82.25	9.56000041962
-9.88904666901	35.1049041748	0.0950024724007	96	8.10000038147
14.7247314453	-28.8283939362	0.106630004942	87.25	6.34000015259
12.8452177048	-28.0856742859	0.161506712437	78.25	7.57999992371
-22.6274337769	-11.5028448105	0.176560118794	87	8.35999965668
11.1140642166	40.4040565491	0.0654891878366	82.5	4.63999986649
36.7392425537	44.5473365784	0.0722409412265	85.75	5.09999990463
53.565196991	-15.1673517227	0.0800673216581	83.25	9.47999954224
-30.1927242279	-15.7422084808	0.079828761518	79.25	7.51999998093
-16.853181839	30.6861362457	0.0943283587694	118.5	7.09999990463
38.8449363708	-19.1887893677	0.086723767221	81	6.15999984741
-12.4074115753	38.0243530273	0.118037976325	93.25	7.21999979019
-6.96947622299	35.9487838745	0.083351098001	97.75	6.61999988556
-19.1426239014	32.0152778625	0.0747351869941	95.25	6.55999994278
-19.9754676819	31.5195007324	0.0912764444947	96	6.51999998093
-17.2562217712	0.273917704821	0.146183699369	84.75	5.40000009537
-19.050661087	-7.83197259903	0.0975871309638	91	8.06000041962
8.95714664459	38.0591316223	0.133911967278	108	6
-36.3910713196	27.1705818176	0.07950835675	103.5	6.01999998093
17.6877937317	37.9652633667	0.0857808887959	92	4.80000019073
-22.0729465485	32.4463729858	0.221089765429	141	5.86000013351
25.5645561218	39.292766571	0.194938078523	90.5	5.94000005722
-15.6425495148	30.238948822	0.101268544793	117.75	7.69999980927
40.3848800659	-26.8217487335	0.144187927246	89	7.09999990463
43.4765548706	-16.5282211304	0.0799901559949	81.25	6.40000009537
15.5212335587	34.5887069702	0.135170608759	103	4.36000013351
39.3371696472	43.0285301208	0.0682139247656	84.5	3.96000003815
11.0933084488	-21.7741470337	0.107285827398	100.5	7.63999986649
39.2400131226	-27.2582244873	0.112860113382	95	6.98000001907
-19.799577713	-29.0795974731	0.140933141112	73.25	7.26000022888
-5.54615974426	-2.6634759903	0.114519424736	98	5.42000007629
-18.214056015	35.1246795654	0.0795656442642	100.75	6
-12.9690752029	-5.63400793076	0.0860958769917	90.25	7.44000005722
-15.6367406845	31.2722320557	0.0996594801545	109.75	7.69999980927
-20.1051273346	23.7957305908	0.104456156492	109	8.39999961853
19.1970062256	38.0262718201	0.101272679865	93.5	5.15999984741
54.386100769	-12.8144054413	0.0818870663643	83.75	9.72000026703
-41.4766540527	-0.0570592023432	0.07973498106	87.25	7.32000017166
-26.084444046	-17.4966163635	0.12090395391	80.25	7.30000019073
-14.0899324417	31.7519340515	0.130072459579	89.75	8.19999980927
11.0267934799	36.1405448914	0.126943007112	110.25	5.78000020981
-14.7583427429	29.8062210083	0.0875316113234	112.5	8.10000038147
-32.1861724854	-0.391981482506	0.0897597968578	88.75	6.44000005722
-54.9026260376	28.3122901917	0.0685154944658	84	5.17999982834
-1.70619237423	36.8097038269	0.144529819489	98.75	5.96000003815
-6.93397426605	36.6302566528	0.103168152273	95.25	6.23999977112
-27.2147827148	-20.5132160187	0.132052332163	80.75	6.76000022888
-23.9757614136	-22.6301174164	0.126515761018	78.25	6.44000005722
-34.5262489319	-22.0830955505	0.0870613455772	81.25	6.84000015259
-6.57385253906	-10.8342552185	0.0922570005059	84	7.53999996185
-13.4543132782	30.3864536285	0.145077720284	98	8.68000030518
5.21219444275	40.9115715027	0.160759046674	112.25	5.44000005722
-14.0838489532	-1.52947664261	0.110921986401	97.75	5.32000017166
-24.4759521484	33.9551506042	0.155464634299	133	5.44000005722
-20.8283500671	23.439994812	0.0790291279554	101.75	8.30000019073
-14.253156662	-1.44772970676	0.157566308975	101	5.32000017166
-0.140948057175	37.6166954041	0.0814094766974	100.5	5.63999986649
-16.2991485596	39.7093276978	0.199292972684	112.75	6.17999982834
-17.7424278259	-30.028553009	0.115139305592	85.75	7.76000022888
-56.1108818054	30.0769748688	0.121282994747	90.75	4.92000007629
-13.4830179214	32.3687362671	0.0888122990727	83.75	8.19999980927
8.94227695465	-19.3943042755	0.199818342924	110	7.86000013351
-9.87158203125	36.4556465149	0.106607086957	83.5	8.30000019073
-15.7410964966	30.7564125061	0.0976374670863	116.75	7.59999990463
25.7803707123	34.2375068665	0.0704976320267	89.25	5.38000011444
46.3218154907	-11.4964361191	0.0706584081054	77	4.76000022888
-16.196231842	31.4975948334	0.0969803854823	110	7.55999994278
-33.6758804321	0.112305372953	0.131023615599	104	6.5
12.1458072662	-19.4349384308	0.0961292013526	93.75	6.21999979019
42.1650352478	-7.28435468674	0.0891579538584	81	7.98000001907
-17.0675106049	-30.727186203	0.122029803693	75.75	8.18000030518
-45.8068733215	2.10382509232	0.0808324217796	92.25	5.78000020981
-33.8056793213	13.6937246323	0.0939901471138	119.25	7.19999980927
-20.9001922607	2.09136557579	0.0983924642205	88.75	6.63999986649
-13.3173847198	-0.791423380375	0.111412227154	92.5	4.82000017166
-15.9822788239	36.7406997681	0.140890985727	97.25	6.30000019073
-21.9546833038	-24.0713024139	0.0950043350458	82.25	6.23999977112
-54.5678596497	28.1855983734	0.0702788457274	77.5	5.28000020981
-19.2982215881	35.054775238	0.158623412251	100.25	5.82000017166
-14.5348653793	30.8262939453	0.124463520944	101.5	8.19999980927
-34.2854652405	-31.3955230713	0.118329465389	89.25	8.52000045776
-18.1092433929	23.5536804199	0.0756079033017	99.5	9.06000041962
26.9333877563	32.0270957947	0.100072868168	103	5.44000005722
30.9929828644	35.5241661072	0.0741247832775	94.75	4.94000005722
-27.2585659027	14.3218917847	0.0689252316952	88.5	6.03999996185
-17.5888195038	25.630487442	0.118246689439	116	7.90000009537
-14.9106178284	32.3017807007	0.100831322372	94	7.63999986649
43.309261322	-13.3698272705	0.100655153394	84.5	7.21999979019
11.9335355759	-21.0564002991	0.136122182012	102.5	7.11999988556
-11.9450416565	32.9696617126	0.0769550725818	92.5	8.42000007629
-7.7465467453	-0.543778002262	0.0741928592324	86.75	4.09999990463
-23.9864673615	-7.63036680222	0.0773286446929	88	8.02000045776
28.9649162292	34.4039344788	0.0851758792996	84.75	6.48000001907
15.226808548	43.3564605713	0.0756250023842	90.75	5.01999998093
-22.1990680695	37.6907539368	0.0755033567548	90	5.67999982834
11.004696846	-20.7701587677	0.107058517635	102	7.5
-16.0499420166	31.2843856812	0.13769453764	130.5	7.55999994278
-21.0571937561	28.6866168976	0.125475287437	107.25	7.36000013351
-19.7973003387	34.0813522339	0.0807410776615	88.25	5.88000011444
42.2501525879	-19.5137901306	0.12169919908	79.5	6.03999996185
-35.4433174133	-1.32427656651	0.155417725444	106.5	7.23999977112
-27.2632751465	-4.81121301651	0.0848126262426	86	7.46000003815
-7.83182096481	-1.60450339317	0.0748870223761	87	4.63999986649
1.5346275568	36.9240264893	0.0856969207525	105.75	6.15999984741
32.8971138	-44.4232406616	0.166175022721	84.5	11.2399997711
-13.4549436569	31.005437851	0.101508915424	92.5	8.61999988556
-28.9250221252	-1.55921697617	0.163579031825	103.75	6.63999986649
43.4325561523	-14.2681121826	0.0979739949107	81	6.88000011444
0.938575208187	39.1594009399	0.0814451947808	99.75	4.94000005722
-52.905544281	29.2142620087	0.0658064484596	76.5	5.13999986649
37.4409713745	22.9360980988	0.0849574282765	112.25	5.82000017166
-15.974524498	38.4927787781	0.109519183636	112.75	6.26000022888
41.2112922668	-9.35224533081	0.102696813643	94.25	7.76000022888
-36.5631828308	-29.4424171448	0.115481778979	80	7.98000001907
30.7937602997	34.0657272339	0.0981281921268	86.5	5.42000007629
-26.8479881287	-0.138719037175	0.0784067064524	93.5	6.21999979019
18.1401062012	35.1219329834	0.177283957601	89.75	4.86000013351
-9.72835254669	-13.9015846252	0.101197980344	80.25	7.42000007629
40.4697723389	41.7014770508	0.0940943732858	83.25	3.72000002861
30.8450908661	35.7412261963	0.0775493606925	95.25	4.94000005722
-19.6917572021	23.6899032593	0.189344853163	131.5	8.5
-21.6404361725	30.5416145325	0.0784158408642	99	6.48000001907
45.7436103821	-13.9829559326	0.0788433030248	79.75	6.40000009537
34.7195396423	26.0950317383	0.0804920122027	93.25	6.15999984741
11.4747953415	39.9206352234	0.165803104639	80	4.42000007629
13.3265342712	34.1948547363	0.0844649001956	91.75	4.94000005722
-39.3876037598	27.6350288391	0.0710371807218	90.75	5.86000013351
-19.9229869843	34.5255966187	0.0995037853718	95.25	5.82000017166
-11.4337053299	38.709602356	0.0888376832008	86.75	7.38000011444
-45.061794281	24.870967865	0.0706284418702	93	6.42000007629
-5.83503866196	-33.5419006348	0.11858407408	83.75	8.68000030518
-56.1036949158	31.2526226044	0.156862750649	78	5.03999996185
39.2710609436	-23.6287117004	0.126477971673	88.25	6.63999986649
41.1877326965	-19.561788559	0.141880348325	83	6.13999986649
-37.0794754028	2.82812738419	0.0707497373223	83.75	6.17999982834
27.1708259583	34.7504196167	0.0724046528339	88.75	8.03999996185
-2.63784074783	-6.83819675446	0.0987587720156	91.5	7.07999992371
-17.4512042999	35.994846344	0.10544373095	115.25	6.05999994278
-13.6360473633	40.1071128845	0.0798880308867	92.75	6.67999982834
36.1150665283	-22.7179794312	0.103001765907	87.5	6.84000015259
41.6584777832	-28.6138916016	0.115059815347	81.75	7.76000022888
-17.8470478058	33.2494049072	0.174772635102	110.5	6.40000009537
-13.3982114792	-13.168671608	0.0892506316304	79.5	7.88000011444
-15.3573160172	-0.38275077939	0.0722591355443	87	5.05999994278
-20.2605628967	-28.3917751312	0.136013686657	79.5	6.94000005722
-1.24011790752	0.759889006615	0.0888726562262	91.25	6.46000003815
-7.04387712479	34.6119728088	0.0791132822633	97.25	5.13999986649
-43.4761886597	-25.5050621033	0.135987386107	86.25	7.23999977112
-8.25179290771	34.411315918	0.185495123267	99.75	6.30000019073
35.643157959	-24.7086086273	0.102227300406	89.5	7
44.9857749939	-7.24367952347	0.0805418714881	81.75	8.77999973297
15.5038108826	35.4772567749	0.154651165009	99.75	4.46000003815
-16.7317256927	-26.9005470276	0.123406007886	75	6.36000013351
-34.7834091187	-27.8207168579	0.101174347103	84	7.40000009537
-15.1633806229	33.0553817749	0.0708494186401	91.75	7.13999986649
-13.4213237762	33.7614898682	0.0833333358169	82.75	7.63999986649
-9.69007015228	42.2670936584	0.0713280141354	76	7.19999980927
7.86823892593	38.8698196411	0.111347734928	91.5	5.78000020981
-35.9476509094	-27.8821716309	0.107862904668	80.25	7.5
-8.0422706604	36.1925697327	0.0809466987848	101.75	7.03999996185
-26.3629302979	12.2239780426	0.106115698814	80.25	5.21999979019
-10.2232456207	33.0389785767	0.0896143764257	102.25	7.86000013351
-19.2500667572	32.0191383362	0.0735466256738	94.25	6.55999994278
-17.0915107727	38.4151687622	0.107132866979	95.75	6.03999996185
38.0140571594	-26.0977973938	0.141679748893	90.25	6.88000011444
18.4034862518	35.6917610168	0.13560500741	97.5	4.96000003815
10.6004695892	-20.2221031189	0.163379237056	109.75	7.65999984741
12.0580644608	39.4487686157	0.163449689746	99.5	4.26000022888
-23.0976238251	24.646982193	0.190613716841	132	8.11999988556
-10.6592388153	37.3944816589	0.0696777105331	76.75	7.80000019073
40.5926513672	-22.0681304932	0.091812081635	85.5	6.82000017166
-17.684047699	33.4596214294	0.180578649044	135.75	6.23999977112
12.4830207825	36.5188827515	0.160800546408	116.5	5.57999992371
-8.41286373138	-2.50342059135	0.0786045491695	89	5.26000022888
13.2468729019	33.7568206787	0.0998887047172	89.75	5.17999982834
-18.1364192963	30.4173698425	0.0850234031677	109	6.63999986649
7.17827367783	40.442150116	0.0901394411922	90.5	5.34000015259
6.33517789841	41.942565918	0.110980965197	94.75	5.76000022888
-26.7216434479	10.2609462738	0.0956450924277	58.75	5.61999988556
-8.57279014587	-1.76843249798	0.0720400884748	86.25	4.76000022888
-3.91352987289	0.841684877872	0.145548582077	98.5	6.34000015259
11.946346283	34.0501861572	0.145608633757	94.5	5.19999980927
11.7207069397	33.935798645	0.070524059236	90.5	5.30000019073
9.18853187561	-17.711812973	0.110752686858	103	7.28000020981
-41.1969070435	30.100107193	0.0713722407818	90.5	5.17999982834
35.2192306519	42.4363059998	0.0702943056822	83	5.09999990463
-21.0729179382	30.0059432983	0.0738493725657	88.25	6.78000020981
-38.823513031	44.1811218262	0.0729613751173	89.25	7.13999986649
-57.5399971008	23.5220813751	0.0904934257269	118.75	6.42000007629
36.2712860107	24.4160270691	0.0820853114128	108.25	5.19999980927
-34.5216674805	-15.9557466507	0.104046240449	81	7.13999986649
0.949756622314	39.8885879517	0.123885646462	100.75	4.55999994278
23.5585021973	39.5485420227	0.0777909755707	98.25	5.34000015259
-23.3632011414	-6.70203924179	0.0949622169137	94.25	7.82000017166
8.1387834549	37.5745277405	0.0819051414728	102.75	5.46000003815
11.3415193558	-20.5032558441	0.115603797138	106.5	7.36000013351
-45.9113349915	1.06634378433	0.0729102492332	88.75	6
1.44498836994	37.6190299988	0.076847679913	98	5.69999980927
-38.2623252869	28.0764427185	0.0695398673415	83.5	5.73999977112
11.9509572983	34.7087020874	0.0989717245102	96.25	5.05999994278
15.60242939	37.3049201965	0.0725034177303	92.75	4.88000011444
-17.797586441	36.4625549316	0.0807668790221	99	6
42.0225830078	-7.19542503357	0.0666960179806	75.75	8.02000045776
37.345790863	22.362071991	0.0977151170373	100.5	5.82000017166
15.2709951401	34.9125061035	0.149420842528	96.75	4.36000013351
-13.5393247604	-17.3255615234	0.101130656898	80.5	7.30000019073
15.797624588	36.2772827148	0.0831903964281	97	4.86000013351
-15.0085382462	-9.55151939392	0.128113880754	90	8.10000038147
-11.2236633301	-1.60778784752	0.0738990306854	86	4.82000017166
-25.7192325592	36.5921669006	0.119561374187	84.5	5.46000003815
18.8724136353	40.6774139404	0.0839314162731	105.25	5.61999988556
-40.8509483337	-22.4605484009	0.153066396713	75.5	7.07999992371
-23.9092502594	-11.0966930389	0.0941629931331	85.5	8.35999965668
8.07188415527	38.7538833618	0.0785308405757	96.75	5.88000011444
-13.1801681519	35.2958335876	0.0822407603264	86.25	7.23999977112
-42.5104598999	0.800694227219	0.116431921721	93	6.84000015259
-8.5248041153	-13.7211790085	0.0773109272122	80.5	7.48000001907
-20.7027854919	-9.61128139496	0.0794612765312	88.5	8.23999977112
-31.972826004	-5.61045885086	0.0844227820635	95.25	7.82000017166
-17.8766117096	34.6685638428	0.104448266327	106.25	6.05999994278
-14.861082077	-2.5152630806	0.0759046748281	86	5.86000013351
8.56897830963	37.5825767517	0.101849682629	108.75	5.71999979019
41.3044509888	-26.9736633301	0.113969393075	87.5	7.38000011444
-37.7555541992	-24.1331787109	0.0893007591367	79.5	7.46000003815
22.8090419769	34.3172721863	0.0811212584376	95.5	6.86000013351
30.7159481049	-32.2569007874	0.130468145013	85	8.93999958038
17.2104969025	41.8702507019	0.255788892508	118.75	5.38000011444
-11.9710454941	0.517950117588	0.132139548659	107	5.01999998093
18.3112945557	35.3515930176	0.0815735012293	98.5	4.96000003815
-17.8385467529	29.9974975586	0.0894696712494	117.25	6.80000019073
-10.2280712128	42.022277832	0.0734299495816	76	7.40000009537
11.6698818207	-21.1433830261	0.135144084692	102	7.30000019073
-10.0951557159	40.6267776489	0.0658968761563	82.75	7.21999979019
41.0994262695	-5.97264814377	0.0922330096364	95	8.26000022888
21.4746685028	36.4999923706	0.0827725455165	92.25	5.80000019073
-35.577960968	-26.763502121	0.0969949439168	81.5	7.23999977112
-7.91559171677	-1.93110108376	0.157196968794	103.75	4.88000011444
38.8811378479	-28.1452255249	0.173800259829	100.5	7.05999994278
-19.3219070435	30.1487236023	0.0755914598703	98.25	6.90000009537
-13.4383764267	-26.3343257904	0.0983461290598	83.25	6.28000020981
52.9581222534	-13.4053497314	0.0807100608945	85.25	9.65999984741
10.0305242538	-20.9384250641	0.157707363367	110.75	7.84000015259
-17.5249404907	-1.53465473652	0.0667662099004	78.25	5.73999977112
-19.5968570709	29.5454978943	0.0803730934858	101.25	7.26000022888
-19.6159801483	-28.2704524994	0.105246424675	82.75	6.94000005722
40.0797157288	-24.2481689453	0.116103641689	88.5	6.78000020981
33.1469535828	35.6562919617	0.0848534554243	103.5	4.71999979019
28.5458717346	35.9475975037	0.101645126939	86.5	6.28000020981
-20.2956047058	24.2739925385	0.0862104594707	104.25	8.15999984741
-12.5987348557	38.9811859131	0.186973854899	105.5	7.11999988556
-10.5867042542	-4.22710752487	0.0901009142399	93.75	6.53999996185
-33.2485313416	0.61719763279	0.13021491468	103	6.40000009537
-3.69215083122	-5.85281801224	0.0922553986311	95	7.07999992371
20.5316371918	35.3278884888	0.090749412775	116.25	5.51999998093
26.8936443329	31.9192123413	0.164930552244	95	5.44000005722
43.5167961121	-10.9815788269	0.0748153477907	78.5	6.28000020981
46.8606987	-12.850566864	0.0957854390144	81.25	4.15999984741
-8.81649589539	-0.95219296217	0.0874012112617	94	4.21999979019
10.4571638107	39.8944129944	0.123609393835	100	4.42000007629
10.7430610657	-18.6134548187	0.159711688757	105.25	7.26000022888
41.3939666748	-16.3621673584	0.105950213969	87.25	6.34000015259
50.5455551147	-29.9223003387	0.145874261856	74.25	7.92000007629
47.0875511169	12.111661911	0.102146558464	103.5	7.32000017166
-47.2705535889	24.8972415924	0.0745438337326	83.75	6.38000011444
-15.2069749832	-2.76249790192	0.1426936239	93.5	6.01999998093
34.0274047852	32.0880126953	0.076155051589	97.25	4.23999977112
-22.5197925568	32.4649772644	0.130589425564	128.5	5.80000019073
-27.727399826	34.4476089478	0.10443213582	94.25	5.34000015259
42.3377532959	-23.2033939362	0.107536233962	92.75	7.15999984741
0.389702558517	37.9682159424	0.144506648183	103.25	5.40000009537
17.3837184906	32.4843788147	0.0787722691894	91.75	4.76000022888
32.6118087769	35.3972167969	0.0746062994003	94.75	4.55999994278
52.7383995056	-19.1422958374	0.124776549637	87.25	8.06000041962
-21.9080524445	24.7992076874	0.0830108374357	107.25	8.19999980927
-28.262845993	14.2577123642	0.183847978711	96.75	6.44000005722
48.9528770447	-11.1213970184	0.0766176134348	82	11.0799999237
-10.7254333496	-1.85252892971	0.107423581183	92.25	4.88000011444
-39.6008415222	26.446521759	0.0696476399899	84.5	6.13999986649
-10.2438392639	36.8072052002	0.0993397384882	82.75	8.10000038147
-12.4089288712	-2.91975641251	0.0817184224725	87.5	5.57999992371
34.1036643982	-27.5851383209	0.108002409339	89.75	7.59999990463
11.9627094269	38.9632835388	0.0787238478661	95	4.40000009537
-0.758245289326	-5.1123790741	0.0923648178577	99.5	6.48000001907
-19.0411186218	38.0197525024	0.152573525906	83	5.80000019073
-10.9730901718	34.6855125427	0.0725368484855	93.5	7.94000005722
41.7878761292	-25.2154579163	0.118713647127	86.75	7.26000022888
-18.70063591	37.6535949707	0.0772727280855	85	5.82000017166
-16.2165699005	-0.136810675263	0.0752222463489	82.5	5.15999984741
-31.5565013885	14.5141181946	0.0833972394466	108.75	7.11999988556
-32.5257835388	-1.90558695793	0.0810868665576	94.75	6.94000005722
46.0537223816	-28.5805473328	0.157978728414	74.25	8.26000022888
-10.9725646973	-1.44397318363	0.10053050518	94.75	4.67999982834
-30.7458553314	-20.9102306366	0.104734107852	80.75	6.61999988556
5.04581403732	38.9475021362	0.156067103148	100	5.01999998093
41.2470321655	-10.2258806229	0.0796752125025	78.5	7.80000019073
31.0670890808	35.4159584045	0.0836181342602	91.75	4.94000005722
6.36422729492	39.0851974487	0.10915197432	97.5	5.19999980927
-23.2198429108	3.5907599926	0.0792202427983	95.5	6.86000013351
39.7011146545	-22.7872581482	0.156602844596	79.75	6.63999986649
-21.5014152527	24.3101882935	0.133195132017	128.5	8.22000026703
-21.4573726654	33.7121315002	0.183585315943	148.75	5.78000020981
18.5126647949	39.1901626587	0.141920685768	108.25	5.23999977112
-25.8177967072	35.3496932983	0.105728127062	92.75	5.48000001907
-21.4868335724	27.0128974915	0.0814176276326	106.25	7.96000003815
28.4404678345	35.7152023315	0.101854577661	86.5	6.63999986649
-17.5107707977	-29.4105205536	0.0987310409546	79.75	7.46000003815
-25.0318031311	14.7085943222	0.133819952607	110	6.05999994278
1.56482899189	38.2065315247	0.101999491453	100.75	5.30000019073
-15.3932552338	-3.58514237404	0.164938271046	83.5	6.34000015259
7.62133598328	-17.6972484589	0.114689268172	101.5	7.51999998093
-9.19649410248	37.7118759155	0.0664925649762	82.75	7.71999979019
-8.59769916534	-4.38593482971	0.0754878818989	88	6.76000022888
-4.72584056854	-0.787553429604	0.094867810607	91.5	4.84000015259
-21.1322669983	28.9913883209	0.0698030218482	91.25	7.21999979019
36.9787864685	23.6793136597	0.0814433023334	98.75	5.76000022888
16.8746318817	35.7482757568	0.0782980397344	100.75	4.73999977112
-16.9022464752	-5.07573986053	0.119254261255	92.75	7.34000015259
-10.9216413498	32.9465560913	0.0739650800824	94.25	8.31999969482
41.9772148132	-20.5285148621	0.096281349659	83.5	6.34000015259
-18.9433784485	14.4182462692	0.0862135887146	111	5.09999990463
-26.0629119873	22.2938995361	0.0869400128722	114.5	8.03999996185
11.2836170197	-21.8687000275	0.106928534806	98	7.59999990463
-9.90125274658	33.6788063049	0.0816370695829	94.25	7.59999990463
-8.52669906616	35.8619117737	0.144437000155	107.75	7.71999979019
18.5299377441	36.1489028931	0.153074026108	91.5	5.01999998093
-33.9833030701	-20.7538909912	0.0933147668839	83.75	6.69999980927
37.0038414001	-23.4250278473	0.10329734534	88.5	6.71999979019
