#!/usr/bin/perl

our $PGPLOT = $ENV{USE_PGPLOT};

use PDL;
use PDL::Audio;

require PDL::Graphics::PGPLOT
   if $PGPLOT;

$birds = {
   'orchard-oriole' => [
      [0.38,0.03,3700,100,0.05,[1,0,0,100],[0,0,1,25,0.7,60,1,75,0,100]],
      [0.41,0.05,2500,1000,0.1,[0,0,1,100],[0,0,1,25,0.7,60,1,75,0,100]],
      [0.5,0.1,2000,800,0.2,[0,0,1,60,0.6,100],[0,0,1,25,0.7,60,1,75,0,100],[1,1,2,0.02,3,0.05]],
      [0.65,0.03,3900,1200,0.1,[1,0,0,100],[0,0,1,25,0.7,60,1,75,0,100]],
      [0.7,0.21,2000,1200,0.15,[0.9,0,1,15,0.3,40,0.6,60,0,85,0,100],[0,0,1,25,0.7,60,1,75,0,100],[1,1,2,0.05]],
      [1,0.05,4200,1000,0.1,[1,0,0,100],[0,0,1,25,0.7,60,1,75,0,100]],
      [1.1,0.1,2000,1000,0.25,[1,0,0.5,5,1,10,0,25,0.5,85,0,100],[0,0,1,25,0.7,60,1,75,0,100],[1,1,2,0.05]],
      [1.3,0.1,2000,1000,0.25,[1,0,0.5,5,1,10,0,25,0.5,85,0,100],[0,0,1,25,0.7,60,1,75,0,100],[1,1,2,0.05]],
      [1.48,0.1,2300,3200,0.1,[0.5,0,1,30,0,100],[0,0,1,10,0,100]],
      [1.65,0.03,1800,300,0.05,[0,0,1,100],[0,0,1,25,0.7,60,1,75,0,100]],
      [1.7,0.03,2200,100,0.04,[1,0,0,100],[0,0,1,25,0.7,60,1,75,0,100]],
      [1.8,0.07,2500,2000,0.15,[0.5,0,1,30,0,100],[0,0,1,10,0,100]],
      [1.92,0.2,2400,1200,0.25,[0.3,0,0,25,1,100],[0,0,1,25,0.7,60,1,75,0,100],[1,1,2,0.04]],
      [2.2,0.02,2200,3000,0.04,[0,0,1,100],[0,0,1,25,0.7,60,1,75,0,100]],
      [2.28,0.02,2200,3000,0.04,[0,0,1,100],[0,0,1,25,0.7,60,1,75,0,100]],
      [2.4,0.17,2000,1000,0.2,[0,0,1,60,0.6,100],[0,0,1,10,0,100],[1,1,2,0.04]],
   ],
   'cassins-kingbird' => [
      [0.03,0.04,1700,1200,0.15,[0.3,0,1,45,0.1,90,0,100],[0,0,1,25,0.7,60,1,75,0,100],[1,1,2,0.5,3,0,4,0.2]],
      [0.12,0.18,1700,900,0.25,[0,0,0.5,2,0,4,0.55,6,0.05,8,0.6,10,0.05,12,0.65,14,0.1,16,0.7,18,0.1,20,0.75,22,0.15,24,0.8,26,0.2,28,0.85,30,0.25,32,0.9,34,0.3,36,0.95,38,0.4,40,1,42,0.5,44,1,46,0.45,48,1,50,0.5,52,1,54,0.4,56,0.95,58,0.4,60,0.9,62,0.4,64,0.85,66,0.35,68,0.8,70,0.3,72,0.75,74,0.25,76,0.7,78,0.2,80,0.65,82,0.1,84,0.6,86,0,88,0.55,90,0,92,0.5,94,0,96,0.4,100],[0,0,1,25,0.7,60,1,75,0,100],[1,1,2,0.01,3,0,4,0.1]],
   ],
   'chipping-sparrow' => [
      [0,0.05,4000,2400,0.2,[0.8,0,1,15,0.3,75,0,100],[0,0,1,25,0.7,60,1,75,0,100]],
      [0.06,0.05,4000,2400,0.2,[0.8,0,1,15,0.3,75,0,100],[0,0,1,25,0.7,60,1,75,0,100]],
      [0.12,0.05,4000,2400,0.2,[0.8,0,1,15,0.3,75,0,100],[0,0,1,25,0.7,60,1,75,0,100]],
      [0.18,0.05,4000,2400,0.2,[0.8,0,1,15,0.3,75,0,100],[0,0,1,25,0.7,60,1,75,0,100]],
      [0.24,0.05,4000,2400,0.2,[0.8,0,1,15,0.3,75,0,100],[0,0,1,25,0.7,60,1,75,0,100]],
      [0.3,0.05,4000,2400,0.2,[0.8,0,1,15,0.3,75,0,100],[0,0,1,25,0.7,60,1,75,0,100]],
      [0.36,0.05,4000,2400,0.2,[0.8,0,1,15,0.3,75,0,100],[0,0,1,25,0.7,60,1,75,0,100]],
      [0.42,0.05,4000,2400,0.2,[0.8,0,1,15,0.3,75,0,100],[0,0,1,25,0.7,60,1,75,0,100]],
      [0.48,0.05,4000,2400,0.2,[0.8,0,1,15,0.3,75,0,100],[0,0,1,25,0.7,60,1,75,0,100]],
      [0.54,0.05,4000,2400,0.2,[0.8,0,1,15,0.3,75,0,100],[0,0,1,25,0.7,60,1,75,0,100]],
      [0.6,0.05,4000,2400,0.2,[0.8,0,1,15,0.3,75,0,100],[0,0,1,25,0.7,60,1,75,0,100]],
      [0.66,0.05,4000,2400,0.2,[0.8,0,1,15,0.3,75,0,100],[0,0,1,25,0.7,60,1,75,0,100]],
      [0.72,0.05,4000,2400,0.2,[0.8,0,1,15,0.3,75,0,100],[0,0,1,25,0.7,60,1,75,0,100]],
      [0.78,0.05,4000,2400,0.2,[0.8,0,1,15,0.3,75,0,100],[0,0,1,25,0.7,60,1,75,0,100]],
      [0.84,0.05,4000,2400,0.2,[0.8,0,1,15,0.3,75,0,100],[0,0,1,25,0.7,60,1,75,0,100]],
      [0.9,0.05,4000,2400,0.2,[0.8,0,1,15,0.3,75,0,100],[0,0,1,25,0.7,60,1,75,0,100]],
      [0.96,0.05,4000,2400,0.2,[0.8,0,1,15,0.3,75,0,100],[0,0,1,25,0.7,60,1,75,0,100]],
   ],
   'bobwhite' => [
      [0.4,0.2,1800,200,0.1,[0,0,1,40,1,100],[0,0,1,25,0.7,60,1,75,0,100],[1,1,2,0.02]],
      [1,0.2,1800,1200,0.2,[0,0,0.5,65,1,100],[0,0,1,25,0.7,60,1,75,0,100],[1,1,2,0.02]],
   ],
   'western-meadowlark' => [
      [0.8,0.1,2010,0,0.1,[0,0,0,100],[0,0,1,25,0.7,60,1,75,0,100],[1,1,2,0.04]],
      [1.1,0.15,3000,100,0.11,[1,0,0.4,40,0,100],[0,0,1,25,0.7,60,1,75,0,100],[1,1,2,0.04]],
      [1.3,0.25,2000,150,0.2,[1,0,0.4,40,0,100],[0,0,1,25,0.7,60,1,75,0,100],[1,1,2,0.04]],
      [1.65,0.15,3010,250,0.11,[1,0,0.4,40,0,100],[0,0,1,25,0.7,60,1,75,0,100],[1,1,2,0.04]],
      [1.85,0.1,2200,150,0.11,[1,0,0.4,40,0,100],[0,0,1,25,0.7,60,1,75,0,100],[1,1,2,0.04]],
      [2,0.1,3200,1400,0.11,[1,0,0,100],[0,0,1,25,0.7,60,1,75,0,100],[1,1,2,0.04]],
      [2.2,0.05,2000,200,0.11,[1,0,0,100],[0,0,1,25,0.7,60,1,75,0,100],[1,1,2,0.04]],
      [2.3,0.1,1600,0,0.11,[1,0,0,100],[0,0,1,25,0.7,60,1,75,0,100],[1,1,2,0.04]],
   ],
   'great-horned-owl' => [
      [0.3,0.1,300,0,0.1,[0,0,1,25,0.7,60,1,75,0,100],[0,0,1,25,0.7,60,1,75,0,100],[1,1,3,0.02,7,0.01]],
      [0.6,0.4,293,6,0.1,[1,0,0,100],[0,0,1,25,0.7,60,1,75,0,100],[1,1,3,0.02,7,0.01]],
      [1.75,0.35,293,7,0.1,[0,0,1,30,1,100],[0,0,1,25,0.7,60,1,75,0,100],[1,1,3,0.02,7,0.01]],
      [2.5,0.2,300,0,0.1,[0,0,1,30,1,100],[0,0,1,25,0.7,60,1,75,0,100],[1,1,3,0.02,7,0.01]],
   ],
   'black-throated-gray-warbler' => [
      [0,0.12,3700,600,0.05,[0.5,0,0.6,2,0.45,4,0.62,6,0.4,8,0.65,10,0.35,12,0.7,14,0.3,18,0.7,20,0.3,22,0.7,24,0.2,25,0.8,30,0.1,35,0.9,40,0,45,1,50,0,55,1,60,0,65,1,70,0,75,1,80,0,85,1,90,0,95,0.5,100],[0,0,1,25,0.7,60,1,75,0,100]],
      [0.18,0.08,3000,800,0.07,[0,0,0.4,1,0,2,0.4,3,0,4,0.4,5,0,6,0.4,7,0,8,0.4,9,0,10,0.8,25,0.3,40,1,55,0,70,0.8,85,0.4,100],[0,0,1,25,0.7,60,1,75,0,100]],
      [0.28,0.12,3700,600,0.12,[0.5,0,0.6,2,0.45,4,0.62,6,0.4,8,0.65,10,0.35,12,0.7,14,0.3,18,0.7,20,0.3,22,0.7,24,0.2,25,0.8,30,0.1,35,0.9,40,0,45,1,50,0,55,1,60,0,65,1,70,0,75,1,80,0,85,1,90,0,95,0.5,100],[0,0,1,25,0.7,60,1,75,0,100]],
      [0.44,0.08,3000,800,0.15,[0,0,0.4,1,0,2,0.4,3,0,4,0.4,5,0,6,0.4,7,0,8,0.4,9,0,10,0.8,25,0.3,40,1,55,0,70,0.8,85,0.4,100],[0,0,1,25,0.7,60,1,75,0,100]],
      [0.54,0.12,3700,600,0.2,[0.5,0,0.6,2,0.45,4,0.62,6,0.4,8,0.65,10,0.35,12,0.7,14,0.3,18,0.7,20,0.3,22,0.7,24,0.2,25,0.8,30,0.1,35,0.9,40,0,45,1,50,0,55,1,60,0,65,1,70,0,75,1,80,0,85,1,90,0,95,0.5,100],[0,0,1,25,0.7,60,1,75,0,100]],
      [0.72,0.08,3000,800,0.25,[0,0,0.4,1,0,2,0.4,3,0,4,0.4,5,0,6,0.4,7,0,8,0.4,9,0,10,0.8,25,0.3,40,1,55,0,70,0.8,85,0.4,100],[0,0,1,25,0.7,60,1,75,0,100]],
      [0.82,0.12,3700,600,0.25,[0.5,0,0.6,2,0.45,4,0.62,6,0.4,8,0.65,10,0.35,12,0.7,14,0.3,18,0.7,20,0.3,22,0.7,24,0.2,25,0.8,30,0.1,35,0.9,40,0,45,1,50,0,55,1,60,0,65,1,70,0,75,1,80,0,85,1,90,0,95,0.5,100],[0,0,1,25,0.7,60,1,75,0,100]],
      [0.96,0.2,3000,2000,0.2,[1,0,0.6,1,1,2,0.6,3,1,4,0.6,5,1,6,0.6,7,1,8,0.6,9,1,10,0.6,11,1,12,0.6,13,1,14,0.6,15,1,16,0.6,17,1,18,0.6,19,1,20,0.55,21,1,22,0.5,23,1,24,0.5,25,1,26,0.5,27,1,28,0.5,29,1,30,0.5,31,1,32,0.5,33,1,34,0.5,35,1,36,0.5,37,1,38,0.5,39,1,40,0.5,41,1,42,0.5,43,1,44,0.5,45,1,46,0.5,47,1,48,0.5,49,1,50,0.5,51,1,52,0.5,53,1,54,0.5,55,1,56,0.5,57,1,58,0.5,59,1,60,0,100],[0,0,1,25,0.7,60,1,75,0,100]],
      [1.2,0.02,4500,500,0.05,[0,0,1,100],[0,0,1,25,0.7,60,1,75,0,100]],
      [1.25,0.02,4200,800,0.05,[0,0,1,100],[0,0,1,25,0.7,60,1,75,0,100]],
      [1.3,0.02,4000,900,0.05,[0,0,1,100],[0,0,1,25,0.7,60,1,75,0,100]],
   ],
   'yellow-warbler' => [
      [0,0.05,5600,400,0.05,[0,0,1,60,0.5,100],[0,0,1,25,0.7,60,1,75,0,100]],
      [0.23,0.12,5000,1500,0.15,[1,0,1,5,0,60,0.3,80,0.1,100],[0,0,1,90,0,100]],
      [0.45,0.13,5000,1700,0.17,[1,0,1,5,0,60,0.3,80,0.1,100],[0,0,1,90,0,100]],
      [0.62,0.16,5000,2000,0.2,[1,0,1,5,0,60,0.3,80,0.1,100],[0,0,1,90,0,100]],
      [0.85,0.15,5000,2000,0.2,[1,0,1,5,0,60,0.3,80,0.1,100],[0,0,1,90,0,100]],
      [1.05,0.075,3700,1000,0.2,[1,0,0,100],[0,0,1,25,0.7,60,1,75,0,100]],
      [1.15,0.075,3700,800,0.15,[1,0,0,100],[0,0,1,25,0.7,60,1,75,0,100]],
      [1.25,0.075,3700,800,0.15,[1,0,0,100],[0,0,1,25,0.7,60,1,75,0,100]],
      [1.4,0.2,3700,2000,0.2,[0,0,0.2,30,0.7,80,1,100],[0,0,1,90,0,100]],
   ],
   'black-necked-stilt' => [
      [0,0.1,900,100,0.2,[0,0,1,50,0.2,100],[0,0,1,90,0,100],[1,0.5,2,1,3,0.75,4,0.5,5,0.1]],
      [0.3,0.1,900,200,0.2,[0,0,1,50,0.2,100],[0,0,1,90,0,100],[1,0.5,2,1,3,0.75,4,0.5,5,0.1]],
      [0.6,0.1,900,250,0.2,[0,0,1,50,0.2,100],[0,0,1,90,0,100],[1,0.5,2,1,3,0.75,4,0.5,5,0.1]],
   ],
   'chestnut-sided-warbler' => [
      [0.1,0.1,4050,1200,0.05,[1,0,0.5,30,1,60,0.2,80,0,100],[0,0,1,25,0.7,60,1,75,0,100],[1,1,2,0.1]],
      [0.25,0.03,3900,300,0.075,[0.2,0,1,50,0,100],[0,0,1,25,0.7,60,1,75,0,100],[1,1,2,0.1]],
      [0.3,0.1,4050,1200,0.15,[1,0,0.5,30,1,60,0.2,80,0,100],[0,0,1,90,0,100],[1,1,2,0.1]],
      [0.42,0.03,3800,500,0.1,[0.2,0,1,50,0,100],[0,0,1,25,0.7,60,1,75,0,100],[1,1,2,0.1]],
      [0.5,0.1,4000,1200,0.2,[1,0,0.5,30,1,60,0.2,80,0,100],[0,0,1,1,1,99,0,100],[1,1,2,0.1]],
      [0.65,0.03,3800,500,0.15,[0.2,0,1,50,0,100],[0,0,1,25,0.7,60,1,75,0,100],[1,1,2,0.1]],
      [0.72,0.1,4000,1200,0.2,[1,0,0.5,30,1,60,0.2,80,0,100],[0,0,1,1,1,99,0,100],[1,1,2,0.1]],
      [0.85,0.03,3800,500,0.15,[0.2,0,1,50,0,100],[0,0,1,25,0.7,60,1,75,0,100],[1,1,2,0.1]],
      [0.91,0.1,4000,1200,0.2,[1,0,0.5,30,1,60,0.2,80,0,100],[0,0,1,1,1,99,0,100],[1,1,2,0.1]],
      [1.05,0.12,3800,2200,0.15,[0.5,0,0,15,0.1,45,1,60,0.9,70,0.9,100],[0,0,1,10,0.1,40,0.9,50,0.1,60,1,70,0,100],[1,1,2,0.1]],
      [1.2,0.12,3800,2200,0.15,[0.5,0,0,15,0.1,45,1,60,0.9,70,0.9,100],[0,0,1,10,0.1,40,0.9,50,0.1,60,1,70,0,100],[1,1,2,0.1]],
      [1.35,0.12,2500,2200,0.25,[0,0,1,95,1,100],[0,0,1,90,0,100],[1,1,2,0.1]],
      [1.5,0.12,2500,4000,0.15,[1,0,0.3,25,0.15,60,0,100],[0,0,1,25,0.7,60,1,75,0,100],[1,1,2,0.1]],
   ],
   'grasshopper-sparrow' => [
      [0.49,0.01,8000,100,0.1,[0,0,1,10,0,20,1,30,0,40,1,50,0,60,1,70,0,80,1,90,0,100],[0,0,1,25,0.7,60,1,75,0,100]],
      [0.6,0.01,5700,300,0.1,[0,0,1,10,0,20,1,30,0,40,1,50,0,60,1,70,0,80,1,90,0,100],[0,0,1,25,0.7,60,1,75,0,100]],
      [0.92,0.01,3900,100,0.1,[0,0,1,10,0,20,1,30,0,40,1,50,0,60,1,70,0,80,1,90,0,100],[0,0,1,25,0.7,60,1,75,0,100]],
      [1,1.4,6000,2500,0.2,[0.5,0,0.8,2,0.3,4,0.8,6,0.1,7,0.9,8,0,10,0.9,11,0,12,0.9,13,0.1,14,1,15,0.1,16,1,17,0.1,18,1,19,0.1,20,1,21,0.1,22,1,23,0.1,24,1,25,0.1,26,1,27,0.1,28,1,29,0.1,30,1,31,0.1,32,1,33,0.1,34,1,35,0.1,36,1,37,0.1,38,1,39,0.1,40,1,41,0.1,42,1,43,0.1,44,1,45,0.1,46,1,47,0.1,48,1,49,0.1,50,1,51,0.1,52,1,53,0.1,54,1,55,0.1,56,1,57,0.1,58,1,59,0.1,60,1,61,0.1,62,1,63,0.1,64,1,65,0.1,66,1,67,0.1,68,1,69,0.1,70,1,71,0.1,72,1,73,0.1,74,1,75,0.1,76,1,77,0.1,78,1,79,0.1,80,1,81,0.1,82,1,83,0.1,84,1,85,0.1,86,1,87,0.1,88,1,89,0.1,90,1,91,0.1,92,1,93,0.1,94,1,95,0.1,96,1,97,0.1,98,1,100],[0,0,1,25,0.7,60,1,75,0,100]],
   ],
   'swamp-sparrow' => [
      [0,0.02,3900,200,0.3,[0,0,0.7,60,1,100],[0,0,1,25,0.7,60,1,75,0,100]],
      [0.035,0.035,3200,3000,0.1,[1,0,0.5,50,0.6,60,0,100],[0,0,1,25,0.7,60,1,75,0,100]],
      [0.08,0.025,3700,0,0.1,[0,0,1,25,0.7,60,1,75,0,100],[0,0,1,25,0.7,60,1,75,0,100]],
      [0.1,0.02,3900,200,0.3,[0,0,0.7,60,1,100],[0,0,1,25,0.7,60,1,75,0,100]],
      [0.135,0.035,3200,3000,0.1,[1,0,0.5,50,0.6,60,0,100],[0,0,1,25,0.7,60,1,75,0,100]],
      [0.18,0.025,3700,0,0.1,[0,0,1,25,0.7,60,1,75,0,100],[0,0,1,25,0.7,60,1,75,0,100]],
      [0.2,0.02,3900,200,0.3,[0,0,0.7,60,1,100],[0,0,1,25,0.7,60,1,75,0,100]],
      [0.235,0.035,3200,3000,0.1,[1,0,0.5,50,0.6,60,0,100],[0,0,1,25,0.7,60,1,75,0,100]],
      [0.28,0.025,3700,0,0.1,[0,0,1,25,0.7,60,1,75,0,100],[0,0,1,25,0.7,60,1,75,0,100]],
      [0.3,0.02,3900,200,0.3,[0,0,0.7,60,1,100],[0,0,1,25,0.7,60,1,75,0,100]],
      [0.335,0.035,3200,3000,0.1,[1,0,0.5,50,0.6,60,0,100],[0,0,1,25,0.7,60,1,75,0,100]],
      [0.38,0.025,3700,0,0.1,[0,0,1,25,0.7,60,1,75,0,100],[0,0,1,25,0.7,60,1,75,0,100]],
      [0.4,0.02,3900,200,0.3,[0,0,0.7,60,1,100],[0,0,1,25,0.7,60,1,75,0,100]],
      [0.435,0.035,3200,3000,0.1,[1,0,0.5,50,0.6,60,0,100],[0,0,1,25,0.7,60,1,75,0,100]],
      [0.48,0.025,3700,0,0.1,[0,0,1,25,0.7,60,1,75,0,100],[0,0,1,25,0.7,60,1,75,0,100]],
      [0.5,0.02,3900,200,0.3,[0,0,0.7,60,1,100],[0,0,1,25,0.7,60,1,75,0,100]],
      [0.535,0.035,3200,3000,0.1,[1,0,0.5,50,0.6,60,0,100],[0,0,1,25,0.7,60,1,75,0,100]],
      [0.58,0.025,3700,0,0.1,[0,0,1,25,0.7,60,1,75,0,100],[0,0,1,25,0.7,60,1,75,0,100]],
      [0.6,0.02,3900,200,0.3,[0,0,0.7,60,1,100],[0,0,1,25,0.7,60,1,75,0,100]],
      [0.635,0.035,3200,3000,0.1,[1,0,0.5,50,0.6,60,0,100],[0,0,1,25,0.7,60,1,75,0,100]],
      [0.68,0.025,3700,0,0.1,[0,0,1,25,0.7,60,1,75,0,100],[0,0,1,25,0.7,60,1,75,0,100]],
      [0.7,0.02,3900,200,0.3,[0,0,0.7,60,1,100],[0,0,1,25,0.7,60,1,75,0,100]],
      [0.735,0.035,3200,3000,0.1,[1,0,0.5,50,0.6,60,0,100],[0,0,1,25,0.7,60,1,75,0,100]],
      [0.78,0.025,3700,0,0.1,[0,0,1,25,0.7,60,1,75,0,100],[0,0,1,25,0.7,60,1,75,0,100]],
      [0.8,0.02,3900,200,0.3,[0,0,0.7,60,1,100],[0,0,1,25,0.7,60,1,75,0,100]],
      [0.835,0.035,3200,3000,0.1,[1,0,0.5,50,0.6,60,0,100],[0,0,1,25,0.7,60,1,75,0,100]],
      [0.88,0.025,3700,0,0.1,[0,0,1,25,0.7,60,1,75,0,100],[0,0,1,25,0.7,60,1,75,0,100]],
      [0.9,0.02,3900,200,0.3,[0,0,0.7,60,1,100],[0,0,1,25,0.7,60,1,75,0,100]],
      [0.935,0.035,3200,3000,0.1,[1,0,0.5,50,0.6,60,0,100],[0,0,1,25,0.7,60,1,75,0,100]],
      [0.98,0.025,3700,0,0.1,[0,0,1,25,0.7,60,1,75,0,100],[0,0,1,25,0.7,60,1,75,0,100]],
   ],
   'golden-crowned-sparrow' => [
      [0.6,0.5,4300,1000,0.15,[1,0,0.2,25,0,100],[0,0,1,25,0.7,60,1,75,0,100]],
      [1.3,0.45,3300,200,0.15,[1,0,0.2,25,0,100],[0,0,1,25,0.7,60,1,75,0,100]],
      [1.75,0.4,3800,100,0.15,[0.9,0,1,5,0.4,10,0,100],[0,0,1,25,0.7,60,1,75,0,100]],
      [2.2,0.3,3800,100,0.1,[0.5,0,0,10,1,20,0,30,1,40,0,50,1,60,0,70,1,80,0,90,0.5,100],[0,0,1,25,0.7,60,1,75,0,100]],
   ],
   'indigo-bunting' => [
      [0.4,0.08,3000,700,0.25,[1,0,0,100],[0,0,1,25,0.7,60,1,75,0,100]],
      [0.52,0.02,6200,1000,0.05,[1,0,0,100],[0,0,1,25,0.7,60,1,75,0,100]],
      [0.55,0.15,3500,2300,0.1,[0,0,1,50,0,100],[0,0,1,25,0.7,60,1,75,0,100]],
      [0.74,0.02,6200,1800,0.05,[1,0,0.5,10,0.9,25,0,100],[0,0,1,25,0.7,60,1,75,0,100]],
      [0.8,0.15,3400,2300,0.1,[0,0,1,50,0,100],[0,0,1,25,0.7,60,1,75,0,100]],
      [1,0.1,3400,800,0.2,[0,0,1,50,0,100],[0,0,1,25,0.7,60,1,75,0,100]],
      [1.13,0.03,4100,2000,0.05,[1,0,0,100],[0,0,1,25,0.7,60,1,75,0,100]],
      [1.25,0.08,3400,800,0.2,[0,0,1,50,0,100],[0,0,1,25,0.7,60,1,75,0,100]],
      [1.4,0.03,4100,2000,0.05,[1,0,0,100],[0,0,1,25,0.7,60,1,75,0,100]],
      [1.5,0.07,3700,300,0.1,[1,0,0,100],[0,0,1,25,0.7,60,1,75,0,100]],
      [1.6,0.1,4100,2200,0.15,[1,0,0,50,0.9,100],[0,0,1,25,0.7,60,1,75,0,100]],
      [1.72,0.05,3700,300,0.1,[1,0,0,100],[0,0,1,25,0.7,60,1,75,0,100]],
      [1.81,0.1,4100,2200,0.15,[1,0,0,50,0.9,100],[0,0,1,25,0.7,60,1,75,0,100]],
      [1.94,0.07,5200,1800,0.2,[0.8,0,1,30,0.2,70,0,100],[0,0,1,25,0.7,60,1,75,0,100]],
      [2.05,0.08,3000,1500,0.15,[0,0,1,100],[0,0,1,25,0.7,60,1,75,0,100]],
      [2.2,0.07,5200,1800,0.2,[0.8,0,1,30,0.2,70,0,100],[0,0,1,25,0.7,60,1,75,0,100]],
      [2.33,0.08,3000,1500,0.15,[0,0,1,100],[0,0,1,25,0.7,60,1,75,0,100]],
      [2.43,0.07,5200,1800,0.1,[0.8,0,1,30,0.2,70,0,100],[0,0,1,25,0.7,60,1,75,0,100]],
      [2.51,0.08,3000,1500,0.1,[0,0,1,100],[0,0,1,25,0.7,60,1,75,0,100]],
   ],
   'hooded-warbler' => [
      [0.6,0.03,3900,1600,0.05,[1,0,0,100],[0,0,1,25,0.7,60,1,75,0,100]],
      [0.64,0.03,3900,1700,0.05,[1,0,0,100],[0,0,1,25,0.7,60,1,75,0,100]],
      [0.8,0.03,3900,2000,0.1,[1,0,0,100],[0,0,1,25,0.7,60,1,75,0,100]],
      [0.84,0.03,3900,2000,0.1,[1,0,0,100],[0,0,1,25,0.7,60,1,75,0,100]],
      [0.93,0.03,3900,2100,0.15,[1,0,0,100],[0,0,1,25,0.7,60,1,75,0,100]],
      [0.97,0.03,3900,2100,0.15,[1,0,0,100],[0,0,1,25,0.7,60,1,75,0,100]],
      [1.05,0.03,3900,2100,0.05,[1,0,0,100],[0,0,1,25,0.7,60,1,75,0,100]],
      [1.09,0.03,3900,2100,0.2,[1,0,0,100],[0,0,1,25,0.7,60,1,75,0,100]],
      [1.17,0.03,3900,2100,0.2,[1,0,0,100],[0,0,1,25,0.7,60,1,75,0,100]],
      [1.21,0.03,3900,2100,0.2,[1,0,0,100],[0,0,1,25,0.7,60,1,75,0,100]],
      [1.39,0.03,3900,2100,0.2,[1,0,0,100],[0,0,1,25,0.7,60,1,75,0,100]],
      [1.43,0.03,3900,2100,0.2,[1,0,0,100],[0,0,1,25,0.7,60,1,75,0,100]],
      [1.51,0.03,3900,2100,0.2,[1,0,0,100],[0,0,1,25,0.7,60,1,75,0,100]],
      [1.55,0.03,3900,2100,0.2,[1,0,0,100],[0,0,1,25,0.7,60,1,75,0,100]],
      [1.63,0.03,3900,2100,0.2,[1,0,0,100],[0,0,1,25,0.7,60,1,75,0,100]],
      [1.67,0.03,3900,2100,0.2,[1,0,0,100],[0,0,1,25,0.7,60,1,75,0,100]],
      [1.75,0.03,3900,2100,0.2,[1,0,0,100],[0,0,1,25,0.7,60,1,75,0,100]],
      [1.8,0.03,3900,2100,0.2,[1,0,0,100],[0,0,1,25,0.7,60,1,75,0,100]],
      [1.9,0.04,3000,1000,0.15,[0,0,1,100],[0,0,1,25,0.7,60,1,75,0,100]],
      [1.98,0.04,3000,1000,0.15,[0,0,1,100],[0,0,1,25,0.7,60,1,75,0,100]],
      [2.05,0.04,3000,1000,0.15,[0,0,1,100],[0,0,1,25,0.7,60,1,75,0,100]],
      [2.13,0.04,3000,1000,0.15,[0,0,1,100],[0,0,1,25,0.7,60,1,75,0,100]],
      [2.21,0.04,3000,1000,0.15,[0,0,1,100],[0,0,1,25,0.7,60,1,75,0,100]],
      [2.29,0.04,3000,1000,0.15,[0,0,1,100],[0,0,1,25,0.7,60,1,75,0,100]],
      [2.37,0.04,3000,1000,0.15,[0,0,1,100],[0,0,1,25,0.7,60,1,75,0,100]],
      [2.45,0.04,3000,1000,0.15,[0,0,1,100],[0,0,1,25,0.7,60,1,75,0,100]],
   ],
   'american-widgeon' => [
      [0.3,0.07,1900,300,0.15,[0,0,1,50,0,100],[0,0,1,50,0,100],[1,1,2,0.02]],
      [0.4,0.11,1700,1400,0.25,[0,0,1,50,0,100],[0,0,1,50,0,100],[1,0.7,2,1,3,0.02]],
      [0.55,0.07,1900,300,0.15,[0,0,1,50,0,100],[0,0,1,50,0,100],[1,1,2,0.02]],
   ],
   'louisiana-waterthrush' => [
      [0,0.17,4100,2000,0.2,[0.8,0,0.4,35,0.9,45,1,50,1,75,0.1,100],[0,0,1,35,0.2,50,1,90,0,100]],
      [0.32,0.18,4050,2050,0.3,[0.8,0,0.4,35,0.9,45,1,50,1,75,0.1,100],[0,0,1,35,0.2,50,1,90,0,100]],
      [0.64,0.2,4000,1900,0.25,[0.8,0,0.4,35,0.9,45,1,50,1,75,0.1,100],[0,0,1,35,0.2,50,1,90,0,100]],
      [0.9,0.2,3900,2000,0.3,[1,0,0,40,0.1,60,0.8,100],[0,0,1,1,1,99,0,100]],
      [1.25,0.12,3000,3000,0.25,[1,0,0,95,0,100],[0,0,1,90,0,100]],
      [1.4,0.1,2700,1500,0.2,[0,0,1,100],[0,0,1,90,0,100]],
      [1.58,0.02,5200,1000,0.1,[1,0,0,100],[0,0,1,25,0.7,60,1,75,0,100]],
      [1.65,0.02,5200,1000,0.1,[1,0,0,100],[0,0,1,25,0.7,60,1,75,0,100]],
      [1.7,0.035,3200,1000,0.1,[0,0,1,100],[0,0,1,90,0,100]],
   ],
   'robin' => [
      [0.45,0.06,2000,800,0.15,[0,0,0.7,12,0,30,1,70,0.5,100],[0,0,1,25,0.7,60,1,75,0,100],[1,1,2,0.1]],
      [0.56,0.1,2000,900,0.15,[0.1,0,0.7,8,0,30,1,35,0.3,40,0.3,100],[0,0,1,25,0.7,60,1,75,0,100],[1,1,2,0.1]],
      [1.04,0.24,2000,2000,0.25,[0,0,1,10,0.7,20,0.7,35,0.3,65,0.5,70,0,80,0.2,90,0,100],[0,0,1,25,0.7,60,1,75,0,100],[1,1,2,0.1]],
      [1.63,0.13,1900,1600,0.2,[0.2,0,1,25,0.7,60,0,90,0.1,100],[0,0,1,25,0.7,60,1,75,0,100],[1,1,2,0.1]],
      [1.8,0.11,2200,1200,0.25,[1,0,0,100],[0,0,1,25,0.7,60,1,75,0,100],[1,1,2,0.1]],
      [2.31,0.21,1950,2000,0.15,[0.5,0,0,10,1,20,0,30,1,40,0,50,1,60,0.5,70,0.2,100],[0,0,1,25,0.7,60,1,75,0,100],[1,1,2,0.1]],
   ],
   'solitary-vireo' => [
      [0,0.4,1800,1200,0.2,[0.2,0,0.3,3,0.1,6,0.5,10,0.4,13,0.8,16,0.5,19,0.9,22,0.6,25,1,28,0.6,31,1,34,0.5,37,0.9,41,0.4,45,0.8,49,0.4,51,0.75,54,0.35,57,0.7,60,0.3,63,0.6,66,0.25,69,0.5,72,0.2,75,0.3,78,0.1,82,0.3,85,0.05,88,0.3,91,0,94,0.3,95,0,99,0.1,100],[0,0,1,25,0.7,60,1,75,0,100]],
   ],
   'pigeon-hawk' => [
      [0,0.1,1900,200,0.2,[0,0,1,30,1,70,0,100],[0,0,1,25,0.7,60,1,75,0,100],[1,0.7,2,1]],
      [0.12,0.01,2050,0,0.1,[0,0,1,25,0.7,60,1,75,0,100],[0,0,1,25,0.7,60,1,75,0,100],[1,0.5,2,1]],
      [0.13,0.1,1900,200,0.2,[0,0,1,30,1,70,0,100],[0,0,1,25,0.7,60,1,75,0,100],[1,0.7,2,1]],
      [0.25,0.01,2050,0,0.1,[0,0,1,25,0.7,60,1,75,0,100],[0,0,1,25,0.7,60,1,75,0,100],[1,0.5,2,1]],
      [0.26,0.1,1900,200,0.2,[0,0,1,30,1,70,0,100],[0,0,1,25,0.7,60,1,75,0,100],[1,0.7,2,1]],
      [0.38,0.01,2050,0,0.1,[0,0,1,25,0.7,60,1,75,0,100],[0,0,1,25,0.7,60,1,75,0,100],[1,0.5,2,1]],
      [0.39,0.1,1900,200,0.2,[0,0,1,30,1,70,0,100],[0,0,1,25,0.7,60,1,75,0,100],[1,0.7,2,1]],
      [0.51,0.01,2050,0,0.1,[0,0,1,25,0.7,60,1,75,0,100],[0,0,1,25,0.7,60,1,75,0,100],[1,0.5,2,1]],
      [0.52,0.1,1900,200,0.2,[0,0,1,30,1,70,0,100],[0,0,1,25,0.7,60,1,75,0,100],[1,0.7,2,1]],
      [0.64,0.01,2050,0,0.1,[0,0,1,25,0.7,60,1,75,0,100],[0,0,1,25,0.7,60,1,75,0,100],[1,0.5,2,1]],
      [0.65,0.1,1900,200,0.2,[0,0,1,30,1,70,0,100],[0,0,1,25,0.7,60,1,75,0,100],[1,0.7,2,1]],
      [0.77,0.01,2050,0,0.1,[0,0,1,25,0.7,60,1,75,0,100],[0,0,1,25,0.7,60,1,75,0,100],[1,0.5,2,1]],
      [0.78,0.1,1900,200,0.2,[0,0,1,30,1,70,0,100],[0,0,1,25,0.7,60,1,75,0,100],[1,0.7,2,1]],
      [0.9,0.01,2050,0,0.1,[0,0,1,25,0.7,60,1,75,0,100],[0,0,1,25,0.7,60,1,75,0,100],[1,0.5,2,1]],
      [0.91,0.1,1900,200,0.2,[0,0,1,30,1,70,0,100],[0,0,1,25,0.7,60,1,75,0,100],[1,0.7,2,1]],
      [1.03,0.01,2050,0,0.1,[0,0,1,25,0.7,60,1,75,0,100],[0,0,1,25,0.7,60,1,75,0,100],[1,0.5,2,1]],
      [1.04,0.1,1900,200,0.2,[0,0,1,30,1,70,0,100],[0,0,1,25,0.7,60,1,75,0,100],[1,0.7,2,1]],
      [1.16,0.01,2050,0,0.1,[0,0,1,25,0.7,60,1,75,0,100],[0,0,1,25,0.7,60,1,75,0,100],[1,0.5,2,1]],
      [1.17,0.1,1900,200,0.2,[0,0,1,30,1,70,0,100],[0,0,1,25,0.7,60,1,75,0,100],[1,0.7,2,1]],
      [1.29,0.01,2050,0,0.1,[0,0,1,25,0.7,60,1,75,0,100],[0,0,1,25,0.7,60,1,75,0,100],[1,0.5,2,1]],
      [1.3,0.1,1900,200,0.2,[0,0,1,30,1,70,0,100],[0,0,1,25,0.7,60,1,75,0,100],[1,0.7,2,1]],
      [1.42,0.01,2050,0,0.1,[0,0,1,25,0.7,60,1,75,0,100],[0,0,1,25,0.7,60,1,75,0,100],[1,0.5,2,1]],
      [1.43,0.1,1900,200,0.2,[0,0,1,30,1,70,0,100],[0,0,1,25,0.7,60,1,75,0,100],[1,0.7,2,1]],
      [1.55,0.01,2050,0,0.1,[0,0,1,25,0.7,60,1,75,0,100],[0,0,1,25,0.7,60,1,75,0,100],[1,0.5,2,1]],
      [1.56,0.1,1900,200,0.2,[0,0,1,30,1,70,0,100],[0,0,1,25,0.7,60,1,75,0,100],[1,0.7,2,1]],
      [1.68,0.01,2050,0,0.1,[0,0,1,25,0.7,60,1,75,0,100],[0,0,1,25,0.7,60,1,75,0,100],[1,0.5,2,1]],
      [1.69,0.1,1900,200,0.2,[0,0,1,30,1,70,0,100],[0,0,1,25,0.7,60,1,75,0,100],[1,0.7,2,1]],
      [1.81,0.01,2050,0,0.1,[0,0,1,25,0.7,60,1,75,0,100],[0,0,1,25,0.7,60,1,75,0,100],[1,0.5,2,1]],
      [1.82,0.1,1900,200,0.2,[0,0,1,30,1,70,0,100],[0,0,1,25,0.7,60,1,75,0,100],[1,0.7,2,1]],
   ],
   'cerulean-warbler' => [
      [0.27,0.05,3000,1000,0.05,[1,0,0,100],[0,0,1,25,0.7,60,1,75,0,100]],
      [0.33,0.05,3000,800,0.075,[0,0,1,100],[0,0,1,25,0.7,60,1,75,0,100]],
      [0.41,0.01,3200,700,0.07,[1,0,0,100],[0,0,1,25,0.7,60,1,75,0,100]],
      [0.42,0.01,3200,700,0.08,[1,0,0,100],[0,0,1,25,0.7,60,1,75,0,100]],
      [0.43,0.06,3200,700,0.09,[1,0,0,100],[0,0,1,25,0.7,60,1,75,0,100]],
      [0.51,0.06,3200,500,0.1,[0,0,1,100],[0,0,1,25,0.7,60,1,75,0,100]],
      [0.6,0.1,3000,1200,0.2,[0.8,0,1,10,0.5,25,1,40,0.5,55,1,70,0,100],[0,0,1,25,0.7,60,1,75,0,100]],
      [0.72,0.05,3000,800,0.2,[0,0,1,100],[0,0,1,25,0.7,60,1,75,0,100]],
      [0.8,0.1,3000,1200,0.2,[0.8,0,1,10,0.5,25,1,40,0.5,55,1,70,0,100],[0,0,1,25,0.7,60,1,75,0,100]],
      [0.92,0.05,3000,800,0.2,[0,0,1,100],[0,0,1,25,0.7,60,1,75,0,100]],
      [1,0.01,3900,600,0.1,[0,0,1,100],[0,0,1,25,0.7,60,1,75,0,100]],
      [1.01,0.01,3910,800,0.1,[0,0,1,100],[0,0,1,25,0.7,60,1,75,0,100]],
      [1.02,0.01,3940,500,0.1,[0,0,1,100],[0,0,1,25,0.7,60,1,75,0,100]],
      [1.03,0.01,4000,500,0.1,[0,0,1,100],[0,0,1,25,0.7,60,1,75,0,100]],
      [1.04,0.01,3900,1000,0.1,[0,0,1,100],[0,0,1,25,0.7,60,1,75,0,100]],
      [1.05,0.01,3900,1000,0.1,[0,0,1,100],[0,0,1,25,0.7,60,1,75,0,100]],
      [1.06,0.01,3900,1000,0.1,[0,0,1,100],[0,0,1,25,0.7,60,1,75,0,100]],
      [1.07,0.01,3900,1000,0.1,[0,0,1,100],[0,0,1,25,0.7,60,1,75,0,100]],
      [1.08,0.01,3900,1000,0.1,[0,0,1,100],[0,0,1,25,0.7,60,1,75,0,100]],
      [1.09,0.01,3900,1000,0.1,[0,0,1,100],[0,0,1,25,0.7,60,1,75,0,100]],
      [1.1,0.01,3900,1000,0.1,[0,0,1,100],[0,0,1,25,0.7,60,1,75,0,100]],
      [1.11,0.01,3900,1000,0.1,[0,0,1,100],[0,0,1,25,0.7,60,1,75,0,100]],
      [1.12,0.01,3900,1000,0.1,[0,0,1,100],[0,0,1,25,0.7,60,1,75,0,100]],
      [1.13,0.01,3900,1000,0.1,[0,0,1,100],[0,0,1,25,0.7,60,1,75,0,100]],
      [1.14,0.01,3900,1000,0.1,[0,0,1,100],[0,0,1,25,0.7,60,1,75,0,100]],
      [1.15,0.01,3900,1000,0.1,[0,0,1,100],[0,0,1,25,0.7,60,1,75,0,100]],
      [1.16,0.01,3900,1000,0.1,[0,0,1,100],[0,0,1,25,0.7,60,1,75,0,100]],
      [1.17,0.01,3900,1000,0.1,[0,0,1,100],[0,0,1,25,0.7,60,1,75,0,100]],
      [1.18,0.01,3900,1000,0.1,[0,0,1,100],[0,0,1,25,0.7,60,1,75,0,100]],
      [1.19,0.01,3900,1000,0.1,[0,0,1,100],[0,0,1,25,0.7,60,1,75,0,100]],
      [1.2,0.01,3900,1000,0.1,[0,0,1,100],[0,0,1,25,0.7,60,1,75,0,100]],
      [1.21,0.01,3900,1000,0.1,[0,0,1,100],[0,0,1,25,0.7,60,1,75,0,100]],
      [1.22,0.01,3900,1000,0.1,[0,0,1,100],[0,0,1,25,0.7,60,1,75,0,100]],
      [1.23,0.01,3900,1200,0.1,[0,0,1,100],[0,0,1,25,0.7,60,1,75,0,100]],
      [1.24,0.01,3900,1200,0.1,[0,0,1,100],[0,0,1,25,0.7,60,1,75,0,100]],
      [1.25,0.01,3900,1200,0.1,[0,0,1,100],[0,0,1,25,0.7,60,1,75,0,100]],
      [1.26,0.01,3900,1200,0.1,[0,0,1,100],[0,0,1,25,0.7,60,1,75,0,100]],
      [1.27,0.01,3900,1400,0.1,[0,0,1,100],[0,0,1,25,0.7,60,1,75,0,100]],
      [1.28,0.01,3900,1400,0.1,[0,0,1,100],[0,0,1,25,0.7,60,1,75,0,100]],
      [1.29,0.01,3900,1400,0.1,[0,0,1,100],[0,0,1,25,0.7,60,1,75,0,100]],
      [1.3,0.01,3900,1400,0.1,[0,0,1,100],[0,0,1,25,0.7,60,1,75,0,100]],
   ],
   'nashville-warbler' => [
      [0.15,0.025,3900,300,0.3,[0.6,0,1,35,0,100],[0,0,1,25,0.7,60,1,75,0,100]],
      [0.24,0.16,4200,3800,0.15,[0.9,0,1,5,0.9,10,0.5,65,0,100],[0,0,1,80,0,100]],
      [0.42,0.025,3900,300,0.3,[0.6,0,1,35,0,100],[0,0,1,25,0.7,60,1,75,0,100]],
      [0.55,0.14,4300,3700,0.15,[0.9,0,1,5,0.9,10,0.5,65,0,100],[0,0,1,80,0,100]],
      [0.75,0.03,3950,350,0.3,[0.6,0,1,35,0,100],[0,0,1,25,0.7,60,1,75,0,100]],
      [0.81,0.17,4200,3900,0.175,[0.9,0,1,5,0.9,10,0.5,65,0,100],[0,0,1,25,0.7,60,1,75,0,100]],
      [1,0.02,3800,400,0.25,[0.6,0,1,35,0,100],[0,0,1,25,0.7,60,1,75,0,100]],
      [1.11,0.14,4200,3800,0.165,[0.9,0,1,5,0.9,10,0.5,65,0,100],[0,0,1,80,0,100]],
      [1.3,0.03,3750,300,0.2,[0.6,0,1,35,0,100],[0,0,1,25,0.7,60,1,75,0,100]],
      [1.4,0.11,4200,3700,0.1,[0.9,0,1,5,0.9,10,0.5,65,0,100],[0,0,1,25,0.7,60,1,75,0,100]],
      [1.57,0.1,3800,2200,0.1,[0,0,0.2,15,0.05,25,0.95,90,1,100],[0,0,1,25,0.7,60,1,75,0,100]],
      [1.7,0.1,3800,2150,0.125,[0,0,0.2,15,0.05,25,0.95,90,1,100],[0,0,1,25,0.7,60,1,75,0,100]],
      [1.85,0.075,3900,1800,0.1,[0,0,0.2,15,0.05,25,0.95,90,1,100],[0,0,1,80,0,100]],
   ],
   'eastern-phoebe' => [
      [0,0.225,3000,1300,0.3,[0,0,0.3,30,0.5,35,0.4,55,0.8,70,0.7,75,1,80,0.9,95,0,100],[0,0,1,25,0.7,60,1,75,0,100]],
      [0.35,0.12,3000,500,0.1,[0,0,1,50,0,100],[0,0,1,10,0,100]],
      [0.4,0.1,3000,1500,0.2,[0,0,0.4,10,1,80,0.1,100],[0,0,1,10,0,100]],
      [0.55,0.05,3000,1400,0.2,[1,0,0.7,50,0,100],[0,0,1,10,0,100]],
   ],
   'painted-bunting' => [
      [0.05,0.1,3100,900,0.05,[0,0,1,100],[0,0,1,90,0,100]],
      [0.21,0.07,4100,700,0.15,[1,0,0,100],[0,0,1,25,0.7,60,1,75,0,100]],
      [0.36,0.12,3700,1000,0.2,[0,0,1,50,0,100],[0,0,1,25,0.7,60,1,75,0,100]],
      [0.52,0.08,2300,1600,0.15,[0.7,0,0,15,1,40,1,80,0.5,100],[0,0,0.5,10,0,15,1,40,1,90,0,100]],
      [0.68,0.1,4000,1000,0.25,[0,0,1,100],[0,0,1,1,1,99,0,100]],
      [0.8,0.12,2300,1700,0.2,[1,0,0.4,25,0.5,75,0,100],[0,0,1,25,0.7,60,1,75,0,100]],
      [0.96,0.15,3800,2200,0.3,[0.3,0,0.4,40,1,50,0.2,60,0,100],[0,0,1,5,1,30,0.3,50,1,90,0,100]],
      [1.18,0.1,2300,1600,0.15,[0.4,0,0,25,1,35,0,50,1,65,0,75,1,85,0,100],[0,0,1,25,0.7,60,1,75,0,100]],
      [1.3,0.02,3200,1000,0.1,[1,0,0,100],[0,0,1,25,0.7,60,1,75,0,100]],
      [1.33,0.02,3200,1000,0.1,[1,0,0,100],[0,0,1,25,0.7,60,1,75,0,100]],
      [1.36,0.02,3200,1000,0.1,[1,0,0,100],[0,0,1,25,0.7,60,1,75,0,100]],
      [1.4,0.03,4000,2000,0.12,[0,0,1,50,0.5,100],[0,0,1,5,0.2,30,0.2,60,1,90,0,100]],
      [1.47,0.1,2300,1700,0.2,[0.3,0,1,30,0.3,60,0,100],[0,0,0.5,10,0.5,50,1,90,0,100]],
   ],
   'western-flycatcher' => [
      [0,0.2,2000,2200,0.2,[0,0,1,10,0.4,20,0.1,95,0,100],[0,0,0.2,10,0.1,20,1,30,1,90,0,100],[1,1,2,0.02,3,0.1,4,0.01]],
      [0.3,0.2,2000,1100,0.2,[0.5,0,1,25,0,50,0,60,0.3,95,0.6,100],[0,0,1,10,1,20,0.1,50,0.1,60,1,90,0,100],[1,1,2,0.02,3,0.1,4,0.01]],
   ],
   'bachmans-sparrow' => [
      [0,0.51,4900,200,0.3,[1,0,0.5,10,0.5,90,0,100],[0,0,1,25,0.7,60,1,75,0,100]],
      [0.52,0.015,3800,200,0.1,[0.1,0,0,35,1,100],[0,0,1,25,0.7,60,1,75,0,100]],
      [0.52,0.015,3750,250,0.1,[0.1,0,0,35,1,100],[0,0,1,25,0.7,60,1,75,0,100]],
      [0.54,0.015,3600,300,0.1,[0.1,0,0,35,1,100],[0,0,1,25,0.7,60,1,75,0,100]],
      [0.56,0.015,3500,250,0.1,[0.1,0,0,35,1,100],[0,0,1,25,0.7,60,1,75,0,100]],
      [0.58,0.015,3400,200,0.1,[0.1,0,0,35,1,100],[0,0,1,25,0.7,60,1,75,0,100]],
      [0.6,0.015,3200,200,0.1,[0.1,0,0,35,1,100],[0,0,1,25,0.7,60,1,75,0,100]],
      [0.62,0.015,3800,100,0.1,[0.1,0,0,35,1,100],[0,0,1,25,0.7,60,1,75,0,100]],
      [0.65,0.07,3000,750,0.2,[0.1,0,0,35,1,100],[0,0,1,25,0.7,60,1,75,0,100]],
      [0.73,0.03,5000,1000,0.1,[1,0,0.5,40,0,100],[0,0,1,25,0.7,60,1,75,0,100]],
      [0.8,0.07,3000,750,0.2,[0.1,0,0,35,1,100],[0,0,1,25,0.7,60,1,75,0,100]],
      [0.88,0.03,5000,1000,0.1,[1,0,0.5,40,0,100],[0,0,1,25,0.7,60,1,75,0,100]],
      [0.95,0.07,3000,750,0.2,[0.1,0,0,35,1,100],[0,0,1,25,0.7,60,1,75,0,100]],
      [1.03,0.03,5000,1000,0.1,[1,0,0.5,40,0,100],[0,0,1,25,0.7,60,1,75,0,100]],
      [1.1,0.07,3000,750,0.2,[0.1,0,0,35,1,100],[0,0,1,25,0.7,60,1,75,0,100]],
      [1.18,0.03,5000,1000,0.1,[1,0,0.5,40,0,100],[0,0,1,25,0.7,60,1,75,0,100]],
      [1.25,0.07,3000,750,0.2,[0.1,0,0,35,1,100],[0,0,1,25,0.7,60,1,75,0,100]],
      [1.33,0.03,5000,1000,0.1,[1,0,0.5,40,0,100],[0,0,1,25,0.7,60,1,75,0,100]],
      [1.4,0.07,3000,750,0.2,[0.1,0,0,35,1,100],[0,0,1,25,0.7,60,1,75,0,100]],
      [1.48,0.03,5000,1000,0.1,[1,0,0.5,40,0,100],[0,0,1,25,0.7,60,1,75,0,100]],
      [1.55,0.07,3000,750,0.2,[0.1,0,0,35,1,100],[0,0,1,25,0.7,60,1,75,0,100]],
      [1.63,0.03,5000,1000,0.1,[1,0,0.5,40,0,100],[0,0,1,25,0.7,60,1,75,0,100]],
      [2.8,0.06,4000,1700,0.1,[0,0,1,100],[0,0,1,25,0.7,60,1,75,0,100]],
      [2.87,0.01,5200,0,0.2,[0,0,1,100],[0,0,1,25,0.7,60,1,75,0,100]],
      [2.9,0.06,4000,1700,0.1,[0,0,1,100],[0,0,1,25,0.7,60,1,75,0,100]],
      [2.97,0.01,5200,0,0.2,[0,0,1,100],[0,0,1,25,0.7,60,1,75,0,100]],
      [3,0.06,4000,1700,0.1,[0,0,1,100],[0,0,1,25,0.7,60,1,75,0,100]],
      [3.07,0.01,5200,0,0.2,[0,0,1,100],[0,0,1,25,0.7,60,1,75,0,100]],
      [3.1,0.06,4000,1700,0.1,[0,0,1,100],[0,0,1,25,0.7,60,1,75,0,100]],
      [3.17,0.01,5200,0,0.2,[0,0,1,100],[0,0,1,25,0.7,60,1,75,0,100]],
      [3.2,0.06,4000,1700,0.1,[0,0,1,100],[0,0,1,25,0.7,60,1,75,0,100]],
      [3.27,0.01,5200,0,0.2,[0,0,1,100],[0,0,1,25,0.7,60,1,75,0,100]],
      [3.4,0.15,3000,1000,0.2,[1,0,0,25,0.4,75,0.5,100],[0,0,1,25,0.7,60,1,75,0,100]],
      [3.6,0.15,3000,1000,0.2,[1,0,0,25,0.4,75,0.5,100],[0,0,1,25,0.7,60,1,75,0,100]],
      [3.8,0.15,3000,1000,0.2,[1,0,0,25,0.4,75,0.5,100],[0,0,1,25,0.7,60,1,75,0,100]],
      [4,0.15,3000,1000,0.2,[1,0,0,25,0.4,75,0.5,100],[0,0,1,25,0.7,60,1,75,0,100]],
      [4.2,0.15,3000,1000,0.2,[1,0,0,25,0.4,75,0.5,100],[0,0,1,25,0.7,60,1,75,0,100]],
      [4.4,0.15,3000,1000,0.2,[1,0,0,25,0.4,75,0.5,100],[0,0,1,25,0.7,60,1,75,0,100]],
   ],
   'cedar-waxwing' => [
      [0,0.5,6000,800,0.2,[0,0,0.7,25,1,70,1,90,0.2,100],[0,0,1,20,1,40,0,100]],
   ],
   'bairds-sparrow' => [
      [0,0.09,6500,1500,0.2,[0.5,0,1,5,0,10,1,15,0,20,1,25,0,30,1,35,0,40,1,45,0,50,1,55,0,60,1,65,0,70,1,75,0,80,1,85,0,90,1,95,0,100],[0,0,1,25,0.7,60,1,75,0,100]],
      [0.22,0.01,5900,100,0.2,[0,0,1,25,0,50,1,75,0,100],[0,0,1,25,0.7,60,1,75,0,100]],
      [0.25,0.09,6000,1000,0.2,[0.5,0,1,5,0,10,1,15,0,20,1,25,0,30,1,35,0,40,1,45,0,50,1,55,0,60,1,65,0,70,1,75,0,80,1,85,0,90,1,95,0,100],[0,0,1,25,0.7,60,1,75,0,100]],
      [0.45,0.01,4200,100,0.2,[0,0,1,25,0,50,1,75,0,100],[0,0,1,25,0.7,60,1,75,0,100]],
      [0.5,0.08,4200,600,0.2,[0.5,0,1,5,0,10,1,15,0,20,1,25,0,30,1,35,0,40,1,45,0,50,1,55,0,60,1,65,0,70,1,75,0,80,1,85,0,90,1,95,0,100],[0,0,1,25,0.7,60,1,75,0,100]],
      [0.59,0.01,4400,100,0.2,[0,0,1,25,0,50,1,75,0,100],[0,0,1,25,0.7,60,1,75,0,100]],
      [0.6,0.01,4400,100,0.2,[0,0,1,25,0,50,1,75,0,100],[0,0,1,25,0.7,60,1,75,0,100]],
      [0.68,0.07,5400,700,0.2,[0.5,0,1,5,0,10,1,15,0,20,1,25,0,30,1,35,0,40,1,45,0,50,1,55,0,60,1,65,0,70,1,75,0,80,1,85,0,90,1,95,0,100],[0,0,1,25,0.7,60,1,75,0,100]],
      [0.75,0.01,4200,100,0.2,[0,0,1,25,0,50,1,75,0,100],[0,0,1,25,0.7,60,1,75,0,100]],
      [0.79,0.01,4400,100,0.2,[0,0,1,25,0,50,1,75,0,100],[0,0,1,25,0.7,60,1,75,0,100]],
      [0.83,0.01,4200,100,0.19,[0,0,1,25,0,50,1,75,0,100],[0,0,1,25,0.7,60,1,75,0,100]],
      [0.87,0.01,4400,100,0.19,[0,0,1,25,0,50,1,75,0,100],[0,0,1,25,0.7,60,1,75,0,100]],
      [0.91,0.01,4200,100,0.18,[0,0,1,25,0,50,1,75,0,100],[0,0,1,25,0.7,60,1,75,0,100]],
      [0.95,0.01,4400,100,0.18,[0,0,1,25,0,50,1,75,0,100],[0,0,1,25,0.7,60,1,75,0,100]],
      [0.99,0.01,4200,100,0.17,[0,0,1,25,0,50,1,75,0,100],[0,0,1,25,0.7,60,1,75,0,100]],
      [1.03,0.01,4400,100,0.17,[0,0,1,25,0,50,1,75,0,100],[0,0,1,25,0.7,60,1,75,0,100]],
      [1.07,0.01,4200,100,0.16,[0,0,1,25,0,50,1,75,0,100],[0,0,1,25,0.7,60,1,75,0,100]],
      [1.11,0.01,4400,100,0.16,[0,0,1,25,0,50,1,75,0,100],[0,0,1,25,0.7,60,1,75,0,100]],
      [1.15,0.01,4200,100,0.15,[0,0,1,25,0,50,1,75,0,100],[0,0,1,25,0.7,60,1,75,0,100]],
      [1.19,0.01,4400,100,0.15,[0,0,1,25,0,50,1,75,0,100],[0,0,1,25,0.7,60,1,75,0,100]],
      [1.23,0.01,4200,100,0.14,[0,0,1,25,0,50,1,75,0,100],[0,0,1,25,0.7,60,1,75,0,100]],
      [1.27,0.01,4400,100,0.14,[0,0,1,25,0,50,1,75,0,100],[0,0,1,25,0.7,60,1,75,0,100]],
      [1.31,0.01,4200,100,0.13,[0,0,1,25,0,50,1,75,0,100],[0,0,1,25,0.7,60,1,75,0,100]],
      [1.35,0.01,4400,100,0.13,[0,0,1,25,0,50,1,75,0,100],[0,0,1,25,0.7,60,1,75,0,100]],
      [1.39,0.01,4200,100,0.12,[0,0,1,25,0,50,1,75,0,100],[0,0,1,25,0.7,60,1,75,0,100]],
      [1.43,0.01,4400,100,0.12,[0,0,1,25,0,50,1,75,0,100],[0,0,1,25,0.7,60,1,75,0,100]],
      [1.47,0.01,4200,100,0.11,[0,0,1,25,0,50,1,75,0,100],[0,0,1,25,0.7,60,1,75,0,100]],
      [1.51,0.01,4400,100,0.11,[0,0,1,25,0,50,1,75,0,100],[0,0,1,25,0.7,60,1,75,0,100]],
      [1.55,0.01,4200,100,0.1,[0,0,1,25,0,50,1,75,0,100],[0,0,1,25,0.7,60,1,75,0,100]],
      [1.59,0.01,4400,100,0.1,[0,0,1,25,0,50,1,75,0,100],[0,0,1,25,0.7,60,1,75,0,100]],
      [1.63,0.01,4200,100,0.09,[0,0,1,25,0,50,1,75,0,100],[0,0,1,25,0.7,60,1,75,0,100]],
      [1.67,0.01,4400,100,0.09,[0,0,1,25,0,50,1,75,0,100],[0,0,1,25,0.7,60,1,75,0,100]],
      [1.71,0.01,4200,100,0.08,[0,0,1,25,0,50,1,75,0,100],[0,0,1,25,0.7,60,1,75,0,100]],
      [1.75,0.01,4400,100,0.08,[0,0,1,25,0,50,1,75,0,100],[0,0,1,25,0.7,60,1,75,0,100]],
      [1.79,0.01,4200,100,0.07,[0,0,1,25,0,50,1,75,0,100],[0,0,1,25,0.7,60,1,75,0,100]],
      [1.83,0.01,4400,100,0.07,[0,0,1,25,0,50,1,75,0,100],[0,0,1,25,0.7,60,1,75,0,100]],
      [1.87,0.01,4200,100,0.06,[0,0,1,25,0,50,1,75,0,100],[0,0,1,25,0.7,60,1,75,0,100]],
      [1.92,0.01,4400,100,0.06,[0,0,1,25,0,50,1,75,0,100],[0,0,1,25,0.7,60,1,75,0,100]],
      [1.97,0.01,4200,100,0.05,[0,0,1,25,0,50,1,75,0,100],[0,0,1,25,0.7,60,1,75,0,100]],
   ],
   'kentucky-warbler' => [
      [0.6,0.02,3800,200,0.05,[0.3,0,1,50,0,100],[0,0,1,25,0.7,60,1,75,0,100],[1,1,2,0.03]],
      [0.65,0.03,4300,200,0.15,[0,0,1,100],[0,0,1,25,0.7,60,1,75,0,100],[1,1,2,0.1]],
      [0.73,0.02,3200,100,0.1,[0.9,0,1,10,0,100],[0,0,1,25,0.7,60,1,75,0,100],[1,1,2,0.1]],
      [0.75,0.05,3000,800,0.15,[0.3,0,1,50,0,100],[0,0,1,25,0.7,60,1,75,0,100],[1,1,2,0.01]],
      [0.82,0.06,3100,1200,0.1,[0.9,0,1,10,0,100],[0,0,1,25,0.7,60,1,75,0,100],[1,1,2,0.01]],
      [0.9,0.06,3200,1200,0.1,[0.9,0,1,10,0,100],[0,0,1,25,0.7,60,1,75,0,100],[1,1,2,0.01]],
      [0.98,0.05,4600,100,0.2,[1,0,0,25,0,50,1,75,0,100],[0,0,1,25,0.7,60,1,75,0,100],[1,1,2,0.1]],
      [1.1,0.05,2900,800,0.15,[0.3,0,1,50,0,100],[0,0,1,25,0.7,60,1,75,0,100],[1,1,2,0.01]],
      [1.17,0.06,3000,1200,0.1,[0.9,0,1,10,0,100],[0,0,1,25,0.7,60,1,75,0,100],[1,1,2,0.01]],
      [1.25,0.06,3100,1200,0.1,[0.9,0,1,10,0,100],[0,0,1,25,0.7,60,1,75,0,100],[1,1,2,0.01]],
      [1.33,0.05,4600,100,0.2,[1,0,0,25,0,50,1,75,0,100],[0,0,1,25,0.7,60,1,75,0,100],[1,1,2,0.1]],
      [1.43,0.05,2800,800,0.15,[0.3,0,1,50,0,100],[0,0,1,25,0.7,60,1,75,0,100],[1,1,2,0.01]],
      [1.5,0.05,2700,1200,0.1,[0.9,0,1,10,0,100],[0,0,1,25,0.7,60,1,75,0,100],[1,1,2,0.01]],
      [1.57,0.06,2800,1200,0.1,[0.9,0,1,10,0,100],[0,0,1,25,0.7,60,1,75,0,100],[1,1,2,0.01]],
      [1.64,0.05,4600,100,0.2,[1,0,0,25,0,50,1,75,0,100],[0,0,1,25,0.7,60,1,75,0,100],[1,1,2,0.1]],
      [1.75,0.05,2700,800,0.15,[0.3,0,1,50,0,100],[0,0,1,25,0.7,60,1,75,0,100],[1,1,2,0.01]],
      [1.81,0.05,2600,1200,0.1,[0.9,0,1,10,0,100],[0,0,1,25,0.7,60,1,75,0,100],[1,1,2,0.01]],
      [1.88,0.06,2600,1200,0.1,[0.9,0,1,10,0,100],[0,0,1,25,0.7,60,1,75,0,100],[1,1,2,0.01]],
      [1.97,0.05,4600,100,0.2,[1,0,0,25,0,50,1,75,0,100],[0,0,1,25,0.7,60,1,75,0,100],[1,1,2,0.1]],
      [2.05,0.05,2700,800,0.15,[0.3,0,1,50,0,100],[0,0,1,25,0.7,60,1,75,0,100],[1,1,2,0.01]],
      [2.12,0.06,2600,1200,0.1,[0.9,0,1,10,0,100],[0,0,1,25,0.7,60,1,75,0,100],[1,1,2,0.01]],
      [2.2,0.05,4600,100,0.2,[1,0,0,25,0,50,1,75,0,100],[0,0,1,25,0.7,60,1,75,0,100],[1,1,2,0.1]],
      [2.3,0.05,2800,800,0.15,[0.3,0,1,50,0,100],[0,0,1,25,0.7,60,1,75,0,100],[1,1,2,0.01]],
      [2.37,0.06,2700,1200,0.1,[0.9,0,1,10,0,100],[0,0,1,25,0.7,60,1,75,0,100],[1,1,2,0.01]],
      [2.45,0.05,4700,100,0.25,[1,0,0,25,0,50,1,75,0,100],[0,0,1,25,0.7,60,1,75,0,100],[1,1,2,0.1]],
   ],
   'rufous-sided-towhee' => [
      [0.25,0.13,1400,1100,0.2,[0.1,0,0.05,2,0.15,4,0.05,6,0.2,8,0.04,10,0.25,12,0.03,14,0.3,16,0.02,18,0.35,20,0.01,22,0.4,24,0,26,0.45,28,0,30,0.5,32,0,34,0.5,36,1,80,0,100],[0,0,1,25,0.7,60,1,75,0,100],[1,0.03,2,1,3,0.03]],
      [0.45,0.13,1400,1100,0.2,[0.1,0,0.05,2,0.15,4,0.05,6,0.2,8,0.04,10,0.25,12,0.03,14,0.3,16,0.02,18,0.35,20,0.01,22,0.4,24,0,26,0.45,28,0,30,0.5,32,0,34,0.5,36,1,80,0,100],[0,0,1,25,0.7,60,1,75,0,100],[1,0.03,2,1,3,0.03]],
      [0.6,0.13,1400,1100,0.2,[0.1,0,0.05,2,0.15,4,0.05,6,0.2,8,0.04,10,0.25,12,0.03,14,0.3,16,0.02,18,0.35,20,0.01,22,0.4,24,0,26,0.45,28,0,30,0.5,32,0,34,0.5,36,1,80,0,100],[0,0,1,25,0.7,60,1,75,0,100],[1,0.03,2,1,3,0.03]],
      [0.75,0.1,1400,1100,0.2,[0.1,0,0.05,2,0.15,4,0.05,6,0.2,8,0.04,10,0.25,12,0.03,14,0.3,16,0.02,18,0.35,20,0.01,22,0.4,24,0,26,0.45,28,0,30,0.5,32,0,34,0.5,36,1,80,0,100],[0,0,1,25,0.7,60,1,75,0,100],[1,0.03,2,1,3,0.03]],
      [0.88,0.01,5100,2000,0.1,[0,0,1,100],[0,0,1,25,0.7,60,1,75,0,100]],
      [0.895,0.01,5100,1600,0.1,[0,0,1,100],[0,0,1,25,0.7,60,1,75,0,100]],
      [0.91,0.01,5100,1000,0.1,[0,0,1,100],[0,0,1,25,0.7,60,1,75,0,100]],
      [0.93,0.01,3000,1200,0.1,[1,0,0,100],[0,0,1,25,0.7,60,1,75,0,100]],
      [0.945,0.01,5100,2000,0.09,[0,0,1,100],[0,0,1,25,0.7,60,1,75,0,100]],
      [0.96,0.01,5100,1600,0.09,[0,0,1,100],[0,0,1,25,0.7,60,1,75,0,100]],
      [0.975,0.01,5100,1000,0.09,[0,0,1,100],[0,0,1,25,0.7,60,1,75,0,100]],
      [0.995,0.01,3000,1200,0.09,[1,0,0,100],[0,0,1,25,0.7,60,1,75,0,100]],
      [1.01,0.01,5100,2000,0.1,[0,0,1,100],[0,0,1,25,0.7,60,1,75,0,100]],
      [1.025,0.01,5100,1600,0.1,[0,0,1,100],[0,0,1,25,0.7,60,1,75,0,100]],
      [1.04,0.01,5100,1000,0.1,[0,0,1,100],[0,0,1,25,0.7,60,1,75,0,100]],
      [1.06,0.01,3000,1200,0.1,[1,0,0,100],[0,0,1,25,0.7,60,1,75,0,100]],
      [1.075,0.01,5100,2000,0.09,[0,0,1,100],[0,0,1,25,0.7,60,1,75,0,100]],
      [1.09,0.01,5100,1600,0.09,[0,0,1,100],[0,0,1,25,0.7,60,1,75,0,100]],
      [1.105,0.01,5100,1000,0.09,[0,0,1,100],[0,0,1,25,0.7,60,1,75,0,100]],
      [1.125,0.01,3000,1200,0.09,[1,0,0,100],[0,0,1,25,0.7,60,1,75,0,100]],
      [1.14,0.01,5100,2000,0.08,[0,0,1,100],[0,0,1,25,0.7,60,1,75,0,100]],
      [1.155,0.01,5100,1600,0.08,[0,0,1,100],[0,0,1,25,0.7,60,1,75,0,100]],
      [1.17,0.01,5100,1000,0.08,[0,0,1,100],[0,0,1,25,0.7,60,1,75,0,100]],
      [1.19,0.01,3000,1200,0.08,[1,0,0,100],[0,0,1,25,0.7,60,1,75,0,100]],
      [1.205,0.01,5100,2000,0.08,[0,0,1,100],[0,0,1,25,0.7,60,1,75,0,100]],
      [1.22,0.01,5100,1600,0.08,[0,0,1,100],[0,0,1,25,0.7,60,1,75,0,100]],
      [1.235,0.01,5100,1000,0.08,[0,0,1,100],[0,0,1,25,0.7,60,1,75,0,100]],
      [1.255,0.01,3000,1200,0.08,[1,0,0,100],[0,0,1,25,0.7,60,1,75,0,100]],
      [1.27,0.01,5100,2000,0.07,[0,0,1,100],[0,0,1,25,0.7,60,1,75,0,100]],
      [1.285,0.01,5100,1600,0.07,[0,0,1,100],[0,0,1,25,0.7,60,1,75,0,100]],
      [1.3,0.01,5100,1000,0.07,[0,0,1,100],[0,0,1,25,0.7,60,1,75,0,100]],
      [1.32,0.01,3000,1200,0.07,[1,0,0,100],[0,0,1,25,0.7,60,1,75,0,100]],
      [1.335,0.01,5100,2000,0.06,[0,0,1,100],[0,0,1,25,0.7,60,1,75,0,100]],
      [1.35,0.01,5100,1600,0.06,[0,0,1,100],[0,0,1,25,0.7,60,1,75,0,100]],
      [1.365,0.01,5100,1000,0.06,[0,0,1,100],[0,0,1,25,0.7,60,1,75,0,100]],
      [1.385,0.01,3000,1200,0.06,[1,0,0,100],[0,0,1,25,0.7,60,1,75,0,100]],
      [1.4,0.01,5100,2000,0.05,[0,0,1,100],[0,0,1,25,0.7,60,1,75,0,100]],
      [1.415,0.01,5100,1600,0.05,[0,0,1,100],[0,0,1,25,0.7,60,1,75,0,100]],
      [1.43,0.01,5100,1000,0.05,[0,0,1,100],[0,0,1,25,0.7,60,1,75,0,100]],
      [1.45,0.01,3000,1200,0.05,[1,0,0,100],[0,0,1,25,0.7,60,1,75,0,100]],
      [1.465,0.01,5100,2000,0.03,[0,0,1,100],[0,0,1,25,0.7,60,1,75,0,100]],
      [1.48,0.01,5100,1600,0.03,[0,0,1,100],[0,0,1,25,0.7,60,1,75,0,100]],
      [1.495,0.01,5100,1000,0.03,[0,0,1,100],[0,0,1,25,0.7,60,1,75,0,100]],
      [1.515,0.01,3000,1200,0.03,[1,0,0,100],[0,0,1,25,0.7,60,1,75,0,100]],
   ],
   'prothonotary-warbler' => [
      [0.76,0.08,3000,3000,0.05,[0.1,0,0,20,1,100],[0,0,1,20,0.5,40,0,100]],
      [0.85,0.05,4000,2500,0.06,[0,0,1,100],[0,0,1,25,1,75,0,100]],
      [1.02,0.09,3000,3000,0.1,[0.1,0,0,20,1,100],[0,0,1,20,0.5,40,0,100]],
      [1.12,0.05,4000,2500,0.1,[0,0,1,100],[0,0,1,25,1,75,0,100]],
      [1.26,0.08,3000,3000,0.15,[0.1,0,0,20,1,100],[0,0,1,20,0.5,40,0,100]],
      [1.35,0.05,4000,2500,0.16,[0,0,1,100],[0,0,1,25,1,75,0,100]],
      [1.54,0.08,3000,3000,0.2,[0.1,0,0,20,1,100],[0,0,1,20,0.5,40,0,100]],
      [1.63,0.05,4000,2500,0.19,[0,0,1,100],[0,0,1,25,1,75,0,100]],
      [1.8,0.08,3000,3000,0.2,[0.1,0,0,20,1,100],[0,0,1,20,0.5,40,0,100]],
      [1.89,0.05,4000,2500,0.16,[0,0,1,100],[0,0,1,25,1,75,0,100]],
      [2.03,0.08,3000,3000,0.15,[0.1,0,0,20,1,100],[0,0,1,20,0.5,40,0,100]],
      [2.12,0.05,4000,2500,0.1,[0,0,1,100],[0,0,1,25,1,75,0,100]],
      [2.3,0.08,3000,3000,0.1,[0.1,0,0,20,1,100],[0,0,1,20,0.5,40,0,100]],
      [2.39,0.05,4000,2500,0.06,[0,0,1,100],[0,0,1,25,1,75,0,100]],
   ],
   'audubons-warbler' => [
      [0.75,0.04,2400,200,0.05,[1,0,0,100],[0,0,1,25,1,75,0,100]],
      [0.83,0.03,3200,200,0.1,[0,0,1,100],[0,0,1,25,1,75,0,100]],
      [0.9,0.04,2500,300,0.15,[0,0,1,100],[0,0,1,25,1,75,0,100]],
      [0.97,0.04,2300,600,0.15,[1,0,0,100],[0,0,1,25,1,75,0,100]],
      [1.02,0.03,3500,400,0.2,[0,0,1,100],[0,0,1,25,1,75,0,100]],
      [1.06,0.04,2300,1200,0.1,[0,0,1,100],[0,0,1,25,1,75,0,100]],
      [1.13,0.05,2300,1200,0.15,[1,0,0,100],[0,0,1,25,1,75,0,100]],
      [1.22,0.02,3200,800,0.25,[0,0,1,100],[0,0,1,25,1,75,0,100]],
      [1.25,0.08,2400,600,0.2,[0.1,0,1,50,0,100],[0,0,1,25,1,75,0,100]],
      [1.35,0.02,2200,400,0.1,[0,0,1,100],[0,0,1,25,1,75,0,100]],
      [1.38,0.07,2400,1400,0.15,[1,0,0,100],[0,0,1,25,1,75,0,100]],
      [1.47,0.03,3000,800,0.2,[0,0,1,100],[0,0,1,25,1,75,0,100]],
      [1.5,0.03,2500,400,0.1,[0.1,0,1,50,0,100],[0,0,1,25,1,75,0,100]],
      [1.55,0.01,2300,100,0.05,[0,0,1,100],[0,0,1,25,1,75,0,100]],
      [1.56,0.06,2200,1400,0.15,[1,0,0,100],[0,0,1,25,1,75,0,100]],
      [1.65,0.03,3100,800,0.1,[0,0,1,100],[0,0,1,25,1,75,0,100]],
      [1.7,0.07,2800,800,0.15,[0.1,0,1,50,0,100],[0,0,1,25,1,75,0,100]],
      [1.79,0.06,2400,1000,0.1,[1,0,0,100],[0,0,1,25,1,75,0,100]],
      [1.86,0.14,3100,900,0.25,[0,0,1,15,0.9,45,0,50,1,55,0.9,90,0.1,100],[0,0,1,25,1,75,0,100]],
      [2.02,0.12,3200,800,0.2,[0,0,1,15,0.9,45,0,50,1,55,0.9,90,0.1,100],[0,0,1,25,1,75,0,100]],
   ],
   'lark-bunting' => [
      [0.1,0.03,1800,100,0.1,[0,0,1,100],[0,0,1,25,1,75,0,100]],
      [0.2,0.12,3700,400,0.2,[0,0,1,100],[0,0,1,25,1,75,0,100]],
      [0.4,0.03,4100,500,0.15,[1,0,0,100],[0,0,1,25,1,75,0,100]],
      [0.45,0.05,2000,400,0.2,[1,0,0,100],[0,0,1,25,1,75,0,100]],
      [0.51,0.03,1800,100,0.1,[0,0,1,100],[0,0,1,25,1,75,0,100]],
      [0.6,0.03,4100,500,0.15,[1,0,0,100],[0,0,1,25,1,75,0,100]],
      [0.65,0.05,2000,400,0.2,[1,0,0,100],[0,0,1,25,1,75,0,100]],
      [0.71,0.03,1800,100,0.1,[0,0,1,100],[0,0,1,25,1,75,0,100]],
      [0.8,0.03,4100,500,0.15,[1,0,0,100],[0,0,1,25,1,75,0,100]],
      [0.85,0.05,2000,400,0.2,[1,0,0,100],[0,0,1,25,1,75,0,100]],
      [0.91,0.03,1800,100,0.1,[0,0,1,100],[0,0,1,25,1,75,0,100]],
      [1,0.03,4100,500,0.15,[1,0,0,100],[0,0,1,25,1,75,0,100]],
      [1.05,0.05,2000,400,0.2,[1,0,0,100],[0,0,1,25,1,75,0,100]],
      [1.11,0.03,1800,100,0.1,[0,0,1,100],[0,0,1,25,1,75,0,100]],
      [1.2,0.03,4100,500,0.15,[1,0,0,100],[0,0,1,25,1,75,0,100]],
      [1.25,0.05,2000,400,0.2,[1,0,0,100],[0,0,1,25,1,75,0,100]],
      [1.31,0.03,1800,100,0.1,[0,0,1,100],[0,0,1,25,1,75,0,100]],
      [1.4,0.03,4100,500,0.15,[1,0,0,100],[0,0,1,25,1,75,0,100]],
      [1.45,0.05,2000,400,0.2,[1,0,0,100],[0,0,1,25,1,75,0,100]],
      [1.51,0.03,1800,100,0.1,[0,0,1,100],[0,0,1,25,1,75,0,100]],
      [1.6,0.03,4100,500,0.15,[1,0,0,100],[0,0,1,25,1,75,0,100]],
      [1.65,0.05,2000,400,0.2,[1,0,0,100],[0,0,1,25,1,75,0,100]],
      [1.71,0.03,1800,100,0.1,[0,0,1,100],[0,0,1,25,1,75,0,100]],
      [1.77,0.23,6000,600,0.15,[0,0,0.8,6,0,12,0.85,18,0.05,24,0.9,36,0.1,42,0.95,48,0.2,54,1,60,0.2,66,1,72,0.2,78,1,84,0.2,90,1,100],[0,0,1,25,1,75,0,100]],
      [2.005,0.28,6000,600,0.15,[0,0,0.8,5,0,10,0.85,15,0,20,0.9,25,0,30,0.95,35,0,40,1,45,0,50,1,55,0,60,1,65,0,70,1,75,0,80,1,85,0,90,1,95,0,100],[0,0,1,25,1,75,0,100]],
   ],
   'eastern-bluebird' => [
      [0.75,0.02,2000,1600,0.1,[0,0,1,100],[0,0,1,25,1,75,0,100]],
      [0.8,0.02,2000,1600,0.1,[0,0,1,100],[0,0,1,25,1,75,0,100]],
      [0.86,0.02,2000,1600,0.1,[0,0,1,100],[0,0,1,25,1,75,0,100]],
      [1,0.13,2000,1400,0.2,[1,0,0,100],[0,0,1,25,1,75,0,100]],
      [1.2,0.24,2000,800,0.2,[0.6,0,1,10,0,20,1,25,0,30,1,35,0,40,1,45,0,50,1,75,0,100],[0,0,1,25,1,75,0,100]],
      [1.68,0.03,2200,400,0.1,[0,0,1,100],[0,0,1,25,1,75,0,100]],
      [1.72,0.1,1950,100,0.15,[0,0,1,50,0,100],[0,0,1,25,1,75,0,100]],
      [1.96,0.15,2000,600,0.2,[0.5,0,1,10,0,20,1,35,0,50,1,65,0,80,1,95,0.5,100],[0,0,1,25,1,75,0,100]],
   ],
   'chuck-wills-widow' => [
      [0.05,0.03,1000,800,0.1,[1,0,0,100],[0,0,1,25,1,75,0,100]],
      [0.32,0.2,1000,1000,0.2,[0,0,0.1,10,1,25,0.3,50,0.7,80,0,100],[0,0,1,25,1,75,0,100]],
      [0.56,0.29,900,1100,0.2,[0.2,0,1,30,0.3,50,0.7,60,0.1,90,0,100],[0,0,1,25,1,75,0,100]],
   ],
   'blue-gray-gnatcatcher' => [
      [0.5,0.2,4000,1000,0.2,[0,0,1,15,0.8,75,1,90,0.7,100],[0,0,1,25,1,75,0,100],[1,0.4,2,1,3,0.1]],
      [0.8,0.13,4000,800,0.2,[0,0,1,25,0.7,75,0,100],[0,0,1,25,1,75,0,100],[1,0.4,2,1,3,0.2]],
      [1.4,0.25,4000,800,0.2,[0,0,1,25,0.7,75,0,100],[0,0,1,25,1,75,0,100],[1,0.4,2,1,3,0.3]],
      [1.8,0.17,4000,900,0.2,[0,0,1,15,0.8,75,1,90,0.7,100],[0,0,1,25,1,75,0,100],[1,0.4,2,1,3,0.3]],
      [2,0.17,4000,700,0.2,[0,0,1,15,0.8,75,1,90,0.7,100],[0,0,1,25,1,75,0,100],[1,0.4,2,1,3,0.3]],
      [2.2,0.17,4000,800,0.2,[0,0,1,25,0.7,75,0,100],[0,0,1,25,1,75,0,100],[1,0.4,2,1,3,0.3]],
   ],
   'black-throated-sparrow' => [
      [0.8,0.02,2200,1000,0.1,[1,0,0,100],[0,0,1,25,1,75,0,100]],
      [0.83,0.01,3000,200,0.05,[0,0,1,100],[0,0,1,25,1,75,0,100]],
      [0.96,0.02,5800,500,0.05,[0,0,1,100],[0,0,1,25,1,75,0,100]],
      [1,0.02,4000,200,0.05,[0,0,1,100],[0,0,1,25,1,75,0,100]],
      [1.04,0.1,2100,1700,0.15,[1,0,0,100],[0,0,1,75,0,100]],
      [1.15,0.05,5700,400,0.25,[0,0,1,100],[0,0,1,25,1,75,0,100]],
      [1.25,0.25,2000,900,0.2,[0,0,0.7,3,0,6,0.75,9,0,12,0.8,15,0.05,18,0.85,21,0.1,24,0.9,27,0.1,30,1,33,0.1,36,1,39,0.1,42,1,45,0.1,48,1,51,0.1,54,1,57,0.1,60,1,63,0.1,66,1,69,0.1,72,1,75,0.1,78,1,81,0.1,84,1,87,0,90,0.95,93,0,96,0.9,100],[0,0,1,25,1,75,0,100]],
      [1.52,0.05,5600,400,0.15,[0,0,1,50,0.2,100],[0,0,1,25,1,75,0,100]],
      [1.6,0.04,3900,1100,0.15,[0,0,1,100],[0,0,1,25,1,75,0,100]],
      [1.66,0.01,1900,100,0.1,[0,0,1,100],[0,0,1,50,0,100]],
      [1.69,0.01,3600,300,0.1,[0,0,1,100],[0,0,1,50,0,100]],
      [1.71,0.03,3900,1000,0.15,[0,0,1,100],[0,0,1,50,0,100]],
      [1.74,0.02,5000,100,0.2,[0,0,1,100],[0,0,1,50,0,100]],
      [1.76,0.01,1900,100,0.1,[0,0,1,100],[0,0,1,50,0,100]],
      [1.78,0.01,3600,300,0.1,[0,0,1,100],[0,0,1,50,0,100]],
      [1.8,0.03,3900,1000,0.15,[0,0,1,100],[0,0,1,50,0,100]],
      [1.83,0.02,5000,100,0.2,[0,0,1,100],[0,0,1,50,0,100]],
      [1.85,0.01,1900,100,0.1,[0,0,1,100],[0,0,1,50,0,100]],
      [1.87,0.01,3600,300,0.1,[0,0,1,100],[0,0,1,50,0,100]],
      [1.89,0.03,3900,1000,0.15,[0,0,1,100],[0,0,1,50,0,100]],
      [1.92,0.02,5000,100,0.2,[0,0,1,100],[0,0,1,50,0,100]],
      [1.94,0.01,1900,100,0.1,[0,0,1,100],[0,0,1,50,0,100]],
      [1.96,0.01,3600,300,0.1,[0,0,1,100],[0,0,1,50,0,100]],
      [1.98,0.03,3900,1000,0.15,[0,0,1,100],[0,0,1,50,0,100]],
      [2.01,0.02,5000,100,0.2,[0,0,1,100],[0,0,1,50,0,100]],
      [2.03,0.01,1900,100,0.1,[0,0,1,100],[0,0,1,50,0,100]],
      [2.05,0.01,3600,300,0.1,[0,0,1,100],[0,0,1,50,0,100]],
      [2.07,0.03,3900,1000,0.15,[0,0,1,100],[0,0,1,50,0,100]],
      [2.1,0.02,5000,100,0.2,[0,0,1,100],[0,0,1,50,0,100]],
      [2.13,0.01,1900,100,0.1,[0,0,1,100],[0,0,1,50,0,100]],
      [2.16,0.03,3800,300,0.1,[0,0,1,100],[0,0,1,25,1,75,0,100]],
   ],
   'black-chinned-sparrow' => [
      [0.6,0.2,4200,100,0.1,[0,0,1,100],[0,0,1,25,1,75,0,100]],
      [1,0.09,3800,2000,0.1,[0,0,0.2,30,1,100],[0,0,1,25,1,75,0,100]],
      [1.25,0.08,3900,1700,0.12,[0,0,0.2,30,1,100],[0,0,1,25,1,75,0,100]],
      [1.4,0.08,3600,2300,0.13,[0,0,1,100],[0,0,1,25,1,75,0,100]],
      [1.5,0.11,3100,2800,0.14,[0,0,1,100],[0,0,1,25,1,75,0,100]],
      [1.65,0.07,2900,2700,0.15,[0,0,1,100],[0,0,1,25,1,75,0,100]],
      [1.74,0.07,2900,2700,0.15,[0,0,1,100],[0,0,1,25,1,75,0,100]],
      [1.82,0.07,3000,2300,0.13,[0,0,1,100],[0,0,1,25,1,75,0,100]],
      [1.89,0.07,3200,2000,0.1,[0,0,1,100],[0,0,1,25,1,75,0,100]],
      [1.97,0.05,3200,1500,0.1,[0,0,1,100],[0,0,1,25,1,75,0,100]],
      [2.04,0.04,3400,1000,0.07,[0,0,1,100],[0,0,1,25,1,75,0,100]],
      [2.1,0.03,3600,700,0.05,[0,0,1,100],[0,0,1,25,1,75,0,100]],
      [2.15,0.03,3800,300,0.05,[0,0,1,100],[0,0,1,25,1,75,0,100]],
      [2.19,0.02,3900,100,0.03,[0,0,1,100],[0,0,1,25,1,75,0,100]],
      [2.22,0.01,3900,100,0.01,[0,0,1,100],[0,0,1,25,1,75,0,100]],
      [2.24,0.01,3900,100,0.01,[0,0,1,100],[0,0,1,25,1,75,0,100]],
   ],
   'various-gull-cries-from-end-of-colony-5' => [
      [0.25,0.8,1180,1180,0.08,[0,0,1,5,0.5,10,0.4,90,0,100],[0,0,1,25,1,75,0,100],[1,0.1,2,1,3,0.1,4,0.01,5,0.09,6,0.01,7,0.01]],
      [1.5,0.9,1180,1180,0.07,[0,0,1,5,0.5,10,0.4,90,0,100],[0,0,1,25,1,75,0,100],[1,0.1,2,1,3,0.1,4,0.01,5,0.09,6,0.01,7,0.01]],
      [2.75,1,1050,1050,0.08,[0,0,1,5,0.5,10,0.4,90,0,100],[0,0,1,25,1,75,0,100],[1,0.1,2,1,3,0.1,4,0.01,5,0.09,6,0.01,7,0.01]],
      [4.8,0.05,1180,1180,0.06,[0,0,1,10,0.5,20,0.6,40,0.5,60,0,100],[0,0,1,25,1,75,0,100],[1,0.1,2,1,3,0.1,4,0.01,5,0.09,6,0.01,7,0.01]],
      [4.95,0.1,1180,1180,0.08,[0,0,1,10,0.5,20,0.6,40,0.5,60,0,100],[0,0,1,25,1,75,0,100],[1,0.1,2,1,3,0.1,4,0.01,5,0.09,6,0.01,7,0.01]],
      [5.15,0.1,1180,1180,0.09,[0,0,1,10,0.5,20,0.6,40,0.5,60,0,100],[0,0,1,25,1,75,0,100],[1,0.1,2,1,3,0.1,4,0.01,5,0.09,6,0.01,7,0.01]],
      [5.35,0.1,1180,1180,0.1,[0,0,1,10,0.5,30,0.5,80,0,100],[0,0,1,25,1,75,0,100],[1,0.1,2,1,3,0.1,4,0.01,5,0.09,6,0.01,7,0.01]],
      [5.45,0.4,1050,1050,0.1,[0,0,1,5,0.5,10,0.4,90,0,100],[0,0,1,25,1,75,0,100],[1,0.1,2,1,3,0.1,4,0.01,5,0.09,6,0.01,7,0.01]],
      [6.25,0.8,1050,1050,0.1,[0,0,1,5,0.5,10,0.4,90,0,100],[0,0,1,25,1,75,0,100],[1,0.1,2,1,3,0.1,4,0.01,5,0.09,6,0.01,7,0.01]],
      [7.45,1.8,1050,1050,0.1,[0,0,1,5,0.5,10,0.4,90,0,100],[0,0,1,25,1,75,0,100],[1,0.1,2,1,3,0.1,4,0.01,5,0.09,6,0.01,7,0.01]],
   ],
};

sub hz(){ 44100 }

sub bird {
   my ($dur, $freq, $skew, $amp, $freqenv, $ampenv, $partials) = @_;
   $freqenv = gen_env $dur, @$freqenv;
   $ampenv = gen_env $dur, @$ampenv;
   my $os = gen_oscil $dur, $freq, 0, $freqenv*$skew;#*PDL::Audio::PI2;
   $os = pdl($partials)->partials2polynomial(1)->polynomial($os) if defined $partials;
   $os*$ampenv;
}

sub shuffle($) { # (x y x y ... => ((x y) (x y) ...
   my $xy = pdl $_[0]; [$xy->slice("1:-1:2"), $xy->slice("0:-1:2")];
}

sub gen_bird {
   my @mix;
   for (@{+shift}) {
      my ($beg, $dur, $freq, $skew, $amp, $freqenv, $ampenv, $partials) = @$_;
      $partials = pdl($partials)->slice("1:-1:2") if $partials;
      push @mix, ($beg*hz, bird(hz*$dur, $freq/hz, $skew/hz, $amp, shuffle $freqenv, shuffle $ampenv, $partials));
      PDL::Graphics::PGPLOT::line ($mix[-1]) if $PGPLOT;
   }
   audiomix @mix;
}

$| = 1;

for (keys %$birds) {
   print $_;
   $chirp = (gen_bird $birds->{$_})->cut_leading_silence(0);
   PDL::Graphics::PGPLOT::line ($chirp) if $PGPLOT;
   print "\n";
   scale2short($chirp)->playaudio(rate => hz);
}


