  $Revision: 1.10c $  $Date: 2003/07/13 $ $By: D.OFFILER - RO/V2-1.4 $
          Table A entry                                            !1.9
300002  2 000002 000003

          Descriptor to be defined                                 !1.9
300003  3 000010 000011 000012

          Table B entry                                            !1.9
300004  9 300003 000013 000014 000015 000016 000017 000018 000019 000020

          Table D entry                                            !1.9
300010  4 300003 101000 031001 000030

301001  2 001001 001002

301002  3 001003 001004 001005

301003  3 001011 001012 001013

          Surface station identification                           !1.10
301004  4 001001 001002 001015 002001

301011  3 004001 004002 004003

301012  2 004004 004005

301013  3 004004 004005 004006

301021  2 005001 006001

301022  3 005001 006001 007001

301023  2 005002 006002

301024  3 005002 006002 007001

          (MAR 99)
301025  3 301023 004003 301012

          (MAR 99)
301026  7 301021 004003 004003 004004 004004 004005 004005

          3-d or 2-d (if count is 1) description of feature        !1.10
301027  3 101000 031001 301028

          Horizontal section of feature (polygon, line or point)   !1.10
301028  5 007010 102000 031001 005002 006002

          HYCOS identification                                     !1.9
301029  3 001018 002001 301011

          HYCOS identification with location                       !1.9
301030  4 001018 002001 301011 301024

301031  5 301001 002001 301011 301012 301022

301032  5 301001 002001 301011 301012 301024

301033  5 001005 002001 301011 301012 301021

301034  5 001005 002001 301011 301012 301023

301035  7 001005 001012 001013 002001 301011 301012 301023

301036  5 301003 002001 301011 301012 301023

301037  6 301001 002011 002012 301011 301012 301022

301038  6 301001 002001 002012 301011 301012 301024

301039  6 301003 002011 002012 301011 301012 301023

          (MAR 99)
301040  6 301003 002011 002012 301011 301012 301024

301041  5 001007 002021 002022 301011 301012

301042  2 301041 301021

301043  5 001007 002023 301011 301013 301021

301044  5 001007 002024 301011 301013 301021

          SATELLITE LOCATION & VELOCITY (OCT 95)
301045 10 301011 004004 004005 201138 202131 004006 201000 202000 304030 304031

          SEAWIND QUIKSCAT DATA MONTEREY REPORT 1999 !1.7
301046 10 001007 001012 002048 021119 025060 202124 002026 002027 202000 005040

          ERS PRODUCT HEADER (OCT 95)
301047 15 001007 025060 001033 001034 001012 301045 002021 301011 301012 201138
202131 004006 201000 202000 301023

          ERS RADAR PARAMETERS (JUL 95)
301048 14 002104 002121 002113 002026 002027 002111 002140 202127 001013 202126
007001 202000 025010 021064

          ERS RADAR BEAM DATA (JUL 95)
301049  5 002111 002112 021062 021063 021065

301051  6 001006 002061 301011 301012 301021 008004

          (MAR 99)
301055  7 001005 002001 301011 301012 301021 001012 001014

          RADAR LOCATION(S) (MAR 99)
301062  3 101000 031001 301001

301065  8 001006 001008 002001 002002 002005 002062 002070 002065

301066  6 301011 301013 301023 007004 002064 008004

          Ozone instrumentation: Brewer spectrophotometer          !1.9
301070  3 002143 002142 002144

          SATELLITE IDENTIFIER/GENERATING RESOLUTION (APR 99)
301071  5 001007 001031 002020 002028 002029

          SATELLITE IDENTIFICATION (MAR 99)
301072  4 301071 301011 301013 301021

          Ozone instrumentation: Dobson spectrophotometer          !1.9
301074  4 002143 002142 002145 002146

          Sounding identification                                  !1.9
301075  6 301001 001015 301024 008021 301011 301012

          Ozone sounding instrumentation                           !1.9
301076  3 002011 002143 002142

          Surface station identification, time, lat/long & height  !1.10
301090  6 301004 301011 301012 301021 007030 007031

          Surface station instrumentation                          !1.10
301091 10 002180 002181 002182 002183 002184 002179 002186 002187 002188 002189

301237 11?001007 001012 002021 301011 301012 202131 201138 004006 202000 201000
301023

301238 14?002104 002121 002113 002026 002027 002111 002192 202127 001013 202126
007001 202000 025010 021194

301239  5?002111 002112 021192 021193 021195

301240  5?201131 202129 022021 201000 202000

301241  5?201141 202130 007001 201000 202000

301242  6?021207 021208 021209 021210 021211 021212

          SATELLITE HEADER  (MAY 91)
301247  4?001007 301011 301013 301023

          LASS HEADER  (SECONDS IN HUNDREDTHS)  (JUNE 92)
301248 14?001007 301011 301012 201135 202130 004006 202000 201000 301023 055006
033192 002214 021250 007215

          ANALYSED VALUE (DIFFERENCE: OBSERVED MINUS ANALYSED)
301250  3?008021 004004 008024

          FORECAST VALUE (DIFFERENCE: OBSERVED MINUS BACKGROUND)
301251  4?008021 004004 004024 008024

          MODEL SURFACE & DATA USE  (MAY 91)
301252  7?001031 055001 055002 008204 010001 055003 055011

          ANALYSED VALUE
301253  3?008021 004004 008023

          FORECAST VALUE
301254  4?008021 004004 004024 008023

302001  4 010004 010051 010061 010063

302002  5 010004 007004 010003 010061 010063

302003  9 011011 011012 012004 012006 013003 020001 020003 020004 020005

302004  7 020010 008002 020011 020013 020012 020012 020012

302005  4 008002 020011 020012 020013

          (MAR 99)
302006  4 010004 010051 010062 010063

302011  3 302001 302003 302004

302012  3 302002 302003 302004

          (MAR 99)
302013  5 302006 302003 101000 031001 302005

302021  3 022001 022011 022021

302022  3 022002 022012 022022

302023  3 022003 022013 022023

302024  3 302022 302023 302023

          CLIMAT PRESSURE, TEMPERATURE & MISSING VALUES (JUL 95)
302051 12 010004 010051 007004 010003 012004 012051 012016 012017 013004 102004
008051 008020

          Visibility data                                          !1.10
302069  3 007032 033041 020001

          Wind data                                                !1.10
302070  7 007032 011001 011002 011043 011041 011016 011017

          Wind data from one-hour period                           !1.10
302071 13 007032 008021 004025 011001 011002 008021 103002 004025 011043 011041
004025 011016 011017

          Temperature & humidity data                              !1.10
302072  4 007032 012101 012103 013003

          Cloud data                                               !1.10
302073  7 020010 105004 008002 020011 020012 033041 020013

          Present & past weather                                   !1.10
302074  4 020003 004025 020004 020005

          Intensity of precipitation, size of precipitaion element !1.10
302075  5 008021 004025 013055 013058 008021

          Precipitation, obscuration & other phenomena             !1.10
302076  7 020021 020022 026020 020023 020024 020025 020026

          Extreme temperature data                                 !1.10
302077  7 007032 004025 012111 012112 007032 004025 012112

          State of ground & snow depth                             !1.10
302078  4 002176 020062 002177 013013

          Precipitation                                            !1.10
302079  5 007032 002175 002178 004025 013011

          Evaporation                                              !1.10
302080  3 002185 004025 013033

          Total sunshine                                           !1.10
302081  2 004025 014031

          Radiation                                                !1.10
302082  7 004025 014002 014004 014016 014028 014029 014030

          First-order statistics for P, wind, T & RH               !1.10
302083  8 004025 008023 010004 011001 011002 012101 013003 008023

302205  4?004024 013011 004024 013011

303001  3 007003 011001 011002

303002  3 007004 011001 011002

303003  4 007004 010003 012001 012003

303004  6 007004 010003 012001 012003 011001 011002

303011  4 007003 008001 011001 011002

303012  4 007004 008001 011001 011002

303013  7 007004 008001 010003 012001 013003 011001 011002

303014  7 007004 008001 010003 012001 012003 011001 011002

303021  4 007004 007004 204007 031021

303022  3 303021 010003 204000

303023  3 303021 012001 204000

303024  3 303021 013016 204000

303025  5 002025 204007 031021 012063 204000

303026  6 007004 008003 204007 031021 012001 204000

303027  5 007004 204007 031021 010003 204000

303031  6 007004 008003 007021 007022 008012 012061

303032  2 020011 020016

          (MAR 99)
303033  2 020010 020016

          WIND SEQUENCE (MAR 99)
303041  8 002152 002023 007004 011001 011002 002153 002154 012071

304001  5 008003 010004 012001 011001 011002

304002  4 008003 010004 011001 011002

304003  2 008003 012001

304004  4 008003 010004 020010 012001

304005  4 002024 007004 007004 013003

304006  3 014001 014001 014003

          GOES-I/M INFO  (APR 99)
304011 27 002163 002164 008012 007024 002057 008021 004001 004002 004003 004004
008021 004024 110004 008021 004004 004005 004006 008021 004004 004005
004006 011001 011002 103010 002163 007004 012001

          LOCATION OF PLATFORM  (OCT 95)
304030  3 027031 028031 010031

          VELOCITY OF PLATFORM  (OCT 95)
304031  3 001041 001042 001043

          CLOUD FRACTION. MONTEREY REPORT. AUG00. !1.7
304032  5 002153 002154 020081 020082 020012

          CLEAR SKY RADIANCE. MONTEREY REPORT. AUG00. !1.7
304033  8 002152 002166 002167 002153 002154 012075 012076 012063

          OZONE DATA. WMO NEWS 05-06/2000 !1.7
304034  9 102004 027001 028001 007022 005043 020010 020016 033003 010040

304201 13?008022 301241 010050 021198 021201 021202 021203 021207 021208 021209
021210 021211 021212

304202  7?008213 004024 033220 033212 055013 033220 008023

304203 13?001031 055001 055002 008204 008213 004004 008023 011012 004004 008021
004024 008023 008023

304204  8?001031 055001 055002 008213 004004 011012 014004 055013

304205 12?008023 022042 055001 055002 008204 008213 004004 022042 004004 008021
004024 022042

304206  8?001031 033220 033202 033220 033202 055013 011012 011011

304207 13?055001 055002 008204 008213 004004 011012 011011 004004 008021 004024
055003 011012 011011

          TOVS CLOUD TOP DATA  (MAY 91)
304213  3?008003 010004 020010

          TOVS SURFACE DATA  (MAY 91)
304214  5?008003 008012 010001 012061 010004

          TOVS LAYER MEAN TEMPERATURES  (MAY 91)
304215  4?103015 007004 007004 012007

          TOVS PRECIPITABLE WATER CONTENTS  (MAY 91)
304216  4?103003 007004 007004 013016

          TOVS RADIANCES (20TH DIFFERENT WIDTH)  (MAY 91)
304217  7?101019 012062 201132 012062 201000 101007 012062

          SATELLITE TROPOPAUSE  (MAY 91)
304218  3?008003 010004 012001

          LASS SURFACE DATA (T & RH IN HUNDREDTHS)  (JUNE 92)
304220 16?008003 202127 007004 010051 202000 008003 010001 201132 202129 012001
012061 201135 202130 013003 201000 202000

          LASS BRIGHTNESS TEMPERATURES (IN HUNDREDTHS)  (JUNE 92)
304221 11?014193 012156 012157 055007 201132 202129 102023 002217 012063 201000
202000

          LASS TEMPERATURE & RH PROFILES (T & RH IN HUNDREDTHS)  (JUNE 92)
304222 14?106018 007004 201132 202129 012001 202000 201000 106007 007004 201135
202130 013003 202000 201000

          GLOSS TEMPERATURE & RH PROFILES (T & RH IN HUNDREDTHS)  (OCT 92)
304223 14?106018 007004 201132 202129 012001 202000 201000 106007 007004 201136
202130 013003 202000 201000

          GLOSS BRIGHTNESS TEMPERATURES (ONE SET OF 27)  (OCT 92)
304224 14?201132 202129 102019 002217 012063 202000 002217 012063 202129 102007
002217 012063 202000 201000

          GLOSS BRIGHTNESS TEMPERATURES (ALL 4 SETS)  (SEPT 92)
304225 15?008215 008003 010004 020010 304224 008215 304224 008215 304224 025213
055007 055010 012192 008215 304224

          GLOSS CLOUD TOP & SURFACE DATA  (SEPT 92)
304226 16?008003 010004 020010 014193 014194 008003 010004 008204 010001 014193
223002 008024 008023 012001 012061 013003

          LOCATION RELATIVE TO EARTH'S CENTRE  (JUNE 92)
304228  3?005217 006217 007217

          VELOCITY OF PLATFORM RELATIVE TO EARTH'S CENTRE  (JUNE 92)
304229  3?001208 001209 001210

          SADC-HYCOS single measurement                            !1.9
305001  4 011001 011002 013060 013071

          SADC-HYCOS environmental measurement                     !1.9
305002 11 301012 012001 013003 014051 013060 013072 013080 013081 013082 013083
013084

          SADC-HYCOS measurement array definition                  !1.9
305003  5 301012 004065 101000 031001 305001

          SADC-HYCOS report                                        !1.9
305004  3 301030 305002 305003

          MEDHYCOS measurement                                     !1.9
305006  6 013072 013082 013019 012001 013073 013060

          MEDHYCOS report                                          !1.9
305007  6 301029 301012 004065 101000 031001 305006

          AOCHYCOS Chad measurement                                !1.9
305008  2 305006 012030

          AOCHYCOS Chad report                                     !1.9
305009  6 301029 301012 004065 101000 031001 305008

          MEDHYCOS measurement type 2                              !1.9
305010  3 305008 002091 002091

          MEDHYCOS report type 2                                   !1.9
305011  6 301029 301012 004065 101000 031001 305010

          Meteorological parameters assoc. with hydrological data  !1.9
305016  7 014021 007004 013003 011002 011001 011041 011043

          Water quality measurement                                !1.9
305017  5 013080 013081 013083 013085 013084

          MEDHYCOS report with meteorology & water quality data    !1.9
305018  8 301029 301012 004065 103000 031001 305008 305016 305017

306001  5 002032 102000 031001 007062 022042

306002  3 002031 022004 022031

306003  4 002002 011011 011012 012004

          Changed 022042 to 022043 as in latest WMO manual (Mar 00) !1.6
306004  7 002032 002033 103000 031001 007062 022043 022062

306005  6 002031 103000 031001 007062 022004 022031

          UNDER WATER SOUNDING (OPTIONAL) PARAMETERS (MAR 99)
306006  3 306003 306002 022063

          BUOY SPARE BLOCK PARAMETERS (MAR 99)
306007  6 001012 001014 306008 004024 027003 028003

          BUOY INSTRUMENTATION PARAMETERS (MAR 99)
306008  3 002034 002035 002036

          (MAR 99)
306020  4 306024 102006 022038 022039

          (MAR 99)
306021  7 001075 301011 301012 022122 022123 012001 303002

          (MAR 99)
306022  5 001075 301011 301012 022038 022039

          (MAR 99)
306023  8 001015 301023 301011 301012 022038 022039 022120 022121

          (MAR 99)
306024  8 001075 301011 301012 022042 022120 022121 004025 004015

307001  2 301031 302011

307002  2 301032 302011

307003  4 307001 101000 031001 302005

307004  4 307002 101000 031001 302005

307005  3 307001 101004 302005

307006  3 307002 101004 302005

307007  2 301031 302012

307008  2 301032 302012

          (MAR 99)
307009  2 301031 302013

          MAIN PART OF DATA FOR REPRESENTATION OF METAR/SPECI (MAR 99)
307011 16 001063 002001 301011 301012 301024 007006 011001 011016 011017 011002
011041 007006 012001 012003 010052 020009

          DVWW (MAR 99)
307012  5 103000 031001 008023 005021 020001

          DRDRVRVRVRVR (MAR 99)
307013  8 106000 031001 001064 008014 020061 008014 020061 020018

          W'W' (MAR 99)
307014  3 101000 031001 020019

          CLOUD GROUP(S) (MAR 99)
307015  8 101000 031001 302005 008002 020011 020012 020013 020002

          REW'W' (MAR 99)
307016  3 101000 031001 020020

          WIND SHEAR ON RUNWAY(S) (MAR 99)
307017  3 101000 031001 011070

          TREND-TYPE LANDING FORECAST (MAR 99)
307018 16 008016 102000 031001 008017 301012 104000 031001 007006 011001 011002
011041 020009 101000 031001 020001 307014

          SHORT METAR/SPECI (MAR 99)
307020  3 307011 307014 307016

          TOTAL SEQUENCE FOR REPRESENTATION OF METAR/SPECI (MAR 99)
307021  9 307011 307012 307013 307014 307015 307016 307017 307018 307015

          Ground-based GNSS observation                            !1.10
307022 31 001015 301011 301012 301022 008021 004025 010004 012001 013003 033038
008022 106025 002020 001050 005021 007021 015031 015032 008060 015033
015034 008060 015033 015034 015035 201131 202129 013016 202000 201000
015011

          Ozone data (single observation)                          !1.9
307030  2 015001 015002

          Ozone data (averaged observation)                        !1.9
307031  7 008022 008023 015001 008023 015001 008023 015002

          Total ozone from Brewer spectrophotometer (single)       !1.9
307041  7 301001 001015 301024 301011 301012 301070 307030

          Total ozone from Brewer spectrophotometer (averaged)     !1.9
307042  9 301001 001015 301024 301011 301012 008021 004025 301070 307031

          Total ozone from Dobson spectrophotometer (single)       !1.9
307043  7 301001 001015 301024 301011 301012 301074 307030

          Total ozone from Dobson spectrophotometer (averaged)     !1.9
307044  9 301001 001015 301024 301011 301012 008021 004025 301074 307031

          Soil temperature below land surface                      !1.9
307060  2 007061 012030

          Soil temperature data at <6 depths (lat/long scale=5)    !1.9
307061  3 301031 101005 307060

          Soil temperature data at <6 depths (lat/long scale=2)    !1.9
307062  3 301032 101005 307060

          Soil temperature below land surface (scale=2)            !1.9
307063  2 007061 012130

          GNSS (GROUND-BASED GPS) DATA  (OCT 02) !1.8
307193 30 001015 301011 301012 301022 004015 010004 012001 013003 033194 008022
106025 002020 001050 005021 007021 021218 021219 008060 021220 021221
008060 021220 021221 021222 201131 202129 013016 202000 201000 015011

308001  3 301033 302011 022042

308002  3 301034 302011 022042

308003  3 301035 302011 022042

308004  3 301036 302011 022042

308005  2 308004 302024

          BUOY SECTION 1 OPTIONAL PARAMETERS (MAR 99)
308006  8 010004 010061 010063 011001 011002 012004 013003 022042

          (MAR 99)
308007  4 301055 302011 007062 022042

309001  4 301037 101000 031001 303011

309002  4 301038 101000 031001 303011

309003  4 301037 101000 031001 303012

309004  4 301038 101000 031001 303012

309005  5 301037 302004 101000 031001 303013

309006  5 301038 302004 101000 031001 303013

309007  5 301037 302004 101000 031001 303014

309008  5 301038 302004 101000 031001 303014

309011  4 301039 101000 031001 303011

309012  4 301039 101000 031001 303012

309013  5 301039 302004 101000 031001 303013

309014  5 301039 302004 101000 031001 303014

          VERTICAL WIND PROFILE (MAR 99)
309015  4 301040 101000 031001 303011

          VERTICAL WIND PROFILE (MAR 99)
309016  4 301040 101000 031001 303012

          VERTICAL SOUNDING WITH RELATIVE HUMIDITY (MAR 99)
309017  5 301040 302004 101000 031001 303013

          VERTICAL SOUNDING WITH DEW-POINT DATA (MAR 99)
309018  5 301040 302004 101000 031001 303014

          WIND PROFILER - WIND DATA SOUNDING (MAR 99)
309019  5 301031 002003 101000 031001 303011

          WIND PROFILER - CARTESIAN COORDINATES (MAR 99)
309020  8 301031 002003 104000 031001 007003 011003 011004 011005

          Ozone sonde flight data                                  !1.9
309030  8 015004 015005 104000 031001 004015 008006 007004 015003

          Ozone sounding without ground-based spectrophotometer    !1.9
309040  3 301075 301076 309030

          Ozone sounding from Brewer spectrophotometer (single)    !1.9
309041  4 307041 301075 301076 309030

          Ozone sounding from Brewer spectrophotometer (averaged)  !1.9
309042  4 307042 301075 301076 309030

          Ozone sounding from Dobson spectrophotometer (single)    !1.9
309043  4 307043 301075 301076 309030

          Ozone sounding from Dobson spectrophotometer (averaged)  !1.9
309044  4 307044 301075 301076 309030

310001  5 301042 303031 303032 101026 303025

310002  5 301042 303031 303032 101009 303023

310003  5 301042 303031 303032 101006 303023

310004  5 301042 303031 303032 101003 303024

          (MAR 99)
310005  6 301042 303031 303033 101000 031001 303025

          (MAR 99)
310006  6 301042 303031 303033 101000 031001 303023

          (MAR 99)
310007  6 301042 303031 303033 101000 031001 303024

310008  8 310011 101019 310012 002150 025079 025080 033032 014045

310009  3 310011 101015 310012

310010  3 310011 101005 310012

310011 45 008070 001033 001034 008070 001033 001034 001007 002048 005040 025075
201133 005041 201000 005043 025070 033030 033031 004001 004002 004003
004004 004005 202131 201138 004006 201000 202000 005001 006001 202126
007001 202000 007024 005021 007025 005022 033033 002151 012064 002151
012064 002151 012064 002151 012064

310012 10 002150 025076 025077 025078 033032 201132 202129 012063 202000 201000

310013 62 001007 005040 004001 004002 004003 004004 004005 004006 005001 006001
007025 005043 025085 201131 202129 002150 008023 008072 014027 008072
014027 002150 008023 008072 014027 008072 014027 002150 008023 008072
014027 008072 014027 202000 201000 201132 202129 002150 008023 008072
012063 008072 012063 002150 008023 008072 012063 008072 012063 008023
008072 012063 008072 012063 002150 008023 008072 012063 008072 012063
202000 201000

          SATELLITE - GEOSTATIONARY WIND DATA (MAR 99)
310014  3 301072 303041 304011

          METEOSAT RADIANCE DATA. MONTEREY REPORT. AUG00. !1.7
310015 13 301072 007024 010002 303041 101003 304032 002152 002024 007004 007004
013003 101003 304033

          METEOSAT 2ND GEN. RADIANCE DATA. MONTEREY REPORT. AUG00 !1.7
310016 13 301072 007024 010002 303041 101012 304032 002152 002024 007004 007004
013003 101012 304033

          OZONE DATA. WMO NEWS 05-06/2000 !1.7
310020  6 310022 301011 301013 301021 304034 310021

          OZONE DATA. WMO NEWS 05-06/2000 !1.7
310021 10 108000 031001 201131 202129 007004 007004 202000 201000 015020 010002

          OZONE DATA. WMO NEWS 05-06/2000 !1.7
310022  4 001007 002019 001033 002172

          Geostationary satellite multi-channel radiation data     !1.10
310023 17 301072 030021 030022 008012 007024 007025 010002 101012 304032 105002
002152 002024 007004 007004 013003 101012 304033

          Geostationary satellite three-channel radiation data     !1.10
310024 17 301072 030021 030022 008012 007024 007025 010002 101003 304032 105002
002152 002024 007004 007004 013003 101012 304033

          SSMIS TEMPERATURE DATA RECORD   (OCT 02) !1.8
310025 61 001007 008021 004001 004002 004003 004004 004005 201138 202131 004006
202000 201000 201132 005041 201000 201129 005043 201000 005002 006002
013040 020029 104024 005042 012163 021083 021084 115003 004001 004002
004003 201142 202131 004026 202000 201000 005001 006001 201138 202129
007001 202000 201000 008021 004001 004002 004003 004004 004005 005040
101003 012070 025054 101004 025055 008007 104028 005002 006002 002111
005021

          RADIO OCCULTATION               !1.10c
310026 82 310022 025060 008021 301011 301012 201138 202131 004006 202000 201000
033039 033007 304030 304031 002020 001050 202127 304030 202000 304031
201133 202131 004016 202000 201000 301021 304030 010035 005021 010036
113000 031002 301021 005021 108000 031001 002121 007040 015037 008023
201125 015037 201000 008023 033007 108000 031002 007007 015036 008023
201123 015036 201000 008023 033007 116000 031002 007009 010004 012001
013001 008023 201120 010004 201000 201122 012001 201000 201123 013001 
201000 008023 033007 008003 007009 010004 008023 201120 010004 201000 
008023 033007

          MIPAS: layer, ozone, height, temperature, water vapour   !1.10
310029 12 110000 031001 201138 202130 007004 007004 202000 201000 015020 010002
012101 013098

          MIPAS (Michelson Interferometer for Passive Atmos Sounding !1.10
310030  6 310022 301011 301013 301021 304034 310029

          AIRS collocated level 1C reports with 3 instruments      !1.10
310050 14 310051 310052 101000 031002 310053 101004 310054 020010 310052 101015
310053 310052 101005 310053

          AIRS position & instrument temperatures                  !1.10
310051 16 001007 005040 201133 005041 201000 201132 025070 201000 202126 010007
202000 007025 005022 102009 002151 012064

          AIRS instrument type & position                          !1.10
310052 12 002019 301011 301012 202131 210138 004006 201000 202000 301021 007024
005021 005043

          AIRS channels & BT's with expanded channel set           !1.10
310053  6 201134 005042 201000 025076 033032 012163

          AIRS visible channels & albedos with expanded channel set!1.10
310054 13 201134 005042 201000 025076 033032 201131 202129 102002 008023 014027
008023 202000 201000

          AIRS radiance/channel principal components               !1.10
310055  8 310051 310052 102020 025076 025052 101000 031002 025050

          GNSS RADIO OCCULTATION (NOV 01)  (ICT 02) !1.8
310193 56 001007 002048 304030 304031 002020 001050 202127 304030 202000 304031
021230 021231 008021 301011 301012 201138 202131 004006 202000 201000
201133 202131 004026 202000 201000 301023 008003 304030 028192 113200
201133 202131 004026 202000 201000 301023 021233 002121 021233 007201
002121 021233 007201 001033 008021 004003 004004 004024 107150 007007
007004 012001 013004 021234 008215 012001

          START OF TOVS MESSAGE  (MAY 91)
310197  4?301247 007022 002025 002022

          COMPLETE TOVS MESSAGE  (MAY 91)
310198 12?310197 008003 015001 304213 304214 008003 304215 008003 304216 008003
304217 304218

          TOVS MESSAGE WITH Q/C  (JUNE 91)
310199 15?310197 015001 304213 304214 223004 055013 301250 301251 008023 304215
304216 223000 304217 304218 301252

          LASS MODEL INPUT  (JUNE 92)
310200 16?001031 055001 008021 004024 055005 004024 055005 304220 014193 201132
202129 101023 012063 202000 201000 304222

          LASS REPORT WITHOUT MODEL OUTPUT DATA  (JUNE 92)
310201  5?301248 304220 304221 304222 310200

          LASS REPORT WITH MODEL OUTPUT DATA  (JUNE 92)
310202 12?301248 304220 304221 223004 055013 301250 301251 008023 304222 223000
310200 301252

          GLOSS MESSAGE  (OCT 92)
310203 12?301247 007022 002022 015001 304225 304226 223004 055012 008024 008024
008023 304223

          TOVS profile (with "box number" inserted, March 2000)    !1.6
310208 13?310197 027020 008003 015001 304213 304214 008003 304215 008003 304216
008003 304217 304218

311001  9 301051 007002 012001 011001 011002 011031 011032 011033 020041

          ACARS TOP LEVEL (JUN97)
311002 04 301065 301066 311003 311004

          ACARS STANDARD REPORTED VARIABLES (JUN97)
311003 05 010070 011001 011002 012001 013002

          ACARS SUPPLEMENTAL REPORTED VARIABLES (JUN97)
311004 18 101000 031000 011034 101000 031000 011035 101000 031000 011075 101000
031000 011076 101000 031000 033025 101000 031000 033026

          Standard AMDAR                                           !1.10
311005 13 001006 001023 301021 301011 301013 007010 008009 011001 011002 011031
011036 012101 033025

          AMDAR sounding                                           !1.10
311006  6 007010 011001 011002 002064 012101 012103

          AMDAR WITH MODEL VALUES: WIND & TURBULENCE  (MARCH 93)
311192 11?223004 055013 301253 301254 008023 011001 011002 223000 011034 011035
011031

          AMDAR WITH MODEL VALUES: TEMPERATURE & HUMIDITY  (MARCH 93)
311193 12?002005 223004 055013 301250 301251 008023 012001 223000 012003 013003
020041 301252

          AMDAR WITH MODEL VALUES: FULL MESSAGE  (MARCH 93)
311194 16?001031 001008 001006 002061 002062 002063 301011 301012 002070 301023
007002 007004 008004 002002 311192 311193

312001  2 301043 304001

312002  2 301043 304002

312003  2 301042 304003

312004  2 301042 304004

312005  2 301042 020014

312006  2 301044 304005

312007  2 301042 304006

          ORBITAL INFORMATION, PART I (MAR 99)
312010  6 001007 005040 002021 005041 004011 004043

          ORBITAL INFORMATION, PART II (MAR 99)
312011 12 301041 004006 005031 006031 301023 101003 304011 204016 031021 011012
204000 011011

          HIRS BRIGHTNESS TEMPERATURES - CHANNELS 1-19 (MAR 99)
312012  6 202129 201132 101019 012063 201000 202000

          HIRS BRIGHTNESS TEMPERATURE - CHANNEL 20 (MAR 99)
312013  6 005042 202129 201135 012063 201000 202000

          HIRS SATELLITE DATA (MAR 99)
312014  8 312010 312011 105056 301023 005042 005052 312012 312013

          MSU BRIGHTNESS TEMPERATURES - CHANNELS 1-4 (MAR 99)
312015 10 109011 301023 005042 005052 202129 201132 101004 012063 202000 201000

          MSU SATELLITE DATA (MAR 99)
312016  3 312010 312011 312015

          SSU BRIGHTNESS TEMPERATURES - CHANNELS 1-3 (MAR 99)
312017 10 109008 301023 005042 005052 202129 201132 101003 012063 202000 201000

          SSU SATELLITE DATA (MAR 99)
312018  3 312010 312011 312017

          WAVE SCAT PRODUCT WITH WIDTH CHANGE FOR WAVE NUMBER (MAR 99)
312019 13 301047 301048 015015 029002 021076 106012 201129 006030 201000 102012
005030 021075 021066

          ERS WAVE SCATTEROMETER PRODUCT (UWA)  (OCT 95)
312020 11 301047 301048 015015 029002 021076 104012 006030 102012 005030 021075
021066

          ERS WIND SCATTEROMETER PRODUCT (UWI)  (JULY 95)
312021  6 301047 101003 301049 011012 011011 021067

          ERS RADAR ALTIMETER PRODUCT (URA)  (OCT 95)
312022 15 301047 008022 011012 011050 022070 022026 312041 010050 021068 021071
021072 021073 312042 021062 015011

          ERS SEA SURFACE TEMPERATURE PRODUCT (UAT)  (OCT 95)
312023  7 301047 103003 008022 012061 022050 021069 021085

          WAVE SCATTEROMETER PRODUCT ENHANCED (MAR 99)
312024 11 312020 008060 008022 008060 008022 025014 022101 022097 022098 022099
022100

          WAVE SCAT ENHANCED PRODUCT (WIDTH CHANGE FOR WAVE NO) (MAR 99)
312025 11 312019 008060 008022 008060 008022 025014 022101 022097 022098 022099
022100

          ATSR SST product (SADIST-2)  (March 00)                  !1.6
312027  9 301047 105009 301023 007021 012061 007021 012061 021085 021070

          SEAWIND QUIKSCAT WMO OP NEWS 05-06/2000 !1.7
312028 26 301046 301011 301013 301023 008025 201136 004006 201000 312031 312032
101004 312030 101002 312033 021110 301023 321028 021111 301023 321028
021112 301023 321028 021113 301023 321028

          SEAWIND QUIKSCAT DATA MONTEREY REPORT 1999 !1.7
312030 13 201130 202129 011012 202000 201000 011052 201135 202130 011011 202000
201000 011053 021104

          SEAWIND QUIKSCAT DATA MONTEREY REPORT 1999 !1.7
312031  8 005034 006034 021109 011081 011082 021101 021102 021103

          SEAWIND QUIKSCAT WMO OP NEWS 05-06/2000 !1.7
312032  4 021120 021121 013055 021122

          SEAWIND QUIKSCAT WMO OP NEWS 05-06/2000 !1.7
312033  4 002104 008022 012063 012065

          ERS ALTITUDE IN CENTIMETRES  (JULY 95)
312041  5 201141 202130 007001 201000 202000

          ERS ALTITUDE CORRECTIONS  (JULY 95)
312042  6 021077 021078 021079 021080 021081 021082

          AATSR sea surface temperatures                           !1.10
312045 21 001007 002019 001096 025061 005040 301011 301013 301021 007002 012180
012181 012182 012183 012184 012185 002174 021086 012186 021087 012187
033043

          MERIS (Medium Resolution Imaging Spectrometer)           !1.10
312050 23 001007 002019 001096 025061 005040 301011 301013 301021 007025 005022
010080 027080 008003 007004 013093 008003 201131 202129 007004 007004
202000 201000 013095

          ASAR (Advanced Synthetic Aperture Radar) ocean cross spectra !1.10
312051 48 001007 002019 001096 025061 005040 008075 301011 301013 301021 001012
201131 001013 201000 010032 010033 010034 007002 008012 025110 025111
025102 002104 025103 025104 025105 025106 025107 025108 002111 002121
002026 002027 021130 021131 021132 021133 021064 025014 021134 107018
005030 105024 201130 006030 201000 021135 021136 033044

          RA2 (Radar Altimeter)                                    !1.10

312052 77 001007 002019 001096 025061 005040 025120 025121 025124 025125 025122
025123 301011 301013 301021 007002 002115 033047 010081 010082 010083
010084 002116 002117 002118 002156 002157 014051 022150 022151 022152
022153 022154 022155 022156 022157 022158 022159 021137 021138 021139
021140 021141 021142 010085 010086 010087 010088 010089 010090 010091
010092 010093 011002 025126 025127 025128 025129 025130 025131 025132
025133 025134 025135 025136 025137 013096 013097 011095 011096 012188
012189 002158 002159 033052 033053 021143 021144

          Ocean wave spectra                                       !1.10
312053 54 001007 002019 001096 025061 005040 008075 301011 301013 301021 001012
201131 001013 201000 010032 010033 010034 007002 008012 025110 025111
025102 002104 025103 025104 025105 025106 025107 025108 011001 011002
022160 025138 201130 202129 022021 202000 201000 033048 033049 002026
002027 021130 021131 021132 021133 025014 106036 005030 104024 201130
006030 201000 022161 033044

312200 10?301237 301238 029002 021206 104012 006232 102012 005232 021205 021196

312201  6?301237 101003 301239 011012 011011 021197

312202 13?301237 008022 011012 011050 301240 022243 301241 010050 021198 021201
021202 021203 301242

312203  8?301237 008022 012061 022050 021204 021199 021214 021215

312204 12?312201 001031 011012 011011 021200 021213 004004 008021 004024 055003
011012 011011

312205  9?301237 304201 011050 022243 223002 304202 304203 011012 301240

312206  3?312203 304204 304205

312207 10?301237 101003 301239 304206 021197 055014 304206 021200 021213 304207

          URA PRODUCT WITH ORBIT COORDS ADDED (JUNE 92)
312210 13?312202 021192 015202 301011 004004 004005 201138 202131 004006 201000
202000 304228 304229

          UAT PRODUCT WITH HEAT FLUXES IN MODEL VALUES (JULY 93)
312211  8?312203 304204 014195 014196 014197 014198 014199 304205

          RADAR REFLECTIVITY VALUES (MAR 99)
313009  4 021001 101000 031001 021001

          RADAR RAINFALL INTENSITIES (MAR 99)
313010  4 021036 101000 031001 021036

          NON RUN-LENGTH ENCODED ROW FOR PIXEL VALUE (MAR 99)
313031  5 006002 006012 101000 031001 030001

          NON RUN-LENGTH ENCODED PICTURE DATA FOR PIXEL VALUE  (MAR 99)
313032  5 005002 005012 101000 031001 313031

          RUN-LENGTH ENCODED ROW FOR PIXEL VALUE (MAR 99)
313041 13 006002 110000 031001 104000 031001 006012 101000 031012 030001 006012
101000 031001 030001

          RUN-LENGTH ENCODED PICTURE DATA FOR PIXEL VALUE (MAR 99)
313042  5 005002 005012 101000 031002 313041

          RUN-LENGTH ENCODED PICTURE DATA FOR PIXEL VALUE (MAR 99)
313043 16 006002 005002 005012 112000 031001 110000 031001 104000 031001 006012
101000 031011 030001 101000 031001 030001

315001  5 001011 301011 301012 301023 306001

315002  5 001011 301011 301012 301023 306004

316001 10 301011 004004 301023 001021 002041 019001 010051 019002 019003 019004

          SIGWX HEADER (MAY 96)
316002  9 008021 301011 301012 001031 008021 301011 301012 007002 007002

          SIGWX JET STREAM (MAY 96)
316003 12 110000 031001 008011 008007 104000 031001 005002 006002 010002 011002
008007 008011

          SIGWX TURBULENCE (MAY 96)
316004 13 111000 031001 008011 008007 007002 007002 102000 031001 005002 006002
011031 008007 008011

          SIGWX STORM (MAY 96)
316005 10 108000 031001 008005 008007 005002 006002 001026 019001 008007 008005

          SIGWX CLOUD (MAY 96)
316006 14 112000 031001 008011 008007 007002 007002 102000 031001 005002 006002
020011 020012 008007 008011

          SIGWX FRONT (MAY 96)
316007 12 110000 031001 008011 008007 104000 031001 005002 006002 019005 019006
008007 008011

          SIGWX TROPOPAUSE (MAY 96)
316008 13 111000 031001 008001 008007 008023 103000 031001 005002 006002 010002
008023 008007 008001

          SIGWX AIRFRAME ICING AREA (MAY 96)
316009 13 111000 031001 008011 008007 007002 007002 102000 031001 005002 006002
020041 008007 008011

          NAME OF FEATURE (MAR 99)
316010  9 107000 031001 008011 008007 001022 005002 006002 008007 008011

          VOLCANO ERUPTING (MAR 99)
316011 19 116000 031001 008011 001022 008007 102000 031001 005002 006002 008021
004001 004002 004003 004004 004005 020090 008021 008007 008011

          Tropical storm identification                            !1.9
316020  5 001033 001025 001027 301011 301012

          Analysis data                                            !1.9
316021 23 301023 002041 019001 019007 019005 019006 019008 008005 010004 008005
010004 019007 008005 008021 004075 011040 019007 105004 005021 005021
102002 019003 019004

          Forecast data                                            !1.9
316022 24 001032 002041 019001 019010 118000 031001 008021 004014 008005 301023
019005 019006 010004 011041 008021 004075 011040 019008 105004 005021
005021 102002 019003 019004

          Tropical storm analysis information                      !1.9
316026  2 316020 316021

          Tropical storm forecast information                      !1.9
316027  2 316020 316022

          SIGMET header                                            !1.10
316030 14 102002 301011 301012 001037 010064 008019 001062 102000 031001 008019
001065 008019 001062 008019

          SIGMET observed or forecast location & motion            !1.10
316031 15 008021 301011 301012 007010 007010 027035 028035 008007 301027 019005
019006 019007 008007 020028 008021

          SIGMET forecast position                                 !1.10
316032  9 008021 301011 301012 008007 101000 031001 301023 008007 008021

          SIGMET outlook                                           !1.10
316033 11 008021 301011 301012 107000 031001 007010 007010 008007 301027 008007
008021

          Volcanic ash SIGMET                                      !1.10
316034 15 316030 008011 001022 008007 301023 008007 020090 316031 101000 031000
316032 101000 031001 316033 008011

          Thunderstorm SIGMET                                      !1.10
316035  7 316030 008011 020023 020021 020008 316031 008011

          Tropical cyclone SIGMET                                  !1.10
316036 11 316030 008011 001027 316031 101000 031001 316032 101000 031001 316033
008011

          Turbulence SIGMET                                        !1.10
316037  5 316030 008011 011031 316031 008011

          Icing SIGMET                                             !1.10
316038  6 316030 008011 020041 020021 316031 008011

          Mountain wave SIGMET                                     !1.10
316039  5 316030 008011 020024 316031 008011

          Duststorm SIGMET                                         !1.10
316040  5 316030 008011 020024 316031 008011

          Sandstorm SIGMET                                         !1.10
316041  5 316030 008011 020024 316031 008011

          Cancellation of SIGMET                                   !1.10
316042  8 316030 008079 102002 301011 301012 001037 010064 008079

          (MAR 99)
318001  2 301025 024011

          (MAR 99)
318003  4 301026 024005 024004 024021

          (MAR 99)
318004  6 301025 004023 013011 024005 024004 024002

          WIND PROFILER - ANTENNA CHARACTERISTICS (MAR 99)
321001  6 002101 002114 002105 002106 002107 002121

          WIND PROFILER - MOMENT DATA (MAR 99)
321003  4 021051 021014 021017 021030

          WIND PROFILER - MOMENT DATA SOUNDING (MAR 99)
321004  5 301031 002003 101000 031001 321003

          TRANSMITTER-RECEIVER CHARACTERISTICS (MAR 99)
321005 12 025004 002121 002122 002123 002124 002125 002126 002127 002128 002129
002130 002131

          INTEGRATION CHARACTERISTICS (MAR 99)
321006  4 025001 025002 025003 025005

          CORRECTIONS (MAR 99)
321007  8 025009 025010 025001 025012 025013 025015 025015 025017

          Z TO R CONVERSION (MAR 99)
321008  3 025006 025007 025008

          A TO Z LAW (MAR 99)
321009  2 025018 025019

          ANTENNA CHARACTERISTICS (MAR 99)
321010 13 002101 007002 002102 002103 002104 002105 002106 002107 002108 002109
002110 002132 002133

          GENERAL CHARACTERISTICS (MAR 99)
321011  3 030031 030032 029002

          ANTENNA ELEVEATIONS (MAR 99)
321012  3 101000 031001 002135

          WIND PROFILER/RASS: BASIC INFORMATION. WMO NEWS 05-06/2000 !1.7
321021 15 002003 002101 201130 002106 201000 201132 202130 002121 202000 201000
201133 202129 025001 202000 201000

          WIND PROFILER: PROCESSED DATA WINDS. WMO NEWS 05-06/2000 !1.7
321022 11 010007 204001 031021 011001 204000 011002 204001 031021 011006 204000
021030

          WIND PROFILER: RAW DATA WINDS. WMO NEWS 05-06/2000 !1.7
321023  9 007007 021091 021030 202129 021014 201129 021017 202000 201000

          RASS MODE: PROCESSED DATA RASS. WMO NEWS 05-06/2000 !1.7
321024  7 007007 204001 031021 012007 011006 204000 021030

          RASS MODE: RAW DATA RASS. WMO NEWS 05-06/2000 !1.7
321025 17 007007 021091 021030 202129 021014 201129 021017 202000 201000 021092
021030 025092 201129 202129 021017 202000 201000

          RASS DATA: FLUXES. WMO NEWS 05-06/2000 !1.7
321026 10 010007 204001 031021 012007 025091 011071 011072 011073 011074 204000

          SEAWIND QUIKSCAT WMO OP NEWS 05-06/2000 !1.7
321028 18 021118 202129 201132 002112 201000 201131 002111 201000 202000 002104
021123 021106 021107 021114 021115 021116 008018 021117

          Monitoring station                                       !1.9
335001  4 008035 035001 008036 301001

          Monitoring centre                                        !1.9
335002  4 008035 035001 008036 001033

          Monitoring period                                        !1.9
335003  6 008021 004001 004002 004003 004004 004073

          Report type & station being monitored                    !1.9
335004  7 008021 004004 008021 004004 035000 301001 035011

          Report type & WMO block being monitored                  !1.9
335005  7 008021 004004 008021 004004 035000 001001 035011

          Report type & WMO region being monitored                 !1.9
335006  7 008021 004004 008021 004004 035000 001003 035011

          Report type & stations being monitored                   !1.9
335007 10 008021 004004 008021 004004 035000 001001 102000 031001 001002 035011

          Monitoring report for several stations                   !1.9
335010  3 335002 335003 335007

354001  4 102000 031001 001002 054001

360001  3 020012 020012 020012

360005  4 004024 013011 004024 013011

360010  2 004024 011041

360011  2 004024 011042

360012  2 004025 011041

