   4.8    5.2e+15    2.6e+30    306 
  -3.5    2.4e+15    3.2e+30    245 
 -18.2*   1.2e+15    2.2e+29     80 
   3.4*   1.1e+15    4.4e+29     61 
   2.6    -------    -------     47 
   1.8*   1.6e+15    1.3e+30    333 
   2.8*   2.4e+14    1.0e+29     73 
   0.8    1.4e+15    2.8e+30    240 
 -16.6*   1.8e+14    5.1e+28     81 
  -9.3    8.3e+14    1.0e+30     73 
  91.4*   1.6e+14*   7.6e+29*     8 
  16.4*   7.4e+14    1.1e+30    173 
   8.2*   8.1e+14*   9.2e+29*    99 
   0.1*   8.5e+14    2.4e+29     67 
 -10.2*   1.6e+14    1.9e+28    103 
  12.3*   1.0e+15    1.2e+29    264 
  -5.3*   5.4e+14    1.2e+29     96 
   9.6*   2.0e+14    1.3e+29    179 
  35.2*   1.1e+15    8.1e+29     94 
  54.7*   -------    -------    339 
  34.7    1.7e+15    2.4e+30    100 
  -6.6*   3.0e+14    9.3e+29    279 
  -2.0*   1.7e+14    4.5e+29    121 
  -5.7*   5.3e+14    1.1e+29     90 
   2.9*   1.6e+14    1.9e+28     92 
   8.4*   -------    -------     92 
