22.0922  7
22.2512  10
22.2512  10
22.2512  10
22.2512  10
22.2512  10
22.2512  10
22.2512  10
22.2512  10
22.2512  10
22.2512  10
22.2512  10
22.2512  10
22.2512  10
22.2512  10
22.2512  10
22.2512  10
22.2512  10
22.283  10
22.283  10
22.283  10
22.283  10
22.283  10
22.283  10
22.283  10
22.283  10
22.3148  10
22.3148  10
22.3148  10
22.3148  10
22.3148  10
22.3148  10
22.3148  10
22.3148  10
22.3148  10
22.283  10
22.2512  9
22.2512  9
22.2512  9
22.2512  9
22.2512  9
68.5447  18
68.5447  18
68.5447  18
70.5509  19
75.5664  20
79.2444  21
81.585  22
83.5911  22
85.5973  23
86.9348  23
88.2722  23
88.6066  24
88.6066  24
88.6066  24
88.6066  24
88.6066  24
88.6066  24
88.6066  24
88.6066  24
88.6066  24
88.6066  24
88.6066  24
88.6066  24
88.6066  24
88.6066  24
88.6066  24
88.6066  24
88.6066  24
88.6066  24
88.6066  24
88.6066  24
88.2722  24
87.2691  24
85.5973  23
82.588  23
79.2444  22
72.5571  21
22.0927  9
25.6622  14
