1..1
[[0, 1750]]
[[0, 1366], [256, 1750], [779, 254], [847, 777], [1369, 830]]
[
  [0, 1320],
  [125, 1366],
  [145, 124],
  [179, 144],
  [255, 178],
  [256, 1711],
  [335, 254],
  [335, 1750],
  [384, 334],
  [384, 334],
  [452, 383],
  [452, 383],
  [568, 451],
  [568, 451],
  [667, 567],
  [667, 567],
  [711, 666],
  [711, 666],
  [778, 710],
  [778, 710],
  [779, 1212],
  [813, 777],
  [813, 777],
  [813, 254],
  [831, 812],
  [831, 812],
  [831, 812],
  [847, 1651],
  [942, 830],
  [942, 830],
  [942, 830],
  [942, 777],
  [952, 941],
  [952, 941],
  [952, 941],
  [952, 941],
  [969, 951],
  [969, 951],
  [969, 951],
  [969, 951],
  [977, 968],
  [977, 968],
  [977, 968],
  [977, 968],
  [1028, 976],
  [1028, 976],
  [1028, 976],
  [1028, 976],
  [1045, 1027],
  [1045, 1027],
  [1045, 1027],
  [1045, 1027],
  [1103, 1044],
  [1103, 1044],
  [1103, 1044],
  [1103, 1044],
  [1153, 1102],
  [1153, 1102],
  [1153, 1102],
  [1153, 1102],
  [1169, 1152],
  [1169, 1152],
  [1169, 1152],
  [1169, 1152],
  [1186, 1168],
  [1186, 1168],
  [1186, 1168],
  [1186, 1168],
  [1213, 1185],
  [1213, 1185],
  [1213, 1185],
  [1213, 1185],
  [1251, 1212],
  [1251, 1212],
  [1251, 1212],
  [1263, 1250],
  [1263, 1250],
  [1263, 1250],
  [1321, 1262],
  [1321, 1262],
  [1321, 1262],
  [1367, 1320],
  [1367, 1320],
  [1369, 830],
  [1405, 1366],
  [1405, 1366],
  [1456, 1404],
  [1456, 1404],
  [1520, 1455],
  [1520, 1455],
  [1536, 1519],
  [1536, 1519],
  [1556, 1535],
  [1556, 1535],
  [1605, 1555],
  [1605, 1555],
  [1652, 1604],
  [1652, 1604],
  [1712, 1651],
]
[
  [0, 830],
  [125, 830],
  [145, 1366],
  [179, 1366],
  [255, 1366],
  [256, 1366],
  [256, 1320],
  [256, 1366],
  [256, 124],
  [256, 144],
  [335, 1366],
  [335, 1366],
  [384, 1366],
  [384, 1366],
  [452, 1366],
  [452, 1366],
  [568, 1366],
  [568, 1366],
  [667, 1366],
  [667, 1366],
  [711, 1366],
  [711, 1366],
  [778, 1366],
  [778, 1366],
  [779, 830],
  [779, 254],
  [779, 1711],
  [779, 254],
  [779, 254],
  [779, 254],
  [779, 178],
  [779, 254],
  [779, 334],
  [779, 383],
  [779, 451],
  [779, 567],
  [779, 666],
  [779, 1750],
  [779, 334],
  [779, 383],
  [779, 451],
  [779, 567],
  [779, 666],
  [813, 1366],
  [813, 1366],
  [813, 830],
  [831, 1366],
  [831, 1366],
  [831, 1366],
  [847, 1366],
  [847, 777],
  [847, 777],
  [847, 1212],
  [847, 777],
  [847, 777],
  [847, 777],
  [847, 777],
  [847, 777],
  [847, 777],
  [847, 777],
  [847, 777],
  [847, 777],
  [847, 777],
  [847, 710],
  [847, 777],
  [847, 777],
  [847, 777],
  [847, 777],
  [847, 777],
  [847, 777],
  [847, 777],
  [847, 710],
  [847, 777],
  [847, 254],
  [942, 1366],
  [942, 1366],
  [942, 1366],
  [942, 1366],
  [952, 1366],
  [952, 1366],
  [952, 1366],
  [952, 1366],
  [969, 1366],
  [969, 1366],
  [969, 1366],
  [969, 1366],
  [977, 1366],
  [977, 1366],
  [977, 1366],
  [977, 1366],
  [1028, 1366],
  [1028, 1366],
  [1028, 1366],
  [1028, 1366],
  [1045, 1366],
  [1045, 1366],
  [1045, 1366],
  [1045, 1366],
  [1103, 1366],
  [1103, 1366],
  [1103, 1366],
  [1103, 1366],
  [1153, 1366],
  [1153, 1366],
  [1153, 1366],
  [1153, 1366],
  [1169, 1366],
  [1169, 1366],
  [1169, 1366],
  [1169, 1366],
  [1186, 1366],
  [1186, 1366],
  [1186, 1366],
  [1186, 1366],
  [1213, 1366],
  [1213, 1366],
  [1213, 1366],
  [1213, 1366],
  [1251, 1366],
  [1251, 1366],
  [1251, 1366],
  [1263, 1366],
  [1263, 1366],
  [1263, 1366],
  [1321, 1366],
  [1321, 1366],
  [1321, 1366],
  [1367, 1320],
  [1367, 1320],
  [1369, 830],
  [1369, 830],
  [1369, 1651],
  [1369, 830],
  [1369, 830],
  [1369, 830],
  [1369, 830],
  [1369, 830],
  [1369, 830],
  [1369, 830],
  [1369, 830],
  [1369, 830],
  [1369, 830],
  [1369, 830],
  [1369, 812],
  [1369, 830],
  [1369, 941],
  [1369, 951],
  [1369, 968],
  [1369, 976],
  [1369, 1027],
  [1369, 1044],
  [1369, 1102],
  [1369, 1152],
  [1369, 1168],
  [1369, 1185],
  [1369, 1212],
  [1369, 1250],
  [1369, 1262],
  [1369, 830],
  [1369, 830],
  [1369, 830],
  [1369, 830],
  [1369, 830],
  [1369, 830],
  [1369, 830],
  [1369, 830],
  [1369, 812],
  [1369, 830],
  [1369, 941],
  [1369, 951],
  [1369, 968],
  [1369, 976],
  [1369, 1027],
  [1369, 1044],
  [1369, 1102],
  [1369, 1152],
  [1369, 1168],
  [1369, 1185],
  [1369, 1212],
  [1369, 1250],
  [1369, 1262],
  [1369, 812],
  [1369, 830],
  [1369, 941],
  [1369, 951],
  [1369, 968],
  [1369, 976],
  [1369, 1027],
  [1369, 1044],
  [1369, 1102],
  [1369, 1152],
  [1369, 1168],
  [1369, 1185],
  [1369, 777],
  [1369, 941],
  [1369, 951],
  [1369, 968],
  [1369, 976],
  [1369, 1027],
  [1369, 1044],
  [1369, 1102],
  [1369, 1152],
  [1369, 1168],
  [1369, 1185],
  [1369, 1212],
  [1369, 1250],
  [1369, 1262],
  [1405, 1366],
  [1405, 1366],
  [1456, 1404],
  [1456, 1404],
  [1520, 1455],
  [1520, 1455],
  [1536, 1519],
  [1536, 1519],
  [1556, 1535],
  [1556, 1535],
  [1605, 1555],
  [1605, 1555],
  [1652, 1604],
  [1652, 1604],
  [1712, 1651],
]
[
  [0, 812],
  [125, 812],
  [125, 830],
  [145, 1320],
  [145, 124],
  [145, 830],
  [179, 1320],
  [179, 144],
  [179, 144],
  [179, 1366],
  [255, 1320],
  [255, 178],
  [255, 178],
  [255, 178],
  [255, 1366],
  [256, 1320],
  [256, 1262],
  [256, 1320],
  [256, 1604],
  [256, 1604],
  [335, 1320],
  [335, 1320],
  [335, 254],
  [335, 1366],
  [335, 254],
  [335, 254],
  [335, 254],
  [335, 1366],
  [335, 1320],
  [335, 1366],
  [335, 124],
  [335, 144],
  [384, 1320],
  [384, 1320],
  [384, 334],
  [384, 334],
  [384, 334],
  [384, 334],
  [384, 334],
  [384, 334],
  [384, 1366],
  [384, 1366],
  [384, 334],
  [384, 334],
  [384, 334],
  [384, 334],
  [452, 1320],
  [452, 1320],
  [452, 383],
  [452, 383],
  [452, 383],
  [452, 383],
  [452, 383],
  [452, 383],
  [452, 383],
  [452, 1366],
  [452, 383],
  [452, 1366],
  [452, 383],
  [452, 383],
  [452, 383],
  [452, 383],
  [568, 1320],
  [568, 1320],
  [568, 451],
  [568, 451],
  [568, 451],
  [568, 451],
  [568, 451],
  [568, 451],
  [568, 451],
  [568, 451],
  [568, 1366],
  [568, 451],
  [568, 451],
  [568, 1366],
  [568, 451],
  [568, 451],
  [568, 451],
  [568, 451],
  [667, 1320],
  [667, 1320],
  [667, 567],
  [667, 567],
  [667, 567],
  [667, 567],
  [667, 567],
  [667, 567],
  [667, 567],
  [667, 567],
  [667, 567],
  [667, 1366],
  [667, 567],
  [667, 567],
  [667, 567],
  [667, 1366],
  [667, 567],
  [667, 567],
  [667, 567],
  [667, 567],
  [711, 1320],
  [711, 1320],
  [711, 666],
  [711, 666],
  [711, 666],
  [711, 666],
  [711, 666],
  [711, 666],
  [711, 666],
  [711, 666],
  [711, 666],
  [711, 666],
  [711, 1366],
  [711, 666],
  [711, 666],
  [711, 666],
  [711, 666],
  [711, 1366],
  [711, 666],
  [711, 666],
  [711, 666],
  [711, 666],
  [778, 1320],
  [778, 1320],
  [778, 710],
  [778, 710],
  [778, 710],
  [778, 710],
  [778, 710],
  [778, 710],
  [778, 710],
  [778, 710],
  [778, 710],
  [778, 710],
  [778, 710],
  [778, 1366],
  [778, 710],
  [778, 710],
  [778, 710],
  [778, 710],
  [778, 710],
  [778, 1366],
  [778, 710],
  [778, 710],
  [778, 710],
  [778, 710],
  [779, 812],
  [779, 1212],
  [779, 1651],
  [779, 1212],
  [779, 1212],
  [779, 1212],
  [779, 1102],
  [779, 1212],
  [779, 1262],
  [779, 1320],
  [779, 1404],
  [779, 1535],
  [779, 1604],
  [779, 1711],
  [779, 1262],
  [779, 1320],
  [779, 1404],
  [779, 1535],
  [779, 1604],
  [813, 1320],
  [813, 1320],
  [813, 830],
  [813, 777],
  [813, 777],
  [813, 830],
  [813, 777],
  [813, 777],
  [813, 777],
  [813, 777],
  [813, 777],
  [813, 777],
  [813, 777],
  [813, 777],
  [813, 777],
  [813, 777],
  [813, 1366],
  [813, 777],
  [813, 777],
  [813, 777],
  [813, 777],
  [813, 777],
  [813, 777],
  [813, 1366],
  [813, 777],
  [813, 254],
  [813, 1711],
  [813, 777],
  [813, 254],
  [813, 777],
  [813, 254],
  [813, 777],
  [813, 254],
  [813, 178],
  [813, 254],
  [813, 334],
  [813, 383],
  [813, 451],
  [813, 567],
  [813, 666],
  [813, 1750],
  [813, 334],
  [813, 383],
  [813, 451],
  [813, 567],
  [813, 666],
  [831, 1320],
  [831, 1320],
  [831, 1320],
  [831, 812],
  [831, 812],
  [831, 812],
  [831, 812],
  [831, 812],
  [831, 812],
  [831, 812],
  [831, 812],
  [831, 812],
  [831, 812],
  [831, 812],
  [831, 1366],
  [831, 812],
  [831, 812],
  [831, 812],
  [831, 812],
  [831, 812],
  [831, 812],
  [831, 812],
  [831, 1366],
  [831, 812],
  [831, 812],
  [831, 812],
  [831, 812],
  [831, 812],
  [831, 812],
  [831, 812],
  [831, 812],
  [831, 812],
  [831, 812],
  [831, 812],
  [831, 812],
  [831, 812],
  [831, 812],
  [831, 812],
  [831, 812],
  [831, 812],
  [831, 812],
  [831, 812],
  [831, 812],
  [831, 812],
  [831, 812],
  [847, 1320],
  [847, 1651],
  [847, 1651],
  [847, 1185],
  [847, 1651],
  [847, 1651],
  [847, 1651],
  [847, 1651],
  [847, 1651],
  [847, 1651],
  [847, 1651],
  [847, 1651],
  [847, 1651],
  [847, 1651],
  [847, 1604],
  [847, 1651],
  [847, 1651],
  [847, 1651],
  [847, 1651],
  [847, 1651],
  [847, 1651],
  [847, 1651],
  [847, 1604],
  [847, 1651],
  [847, 1152],
  [942, 1320],
  [942, 1320],
  [942, 1320],
  [942, 1320],
  [942, 830],
  [942, 1366],
  [942, 830],
  [942, 830],
  [942, 830],
  [942, 830],
  [942, 830],
  [942, 830],
  [942, 830],
  [942, 830],
  [942, 830],
  [942, 830],
  [942, 830],
  [942, 1366],
  [942, 830],
  [942, 830],
  [942, 830],
  [942, 830],
  [942, 830],
  [942, 830],
  [942, 830],
  [942, 830],
  [942, 1366],
  [942, 1366],
  [942, 830],
  [942, 830],
  [942, 777],
  [942, 830],
  [942, 777],
  [942, 1212],
  [942, 830],
  [942, 830],
  [942, 777],
  [942, 830],
  [942, 830],
  [942, 777],
  [942, 830],
  [942, 830],
  [942, 777],
  [942, 830],
  [942, 777],
  [942, 830],
  [942, 777],
  [942, 830],
  [942, 777],
  [942, 830],
  [942, 777],
  [942, 830],
  [942, 777],
  [942, 830],
  [942, 777],
  [942, 830],
  [942, 777],
  [942, 710],
  [942, 777],
  [942, 830],
  [942, 777],
  [942, 830],
  [942, 777],
  [942, 830],
  [942, 777],
  [942, 830],
  [942, 777],
  [942, 830],
  [942, 777],
  [942, 830],
  [942, 777],
  [942, 710],
  [942, 777],
  [942, 254],
  [952, 1320],
  [952, 1320],
  [952, 1320],
  [952, 1320],
  [952, 941],
  [952, 941],
  [952, 941],
  [952, 941],
  [952, 941],
  [952, 941],
  [952, 941],
  [952, 941],
  [952, 941],
  [952, 941],
  [952, 941],
  [952, 941],
  [952, 941],
  [952, 941],
  [952, 1366],
  [952, 941],
  [952, 941],
  [952, 941],
  [952, 941],
  [952, 941],
  [952, 941],
  [952, 941],
  [952, 941],
  [952, 941],
  [952, 1366],
  [952, 941],
  [952, 1366],
  [952, 1366],
  [952, 941],
  [952, 941],
  [952, 941],
  [952, 941],
  [952, 941],
  [952, 941],
  [952, 941],
  [952, 941],
  [952, 941],
  [952, 941],
  [952, 941],
  [952, 941],
  [952, 941],
  [952, 941],
  [952, 941],
  [952, 941],
  [952, 941],
  [952, 941],
  [952, 941],
  [952, 941],
  [952, 941],
  [952, 941],
  [952, 941],
  [952, 941],
  [952, 941],
  [952, 941],
  [952, 941],
  [952, 941],
  [952, 941],
  [952, 941],
  [952, 941],
  [952, 941],
  [952, 941],
  [952, 941],
  [952, 941],
  [952, 941],
  [952, 941],
  [952, 941],
  [952, 941],
  [952, 941],
  [952, 941],
  [952, 941],
  [952, 941],
  [952, 941],
  [952, 941],
  [952, 941],
  [969, 1320],
  [969, 1320],
  [969, 1320],
  [969, 1320],
  [969, 951],
  [969, 951],
  [969, 951],
  [969, 951],
  [969, 951],
  [969, 951],
  [969, 951],
  [969, 951],
  [969, 951],
  [969, 951],
  [969, 951],
  [969, 951],
  [969, 951],
  [969, 951],
  [969, 951],
  [969, 1366],
  [969, 951],
  [969, 951],
  [969, 951],
  [969, 951],
  [969, 951],
  [969, 951],
  [969, 951],
  [969, 951],
  [969, 951],
  [969, 951],
  [969, 1366],
  [969, 951],
  [969, 951],
  [969, 1366],
  [969, 951],
  [969, 1366],
  [969, 951],
  [969, 951],
  [969, 951],
  [969, 951],
  [969, 951],
  [969, 951],
  [969, 951],
  [969, 951],
  [969, 951],
  [969, 951],
  [969, 951],
  [969, 951],
  [969, 951],
  [969, 951],
  [969, 951],
  [969, 951],
  [969, 951],
  [969, 951],
  [969, 951],
  [969, 951],
  [969, 951],
  [969, 951],
  [969, 951],
  [969, 951],
  [969, 951],
  [969, 951],
  [969, 951],
  [969, 951],
  [969, 951],
  [969, 951],
  [969, 951],
  [969, 951],
  [969, 951],
  [969, 951],
  [969, 951],
  [969, 951],
  [969, 951],
  [969, 951],
  [969, 951],
  [969, 951],
  [969, 951],
  [969, 951],
  [969, 951],
  [969, 951],
  [969, 951],
  [969, 951],
  [977, 1320],
  [977, 1320],
  [977, 1320],
  [977, 1320],
  [977, 968],
  [977, 968],
  [977, 968],
  [977, 968],
  [977, 968],
  [977, 968],
  [977, 968],
  [977, 968],
  [977, 968],
  [977, 968],
  [977, 968],
  [977, 968],
  [977, 968],
  [977, 968],
  [977, 968],
  [977, 968],
  [977, 1366],
  [977, 968],
  [977, 968],
  [977, 968],
  [977, 968],
  [977, 968],
  [977, 968],
  [977, 968],
  [977, 968],
  [977, 968],
  [977, 968],
  [977, 968],
  [977, 1366],
  [977, 968],
  [977, 968],
  [977, 968],
  [977, 1366],
  [977, 968],
  [977, 968],
  [977, 1366],
  [977, 968],
  [977, 968],
  [977, 968],
  [977, 968],
  [977, 968],
  [977, 968],
  [977, 968],
  [977, 968],
  [977, 968],
  [977, 968],
  [977, 968],
  [977, 968],
  [977, 968],
  [977, 968],
  [977, 968],
  [977, 968],
  [977, 968],
  [977, 968],
  [977, 968],
  [977, 968],
  [977, 968],
  [977, 968],
  [977, 968],
  [977, 968],
  [977, 968],
  [977, 968],
  [977, 968],
  [977, 968],
  [977, 968],
  [977, 968],
  [977, 968],
  [977, 968],
  [977, 968],
  [977, 968],
  [977, 968],
  [977, 968],
  [977, 968],
  [977, 968],
  [977, 968],
  [977, 968],
  [977, 968],
  [977, 968],
  [977, 968],
  [977, 968],
  [977, 968],
  [977, 968],
  [1028, 1320],
  [1028, 1320],
  [1028, 1320],
  [1028, 1320],
  [1028, 976],
  [1028, 976],
  [1028, 976],
  [1028, 976],
  [1028, 976],
  [1028, 976],
  [1028, 976],
  [1028, 976],
  [1028, 976],
  [1028, 976],
  [1028, 976],
  [1028, 976],
  [1028, 976],
  [1028, 976],
  [1028, 976],
  [1028, 976],
  [1028, 976],
  [1028, 1366],
  [1028, 976],
  [1028, 976],
  [1028, 976],
  [1028, 976],
  [1028, 976],
  [1028, 976],
  [1028, 976],
  [1028, 976],
  [1028, 976],
  [1028, 976],
  [1028, 976],
  [1028, 976],
  [1028, 1366],
  [1028, 976],
  [1028, 976],
  [1028, 976],
  [1028, 976],
  [1028, 1366],
  [1028, 976],
  [1028, 976],
  [1028, 976],
  [1028, 1366],
  [1028, 976],
  [1028, 976],
  [1028, 976],
  [1028, 976],
  [1028, 976],
  [1028, 976],
  [1028, 976],
  [1028, 976],
  [1028, 976],
  [1028, 976],
  [1028, 976],
  [1028, 976],
  [1028, 976],
  [1028, 976],
  [1028, 976],
  [1028, 976],
  [1028, 976],
  [1028, 976],
  [1028, 976],
  [1028, 976],
  [1028, 976],
  [1028, 976],
  [1028, 976],
  [1028, 976],
  [1028, 976],
  [1028, 976],
  [1028, 976],
  [1028, 976],
  [1028, 976],
  [1028, 976],
  [1028, 976],
  [1028, 976],
  [1028, 976],
  [1028, 976],
  [1028, 976],
  [1028, 976],
  [1028, 976],
  [1028, 976],
  [1028, 976],
  [1028, 976],
  [1028, 976],
  [1028, 976],
  [1028, 976],
  [1028, 976],
  [1028, 976],
  [1028, 976],
  [1045, 1320],
  [1045, 1320],
  [1045, 1320],
  [1045, 1320],
  [1045, 1027],
  [1045, 1027],
  [1045, 1027],
  [1045, 1027],
  [1045, 1027],
  [1045, 1027],
  [1045, 1027],
  [1045, 1027],
  [1045, 1027],
  [1045, 1027],
  [1045, 1027],
  [1045, 1027],
  [1045, 1027],
  [1045, 1027],
  [1045, 1027],
  [1045, 1027],
  [1045, 1027],
  [1045, 1027],
  [1045, 1366],
  [1045, 1027],
  [1045, 1027],
  [1045, 1027],
  [1045, 1027],
  [1045, 1027],
  [1045, 1027],
  [1045, 1027],
  [1045, 1027],
  [1045, 1027],
  [1045, 1027],
  [1045, 1027],
  [1045, 1027],
  [1045, 1027],
  [1045, 1366],
  [1045, 1027],
  [1045, 1027],
  [1045, 1027],
  [1045, 1027],
  [1045, 1027],
  [1045, 1366],
  [1045, 1027],
  [1045, 1027],
  [1045, 1027],
  [1045, 1027],
  [1045, 1366],
  [1045, 1027],
  [1045, 1027],
  [1045, 1027],
  [1045, 1027],
  [1045, 1027],
  [1045, 1027],
  [1045, 1027],
  [1045, 1027],
  [1045, 1027],
  [1045, 1027],
  [1045, 1027],
  [1045, 1027],
  [1045, 1027],
  [1045, 1027],
  [1045, 1027],
  [1045, 1027],
  [1045, 1027],
  [1045, 1027],
  [1045, 1027],
  [1045, 1027],
  [1045, 1027],
  [1045, 1027],
  [1045, 1027],
  [1045, 1027],
  [1045, 1027],
  [1045, 1027],
  [1045, 1027],
  [1045, 1027],
  [1045, 1027],
  [1045, 1027],
  [1045, 1027],
  [1045, 1027],
  [1045, 1027],
  [1045, 1027],
  [1045, 1027],
  [1045, 1027],
  [1045, 1027],
  [1045, 1027],
  [1045, 1027],
  [1045, 1027],
  [1045, 1027],
  [1045, 1027],
  [1045, 1027],
  [1045, 1027],
  [1045, 1027],
  [1045, 1027],
  [1103, 1320],
  [1103, 1320],
  [1103, 1320],
  [1103, 1320],
  [1103, 1044],
  [1103, 1044],
  [1103, 1044],
  [1103, 1044],
  [1103, 1044],
  [1103, 1044],
  [1103, 1044],
  [1103, 1044],
  [1103, 1044],
  [1103, 1044],
  [1103, 1044],
  [1103, 1044],
  [1103, 1044],
  [1103, 1044],
  [1103, 1044],
  [1103, 1044],
  [1103, 1044],
  [1103, 1044],
  [1103, 1044],
  [1103, 1366],
  [1103, 1044],
  [1103, 1044],
  [1103, 1044],
  [1103, 1044],
  [1103, 1044],
  [1103, 1044],
  [1103, 1044],
  [1103, 1044],
  [1103, 1044],
  [1103, 1044],
  [1103, 1044],
  [1103, 1044],
  [1103, 1044],
  [1103, 1044],
  [1103, 1366],
  [1103, 1044],
  [1103, 1044],
  [1103, 1044],
  [1103, 1044],
  [1103, 1044],
  [1103, 1044],
  [1103, 1366],
  [1103, 1044],
  [1103, 1044],
  [1103, 1044],
  [1103, 1044],
  [1103, 1044],
  [1103, 1366],
  [1103, 1044],
  [1103, 1044],
  [1103, 1044],
  [1103, 1044],
  [1103, 1044],
  [1103, 1044],
  [1103, 1044],
  [1103, 1044],
  [1103, 1044],
  [1103, 1044],
  [1103, 1044],
  [1103, 1044],
  [1103, 1044],
  [1103, 1044],
  [1103, 1044],
  [1103, 1044],
  [1103, 1044],
  [1103, 1044],
  [1103, 1044],
  [1103, 1044],
  [1103, 1044],
  [1103, 1044],
  [1103, 1044],
  [1103, 1044],
  [1103, 1044],
  [1103, 1044],
  [1103, 1044],
  [1103, 1044],
  [1103, 1044],
  [1103, 1044],
  [1103, 1044],
  [1103, 1044],
  [1103, 1044],
  [1103, 1044],
  [1103, 1044],
  [1103, 1044],
  [1103, 1044],
  [1103, 1044],
  [1103, 1044],
  [1103, 1044],
  [1103, 1044],
  [1103, 1044],
  [1103, 1044],
  [1103, 1044],
  [1103, 1044],
  [1103, 1044],
  [1153, 1320],
  [1153, 1320],
  [1153, 1320],
  [1153, 1320],
  [1153, 1102],
  [1153, 1102],
  [1153, 1102],
  [1153, 1102],
  [1153, 1102],
  [1153, 1102],
  [1153, 1102],
  [1153, 1102],
  [1153, 1102],
  [1153, 1102],
  [1153, 1102],
  [1153, 1102],
  [1153, 1102],
  [1153, 1102],
  [1153, 1102],
  [1153, 1102],
  [1153, 1102],
  [1153, 1102],
  [1153, 1102],
  [1153, 1102],
  [1153, 1366],
  [1153, 1102],
  [1153, 1102],
  [1153, 1102],
  [1153, 1102],
  [1153, 1102],
  [1153, 1102],
  [1153, 1102],
  [1153, 1102],
  [1153, 1102],
  [1153, 1102],
  [1153, 1102],
  [1153, 1102],
  [1153, 1102],
  [1153, 1102],
  [1153, 1102],
  [1153, 1366],
  [1153, 1102],
  [1153, 1102],
  [1153, 1102],
  [1153, 1102],
  [1153, 1102],
  [1153, 1102],
  [1153, 1102],
  [1153, 1366],
  [1153, 1102],
  [1153, 1102],
  [1153, 1102],
  [1153, 1102],
  [1153, 1102],
  [1153, 1102],
  [1153, 1366],
  [1153, 1102],
  [1153, 1102],
  [1153, 1102],
  [1153, 1102],
  [1153, 1102],
  [1153, 1102],
  [1153, 1102],
  [1153, 1102],
  [1153, 1102],
  [1153, 1102],
  [1153, 1102],
  [1153, 1102],
  [1153, 1102],
  [1153, 1102],
  [1153, 1102],
  [1153, 1102],
  [1153, 1102],
  [1153, 1102],
  [1153, 1102],
  [1153, 1102],
  [1153, 1102],
  [1153, 1102],
  [1153, 1102],
  [1153, 1102],
  [1153, 1102],
  [1153, 1102],
  [1153, 1102],
  [1153, 1102],
  [1153, 1102],
  [1153, 1102],
  [1153, 1102],
  [1153, 1102],
  [1153, 1102],
  [1153, 1102],
  [1153, 1102],
  [1153, 1102],
  [1153, 1102],
  [1153, 1102],
  [1153, 1102],
  [1153, 1102],
  [1153, 1102],
  [1153, 1102],
  [1153, 1102],
  [1153, 1102],
  [1153, 1102],
  [1169, 1320],
  [1169, 1320],
  [1169, 1320],
  [1169, 1320],
  [1169, 1152],
  [1169, 1152],
  [1169, 1152],
  [1169, 1152],
  [1169, 1152],
  [1169, 1152],
  [1169, 1152],
  [1169, 1152],
  [1169, 1152],
  [1169, 1152],
  [1169, 1152],
  [1169, 1152],
  [1169, 1152],
  [1169, 1152],
  [1169, 1152],
  [1169, 1152],
  [1169, 1152],
  [1169, 1152],
  [1169, 1152],
  [1169, 1152],
  [1169, 1152],
  [1169, 1366],
  [1169, 1152],
  [1169, 1152],
  [1169, 1152],
  [1169, 1152],
  [1169, 1152],
  [1169, 1152],
  [1169, 1152],
  [1169, 1152],
  [1169, 1152],
  [1169, 1152],
  [1169, 1152],
  [1169, 1152],
  [1169, 1152],
  [1169, 1152],
  [1169, 1152],
  [1169, 1152],
  [1169, 1366],
  [1169, 1152],
  [1169, 1152],
  [1169, 1152],
  [1169, 1152],
  [1169, 1152],
  [1169, 1152],
  [1169, 1152],
  [1169, 1152],
  [1169, 1366],
  [1169, 1152],
  [1169, 1152],
  [1169, 1152],
  [1169, 1152],
  [1169, 1152],
  [1169, 1152],
  [1169, 1152],
  [1169, 1366],
  [1169, 1152],
  [1169, 1152],
  [1169, 1152],
  [1169, 1152],
  [1169, 1152],
  [1169, 1152],
  [1169, 1152],
  [1169, 1152],
  [1169, 1152],
  [1169, 1152],
  [1169, 1152],
  [1169, 1152],
  [1169, 1152],
  [1169, 1152],
  [1169, 1152],
  [1169, 1152],
  [1169, 1152],
  [1169, 1152],
  [1169, 1152],
  [1169, 1152],
  [1169, 1152],
  [1169, 1152],
  [1169, 1152],
  [1169, 1152],
  [1169, 1152],
  [1169, 1152],
  [1169, 1152],
  [1169, 1152],
  [1169, 1152],
  [1169, 1152],
  [1169, 1152],
  [1169, 1152],
  [1169, 1152],
  [1169, 1152],
  [1169, 1152],
  [1169, 1152],
  [1169, 1152],
  [1169, 1152],
  [1169, 1152],
  [1169, 1152],
  [1169, 1152],
  [1169, 1152],
  [1169, 1152],
  [1169, 1152],
  [1186, 1320],
  [1186, 1320],
  [1186, 1320],
  [1186, 1320],
  [1186, 1168],
  [1186, 1168],
  [1186, 1168],
  [1186, 1168],
  [1186, 1168],
  [1186, 1168],
  [1186, 1168],
  [1186, 1168],
  [1186, 1168],
  [1186, 1168],
  [1186, 1168],
  [1186, 1168],
  [1186, 1168],
  [1186, 1168],
  [1186, 1168],
  [1186, 1168],
  [1186, 1168],
  [1186, 1168],
  [1186, 1168],
  [1186, 1168],
  [1186, 1168],
  [1186, 1168],
  [1186, 1366],
  [1186, 1168],
  [1186, 1168],
  [1186, 1168],
  [1186, 1168],
  [1186, 1168],
  [1186, 1168],
  [1186, 1168],
  [1186, 1168],
  [1186, 1168],
  [1186, 1168],
  [1186, 1168],
  [1186, 1168],
  [1186, 1168],
  [1186, 1168],
  [1186, 1168],
  [1186, 1168],
  [1186, 1168],
  [1186, 1366],
  [1186, 1168],
  [1186, 1168],
  [1186, 1168],
  [1186, 1168],
  [1186, 1168],
  [1186, 1168],
  [1186, 1168],
  [1186, 1168],
  [1186, 1168],
  [1186, 1366],
  [1186, 1168],
  [1186, 1168],
  [1186, 1168],
  [1186, 1168],
  [1186, 1168],
  [1186, 1168],
  [1186, 1168],
  [1186, 1168],
  [1186, 1366],
  [1186, 1168],
  [1186, 1168],
  [1186, 1168],
  [1186, 1168],
  [1186, 1168],
  [1186, 1168],
  [1186, 1168],
  [1186, 1168],
  [1186, 1168],
  [1186, 1168],
  [1186, 1168],
  [1186, 1168],
  [1186, 1168],
  [1186, 1168],
  [1186, 1168],
  [1186, 1168],
  [1186, 1168],
  [1186, 1168],
  [1186, 1168],
  [1186, 1168],
  [1186, 1168],
  [1186, 1168],
  [1186, 1168],
  [1186, 1168],
  [1186, 1168],
  [1186, 1168],
  [1186, 1168],
  [1186, 1168],
  [1186, 1168],
  [1186, 1168],
  [1186, 1168],
  [1186, 1168],
  [1186, 1168],
  [1186, 1168],
  [1186, 1168],
  [1186, 1168],
  [1186, 1168],
  [1186, 1168],
  [1186, 1168],
  [1186, 1168],
  [1186, 1168],
  [1186, 1168],
  [1186, 1168],
  [1186, 1168],
  [1213, 1320],
  [1213, 1320],
  [1213, 1320],
  [1213, 1320],
  [1213, 1185],
  [1213, 1185],
  [1213, 1185],
  [1213, 1185],
  [1213, 1185],
  [1213, 1185],
  [1213, 1185],
  [1213, 1185],
  [1213, 1185],
  [1213, 1185],
  [1213, 1185],
  [1213, 1185],
  [1213, 1185],
  [1213, 1185],
  [1213, 1185],
  [1213, 1185],
  [1213, 1185],
  [1213, 1185],
  [1213, 1185],
  [1213, 1185],
  [1213, 1185],
  [1213, 1185],
  [1213, 1185],
  [1213, 1366],
  [1213, 1185],
  [1213, 1185],
  [1213, 1185],
  [1213, 1185],
  [1213, 1185],
  [1213, 1185],
  [1213, 1185],
  [1213, 1185],
  [1213, 1185],
  [1213, 1185],
  [1213, 1185],
  [1213, 1185],
  [1213, 1185],
  [1213, 1185],
  [1213, 1185],
  [1213, 1185],
  [1213, 1185],
  [1213, 1185],
  [1213, 1366],
  [1213, 1185],
  [1213, 1185],
  [1213, 1185],
  [1213, 1185],
  [1213, 1185],
  [1213, 1185],
  [1213, 1185],
  [1213, 1185],
  [1213, 1185],
  [1213, 1185],
  [1213, 1366],
  [1213, 1185],
  [1213, 1185],
  [1213, 1185],
  [1213, 1185],
  [1213, 1185],
  [1213, 1185],
  [1213, 1185],
  [1213, 1185],
  [1213, 1185],
  [1213, 1366],
  [1213, 1185],
  [1213, 1185],
  [1213, 1185],
  [1213, 1185],
  [1213, 1185],
  [1213, 1185],
  [1213, 1185],
  [1213, 1185],
  [1213, 1185],
  [1213, 1185],
  [1213, 1185],
  [1213, 1185],
  [1213, 1185],
  [1213, 1185],
  [1213, 1185],
  [1213, 1185],
  [1213, 1185],
  [1213, 1185],
  [1213, 1185],
  [1213, 1185],
  [1213, 1185],
  [1213, 1185],
  [1213, 1185],
  [1213, 1185],
  [1213, 1185],
  [1213, 1185],
  [1213, 1185],
  [1213, 1185],
  [1213, 1185],
  [1213, 1185],
  [1213, 1185],
  [1213, 1185],
  [1213, 1185],
  [1213, 1185],
  [1213, 1185],
  [1213, 1185],
  [1213, 1185],
  [1213, 1185],
  [1213, 1185],
  [1213, 1185],
  [1213, 1185],
  [1213, 1185],
  [1213, 1185],
  [1251, 1320],
  [1251, 1320],
  [1251, 1320],
  [1251, 1212],
  [1251, 1212],
  [1251, 1212],
  [1251, 1212],
  [1251, 1212],
  [1251, 1212],
  [1251, 1212],
  [1251, 1212],
  [1251, 1212],
  [1251, 1212],
  [1251, 1212],
  [1251, 1212],
  [1251, 1212],
  [1251, 1212],
  [1251, 1212],
  [1251, 1212],
  [1251, 1212],
  [1251, 1212],
  [1251, 1212],
  [1251, 1212],
  [1251, 1212],
  [1251, 1212],
  [1251, 1212],
  [1251, 1212],
  [1251, 1366],
  [1251, 1212],
  [1251, 1212],
  [1251, 1212],
  [1251, 1212],
  [1251, 1212],
  [1251, 1212],
  [1251, 1212],
  [1251, 1212],
  [1251, 1212],
  [1251, 1212],
  [1251, 1212],
  [1251, 1212],
  [1251, 1212],
  [1251, 1212],
  [1251, 1212],
  [1251, 1212],
  [1251, 1212],
  [1251, 1212],
  [1251, 1212],
  [1251, 1366],
  [1251, 1212],
  [1251, 1212],
  [1251, 1212],
  [1251, 1212],
  [1251, 1212],
  [1251, 1212],
  [1251, 1212],
  [1251, 1212],
  [1251, 1212],
  [1251, 1212],
  [1251, 1212],
  [1251, 1366],
  [1251, 1212],
  [1251, 1212],
  [1251, 1212],
  [1251, 1212],
  [1251, 1212],
  [1251, 1212],
  [1251, 1212],
  [1251, 1212],
  [1251, 1212],
  [1251, 1212],
  [1251, 1366],
  [1251, 1212],
  [1251, 1212],
  [1251, 1212],
  [1251, 1212],
  [1251, 1212],
  [1251, 1212],
  [1251, 1212],
  [1251, 1212],
  [1251, 1212],
  [1251, 1212],
  [1251, 1212],
  [1251, 1212],
  [1251, 1212],
  [1251, 1212],
  [1251, 1212],
  [1251, 1212],
  [1251, 1212],
  [1251, 1212],
  [1251, 1212],
  [1251, 1212],
  [1251, 1212],
  [1251, 1212],
  [1251, 1212],
  [1251, 1212],
  [1251, 1212],
  [1251, 1212],
  [1251, 1212],
  [1251, 1212],
  [1251, 1212],
  [1251, 1212],
  [1251, 1212],
  [1251, 1212],
  [1251, 1212],
  [1251, 1212],
  [1251, 1212],
  [1251, 1212],
  [1251, 1212],
  [1251, 1212],
  [1263, 1320],
  [1263, 1320],
  [1263, 1320],
  [1263, 1250],
  [1263, 1250],
  [1263, 1250],
  [1263, 1250],
  [1263, 1250],
  [1263, 1250],
  [1263, 1250],
  [1263, 1250],
  [1263, 1250],
  [1263, 1250],
  [1263, 1250],
  [1263, 1250],
  [1263, 1250],
  [1263, 1250],
  [1263, 1250],
  [1263, 1250],
  [1263, 1250],
  [1263, 1250],
  [1263, 1250],
  [1263, 1250],
  [1263, 1250],
  [1263, 1250],
  [1263, 1250],
  [1263, 1250],
  [1263, 1250],
  [1263, 1366],
  [1263, 1250],
  [1263, 1250],
  [1263, 1250],
  [1263, 1250],
  [1263, 1250],
  [1263, 1250],
  [1263, 1250],
  [1263, 1250],
  [1263, 1250],
  [1263, 1250],
  [1263, 1250],
  [1263, 1250],
  [1263, 1250],
  [1263, 1250],
  [1263, 1250],
  [1263, 1250],
  [1263, 1250],
  [1263, 1250],
  [1263, 1250],
  [1263, 1250],
  [1263, 1366],
  [1263, 1250],
  [1263, 1250],
  [1263, 1250],
  [1263, 1250],
  [1263, 1250],
  [1263, 1250],
  [1263, 1250],
  [1263, 1250],
  [1263, 1250],
  [1263, 1250],
  [1263, 1250],
  [1263, 1250],
  [1263, 1250],
  [1263, 1250],
  [1263, 1250],
  [1263, 1250],
  [1263, 1250],
  [1263, 1250],
  [1263, 1250],
  [1263, 1250],
  [1263, 1250],
  [1263, 1250],
  [1263, 1250],
  [1263, 1366],
  [1263, 1250],
  [1263, 1250],
  [1263, 1250],
  [1263, 1250],
  [1263, 1250],
  [1263, 1250],
  [1263, 1250],
  [1263, 1250],
  [1263, 1250],
  [1263, 1250],
  [1263, 1250],
  [1263, 1250],
  [1263, 1250],
  [1263, 1250],
  [1263, 1250],
  [1263, 1250],
  [1263, 1250],
  [1263, 1250],
  [1263, 1250],
  [1263, 1250],
  [1263, 1250],
  [1263, 1250],
  [1263, 1250],
  [1263, 1250],
  [1263, 1250],
  [1263, 1250],
  [1263, 1250],
  [1263, 1250],
  [1263, 1250],
  [1263, 1250],
  [1263, 1250],
  [1263, 1250],
  [1263, 1250],
  [1263, 1250],
  [1263, 1250],
  [1263, 1250],
  [1263, 1250],
  [1263, 1250],
  [1321, 1366],
  [1321, 1366],
  [1321, 1366],
  [1321, 1262],
  [1321, 1262],
  [1321, 1262],
  [1321, 1262],
  [1321, 1262],
  [1321, 1262],
  [1321, 1262],
  [1321, 1262],
  [1321, 1262],
  [1321, 1262],
  [1321, 1262],
  [1321, 1262],
  [1321, 1262],
  [1321, 1262],
  [1321, 1262],
  [1321, 1262],
  [1321, 1262],
  [1321, 1262],
  [1321, 1262],
  [1321, 1262],
  [1321, 1262],
  [1321, 1262],
  [1321, 1262],
  [1321, 1262],
  [1321, 1262],
  [1321, 1262],
  [1321, 1366],
  [1321, 1262],
  [1321, 1262],
  [1321, 1262],
  [1321, 1262],
  [1321, 1262],
  [1321, 1262],
  [1321, 1262],
  [1321, 1262],
  [1321, 1262],
  [1321, 1262],
  [1321, 1262],
  [1321, 1262],
  [1321, 1262],
  [1321, 1262],
  [1321, 1262],
  [1321, 1262],
  [1321, 1262],
  [1321, 1262],
  [1321, 1262],
  [1321, 1262],
  [1321, 1262],
  [1321, 1366],
  [1321, 1262],
  [1321, 1262],
  [1321, 1262],
  [1321, 1262],
  [1321, 1262],
  [1321, 1262],
  [1321, 1262],
  [1321, 1262],
  [1321, 1262],
  [1321, 1262],
  [1321, 1262],
  [1321, 1262],
  [1321, 1262],
  [1321, 1262],
  [1321, 1262],
  [1321, 1262],
  [1321, 1262],
  [1321, 1262],
  [1321, 1262],
  [1321, 1262],
  [1321, 1262],
  [1321, 1262],
  [1321, 1262],
  [1321, 1262],
  [1321, 1366],
  [1321, 1262],
  [1321, 1262],
  [1321, 1262],
  [1321, 1262],
  [1321, 1262],
  [1321, 1262],
  [1321, 1262],
  [1321, 1262],
  [1321, 1262],
  [1321, 1262],
  [1321, 1262],
  [1321, 1262],
  [1321, 1262],
  [1321, 1262],
  [1321, 1262],
  [1321, 1262],
  [1321, 1262],
  [1321, 1262],
  [1321, 1262],
  [1321, 1262],
  [1321, 1262],
  [1321, 1262],
  [1321, 1262],
  [1321, 1262],
  [1321, 1262],
  [1321, 1262],
  [1321, 1262],
  [1321, 1262],
  [1321, 1262],
  [1321, 1262],
  [1321, 1262],
  [1321, 1262],
  [1321, 1262],
  [1321, 1262],
  [1321, 1262],
  [1367, 1651],
  [1367, 1651],
  [1367, 1320],
  [1367, 1320],
  [1367, 1320],
  [1367, 1320],
  [1367, 1320],
  [1367, 1320],
  [1367, 1320],
  [1367, 1320],
  [1367, 1320],
  [1367, 1320],
  [1367, 1320],
  [1367, 1320],
  [1367, 1320],
  [1367, 1320],
  [1367, 1320],
  [1367, 1320],
  [1367, 1320],
  [1367, 1320],
  [1367, 1320],
  [1367, 1320],
  [1367, 1320],
  [1367, 1320],
  [1367, 1320],
  [1367, 1320],
  [1367, 1320],
  [1367, 1320],
  [1367, 1320],
  [1367, 1320],
  [1367, 1320],
  [1367, 1320],
  [1367, 1320],
  [1367, 1320],
  [1369, 830],
  [1369, 830],
  [1369, 1604],
  [1369, 830],
  [1369, 830],
  [1369, 830],
  [1369, 830],
  [1369, 830],
  [1369, 830],
  [1369, 830],
  [1369, 830],
  [1369, 830],
  [1369, 830],
  [1369, 830],
  [1369, 812],
  [1369, 830],
  [1369, 941],
  [1369, 951],
  [1369, 968],
  [1369, 976],
  [1369, 1404],
  [1369, 1404],
  [1369, 1455],
  [1369, 1519],
  [1369, 1535],
  [1369, 1555],
  [1369, 1555],
  [1369, 1604],
  [1369, 1604],
  [1369, 830],
  [1369, 830],
  [1369, 830],
  [1369, 830],
  [1369, 830],
  [1369, 830],
  [1369, 830],
  [1369, 830],
  [1369, 812],
  [1369, 830],
  [1369, 941],
  [1369, 951],
  [1369, 968],
  [1369, 976],
  [1369, 1404],
  [1369, 1404],
  [1369, 1455],
  [1369, 1519],
  [1369, 1535],
  [1369, 1555],
  [1369, 1555],
  [1369, 1604],
  [1369, 1604],
  [1369, 812],
  [1369, 830],
  [1369, 941],
  [1369, 951],
  [1369, 968],
  [1369, 976],
  [1369, 1404],
  [1369, 1404],
  [1369, 1455],
  [1369, 1519],
  [1369, 1535],
  [1369, 1555],
  [1369, 777],
  [1369, 941],
  [1369, 951],
  [1369, 968],
  [1369, 976],
  [1369, 1404],
  [1369, 1404],
  [1369, 1455],
  [1369, 1519],
  [1369, 1535],
  [1369, 1555],
  [1369, 1555],
  [1369, 1604],
  [1369, 1604],
  [1405, 1651],
  [1405, 1651],
  [1405, 1320],
  [1405, 1320],
  [1405, 1366],
  [1405, 1366],
  [1405, 1366],
  [1405, 1651],
  [1405, 1366],
  [1405, 1366],
  [1405, 1366],
  [1405, 1366],
  [1405, 1366],
  [1405, 1366],
  [1405, 1366],
  [1405, 1366],
  [1405, 1366],
  [1405, 1366],
  [1405, 1366],
  [1405, 1366],
  [1405, 1366],
  [1405, 1366],
  [1405, 1366],
  [1405, 1366],
  [1405, 1366],
  [1405, 1027],
  [1405, 1044],
  [1405, 1102],
  [1405, 1152],
  [1405, 1168],
  [1405, 1185],
  [1405, 1212],
  [1405, 1250],
  [1405, 1262],
  [1405, 1366],
  [1405, 1366],
  [1405, 1366],
  [1405, 1366],
  [1405, 1366],
  [1405, 1366],
  [1405, 1366],
  [1405, 1366],
  [1405, 1366],
  [1405, 1366],
  [1405, 1366],
  [1405, 1366],
  [1405, 1027],
  [1405, 1044],
  [1405, 1102],
  [1405, 1152],
  [1405, 1168],
  [1405, 1185],
  [1405, 1212],
  [1405, 1250],
  [1405, 1262],
  [1405, 1027],
  [1405, 1044],
  [1405, 1102],
  [1405, 1152],
  [1405, 1168],
  [1405, 1185],
  [1405, 1027],
  [1405, 1044],
  [1405, 1102],
  [1405, 1152],
  [1405, 1168],
  [1405, 1185],
  [1405, 1212],
  [1405, 1250],
  [1405, 1262],
  [1456, 1651],
  [1456, 1651],
  [1456, 1404],
  [1456, 1366],
  [1456, 1404],
  [1456, 1366],
  [1456, 1404],
  [1456, 1404],
  [1456, 1404],
  [1456, 1404],
  [1456, 1404],
  [1456, 1404],
  [1456, 1404],
  [1456, 1404],
  [1456, 1404],
  [1456, 1404],
  [1456, 1404],
  [1456, 1404],
  [1456, 1404],
  [1456, 1404],
  [1456, 1404],
  [1456, 1404],
  [1456, 1404],
  [1456, 1404],
  [1456, 1404],
  [1456, 1404],
  [1456, 1404],
  [1456, 1404],
  [1456, 1404],
  [1456, 1404],
  [1456, 1404],
  [1456, 1404],
  [1456, 1404],
  [1456, 1404],
  [1456, 1404],
  [1456, 1404],
  [1456, 1404],
  [1456, 1404],
  [1456, 1404],
  [1456, 1404],
  [1456, 1404],
  [1456, 1404],
  [1456, 1404],
  [1456, 1404],
  [1456, 1404],
  [1456, 1404],
  [1456, 1404],
  [1456, 1404],
  [1456, 1404],
  [1456, 1404],
  [1456, 1404],
  [1456, 1404],
  [1456, 1404],
  [1456, 1404],
  [1456, 1404],
  [1456, 1404],
  [1456, 1404],
  [1456, 1404],
  [1456, 1404],
  [1456, 1404],
  [1456, 1404],
  [1456, 1404],
  [1520, 1651],
  [1520, 1651],
  [1520, 1455],
  [1520, 1455],
  [1520, 1404],
  [1520, 1455],
  [1520, 1455],
  [1520, 1404],
  [1520, 1455],
  [1520, 1455],
  [1520, 1455],
  [1520, 1455],
  [1520, 1455],
  [1520, 1455],
  [1520, 1455],
  [1520, 1455],
  [1520, 1455],
  [1520, 1455],
  [1520, 1455],
  [1520, 1455],
  [1520, 1455],
  [1520, 1455],
  [1520, 1455],
  [1520, 1455],
  [1520, 1455],
  [1520, 1455],
  [1520, 1455],
  [1520, 1455],
  [1520, 1455],
  [1520, 1455],
  [1520, 1455],
  [1520, 1455],
  [1520, 1455],
  [1520, 1455],
  [1520, 1455],
  [1520, 1455],
  [1520, 1455],
  [1520, 1455],
  [1520, 1455],
  [1520, 1455],
  [1520, 1455],
  [1520, 1455],
  [1520, 1455],
  [1520, 1455],
  [1520, 1455],
  [1520, 1455],
  [1520, 1455],
  [1520, 1455],
  [1520, 1455],
  [1520, 1455],
  [1520, 1455],
  [1520, 1455],
  [1520, 1455],
  [1520, 1455],
  [1520, 1455],
  [1520, 1455],
  [1520, 1455],
  [1520, 1455],
  [1520, 1455],
  [1520, 1455],
  [1536, 1711],
  [1536, 1711],
  [1536, 1519],
  [1536, 1519],
  [1536, 1519],
  [1536, 1455],
  [1536, 1519],
  [1536, 1519],
  [1536, 1519],
  [1536, 1455],
  [1536, 1519],
  [1536, 1519],
  [1536, 1519],
  [1536, 1519],
  [1536, 1519],
  [1536, 1519],
  [1536, 1519],
  [1536, 1519],
  [1536, 1519],
  [1536, 1519],
  [1536, 1519],
  [1536, 1519],
  [1536, 1519],
  [1536, 1519],
  [1536, 1519],
  [1536, 1519],
  [1536, 1519],
  [1536, 1519],
  [1536, 1519],
  [1536, 1519],
  [1536, 1519],
  [1536, 1519],
  [1536, 1519],
  [1536, 1519],
  [1536, 1519],
  [1536, 1519],
  [1536, 1519],
  [1536, 1519],
  [1536, 1519],
  [1536, 1519],
  [1536, 1519],
  [1536, 1519],
  [1536, 1519],
  [1536, 1519],
  [1536, 1519],
  [1536, 1519],
  [1536, 1519],
  [1536, 1519],
  [1536, 1519],
  [1536, 1519],
  [1536, 1519],
  [1536, 1519],
  [1536, 1519],
  [1536, 1519],
  [1536, 1519],
  [1536, 1519],
  [1536, 1519],
  [1536, 1519],
  [1556, 1711],
  [1556, 1711],
  [1556, 1535],
  [1556, 1535],
  [1556, 1535],
  [1556, 1535],
  [1556, 1519],
  [1556, 1535],
  [1556, 1535],
  [1556, 1535],
  [1556, 1535],
  [1556, 1519],
  [1556, 1535],
  [1556, 1535],
  [1556, 1535],
  [1556, 1535],
  [1556, 1535],
  [1556, 1535],
  [1556, 1535],
  [1556, 1535],
  [1556, 1535],
  [1556, 1535],
  [1556, 1535],
  [1556, 1535],
  [1556, 1535],
  [1556, 1535],
  [1556, 1535],
  [1556, 1535],
  [1556, 1535],
  [1556, 1535],
  [1556, 1535],
  [1556, 1535],
  [1556, 1535],
  [1556, 1535],
  [1556, 1535],
  [1556, 1535],
  [1556, 1535],
  [1556, 1535],
  [1556, 1535],
  [1556, 1535],
  [1556, 1535],
  [1556, 1535],
  [1556, 1535],
  [1556, 1535],
  [1556, 1535],
  [1556, 1535],
  [1556, 1535],
  [1556, 1535],
  [1556, 1535],
  [1556, 1535],
  [1556, 1535],
  [1556, 1535],
  [1556, 1535],
  [1556, 1535],
  [1605, 1651],
  [1605, 1651],
  [1605, 1555],
  [1605, 1555],
  [1605, 1555],
  [1605, 1555],
  [1605, 1555],
  [1605, 1535],
  [1605, 1555],
  [1605, 1555],
  [1605, 1555],
  [1605, 1555],
  [1605, 1555],
  [1605, 1535],
  [1605, 1555],
  [1605, 1555],
  [1605, 1555],
  [1605, 1555],
  [1605, 1555],
  [1605, 1555],
  [1605, 1555],
  [1605, 1555],
  [1605, 1555],
  [1605, 1555],
  [1605, 1555],
  [1605, 1555],
  [1605, 1555],
  [1605, 1555],
  [1605, 1555],
  [1605, 1555],
  [1605, 1555],
  [1605, 1555],
  [1605, 1555],
  [1605, 1555],
  [1605, 1555],
  [1605, 1555],
  [1605, 1555],
  [1605, 1555],
  [1605, 1555],
  [1605, 1555],
  [1605, 1555],
  [1605, 1555],
  [1605, 1555],
  [1605, 1555],
  [1605, 1555],
  [1605, 1555],
  [1605, 1555],
  [1605, 1555],
  [1605, 1555],
  [1652, 1604],
  [1652, 1604],
  [1652, 1604],
  [1652, 1604],
  [1652, 1604],
  [1652, 1604],
  [1652, 1604],
  [1652, 1604],
  [1652, 1555],
  [1652, 1604],
  [1652, 1604],
  [1652, 1604],
  [1652, 1604],
  [1652, 1604],
  [1652, 1604],
  [1652, 1555],
  [1652, 1604],
  [1652, 1604],
  [1652, 1604],
  [1652, 1604],
  [1652, 1604],
  [1652, 1604],
  [1652, 1604],
  [1652, 1604],
  [1652, 1604],
  [1652, 1604],
  [1652, 1604],
  [1652, 1604],
  [1652, 1604],
  [1652, 1604],
  [1652, 1604],
  [1652, 1604],
  [1652, 1604],
  [1652, 1604],
  [1652, 1604],
  [1652, 1604],
  [1652, 1604],
  [1652, 1604],
  [1712, 1651],
  [1712, 1651],
  [1712, 1651],
  [1712, 1651],
  [1712, 1651],
  [1712, 1651],
]
[
  [0, 777],
  [125, 777],
  [125, 777],
  [145, 830],
  [145, 1366],
  [145, 777],
  [179, 830],
  [179, 1366],
  [179, 1366],
  [179, 830],
  [255, 830],
  [255, 1366],
  [255, 1366],
  [255, 1366],
  [255, 830],
  [256, 830],
  [256, 830],
  [256, 830],
  [256, 1366],
  [256, 1366],
  [256, 812],
  [256, 812],
  [256, 1320],
  [256, 1320],
  [256, 830],
  [256, 124],
  [256, 144],
  [256, 830],
  [256, 144],
  [256, 1366],
  [335, 830],
  [335, 830],
  [335, 1366],
  [335, 830],
  [335, 1366],
  [335, 1366],
  [335, 1366],
  [335, 830],
  [335, 830],
  [335, 830],
  [335, 1366],
  [335, 1366],
  [384, 830],
  [384, 830],
  [384, 1366],
  [384, 1366],
  [384, 1366],
  [384, 1366],
  [384, 1366],
  [384, 1366],
  [384, 830],
  [384, 830],
  [384, 1366],
  [384, 1366],
  [384, 1366],
  [384, 1366],
  [452, 830],
  [452, 830],
  [452, 1366],
  [452, 1366],
  [452, 1366],
  [452, 1366],
  [452, 1366],
  [452, 1366],
  [452, 1366],
  [452, 830],
  [452, 1366],
  [452, 830],
  [452, 1366],
  [452, 1366],
  [452, 1366],
  [452, 1366],
  [568, 830],
  [568, 830],
  [568, 1366],
  [568, 1366],
  [568, 1366],
  [568, 1366],
  [568, 1366],
  [568, 1366],
  [568, 1366],
  [568, 1366],
  [568, 830],
  [568, 1366],
  [568, 1366],
  [568, 830],
  [568, 1366],
  [568, 1366],
  [568, 1366],
  [568, 1366],
  [667, 830],
  [667, 830],
  [667, 1366],
  [667, 1366],
  [667, 1366],
  [667, 1366],
  [667, 1366],
  [667, 1366],
  [667, 1366],
  [667, 1366],
  [667, 1366],
  [667, 830],
  [667, 1366],
  [667, 1366],
  [667, 1366],
  [667, 830],
  [667, 1366],
  [667, 1366],
  [667, 1366],
  [667, 1366],
  [711, 830],
  [711, 830],
  [711, 1366],
  [711, 1366],
  [711, 1366],
  [711, 1366],
  [711, 1366],
  [711, 1366],
  [711, 1366],
  [711, 1366],
  [711, 1366],
  [711, 1366],
  [711, 830],
  [711, 1366],
  [711, 1366],
  [711, 1366],
  [711, 1366],
  [711, 830],
  [711, 1366],
  [711, 1366],
  [711, 1366],
  [711, 1366],
  [778, 830],
  [778, 830],
  [778, 1366],
  [778, 1366],
  [778, 1366],
  [778, 1366],
  [778, 1366],
  [778, 1366],
  [778, 1366],
  [778, 1366],
  [778, 1366],
  [778, 1366],
  [778, 1366],
  [778, 830],
  [778, 1366],
  [778, 1366],
  [778, 1366],
  [778, 1366],
  [778, 1366],
  [778, 830],
  [778, 1366],
  [778, 1366],
  [778, 1366],
  [778, 1366],
  [779, 812],
  [779, 830],
  [779, 1366],
  [779, 830],
  [779, 830],
  [779, 830],
  [779, 830],
  [779, 830],
  [779, 830],
  [779, 830],
  [779, 1366],
  [779, 1366],
  [779, 1366],
  [779, 1366],
  [779, 830],
  [779, 830],
  [779, 1366],
  [779, 1366],
  [779, 1366],
  [779, 254],
  [779, 1320],
  [779, 254],
  [779, 254],
  [779, 254],
  [779, 1320],
  [779, 1320],
  [779, 1320],
  [779, 1320],
  [779, 1320],
  [779, 1320],
  [779, 1320],
  [779, 1320],
  [779, 1320],
  [779, 1320],
  [779, 1320],
  [779, 1320],
  [779, 1320],
  [779, 1262],
  [779, 1320],
  [779, 1604],
  [779, 1604],
  [779, 254],
  [779, 254],
  [779, 254],
  [779, 178],
  [779, 254],
  [779, 334],
  [779, 383],
  [779, 451],
  [779, 567],
  [779, 666],
  [779, 1366],
  [779, 334],
  [779, 383],
  [779, 451],
  [779, 567],
  [779, 666],
  [779, 254],
  [779, 254],
  [779, 178],
  [779, 254],
  [779, 334],
  [779, 383],
  [779, 451],
  [779, 567],
  [779, 666],
  [779, 254],
  [779, 178],
  [779, 254],
  [779, 334],
  [779, 383],
  [779, 451],
  [779, 567],
  [779, 666],
  [779, 1366],
  [779, 254],
  [779, 334],
  [779, 383],
  [779, 451],
  [779, 567],
  [779, 666],
  [779, 1366],
  [779, 334],
  [779, 383],
  [779, 451],
  [779, 567],
  [779, 666],
  [779, 1366],
  [779, 383],
  [779, 451],
  [779, 567],
  [779, 666],
  [779, 1366],
  [779, 451],
  [779, 567],
  [779, 666],
  [779, 1366],
  [779, 567],
  [779, 666],
  [779, 1366],
  [779, 666],
  [779, 1366],
  [779, 1366],
  [779, 383],
  [779, 451],
  [779, 567],
  [779, 666],
  [779, 1366],
  [779, 451],
  [779, 567],
  [779, 666],
  [779, 1366],
  [779, 567],
  [779, 666],
  [779, 1366],
  [779, 666],
  [779, 1366],
  [779, 1320],
  [779, 334],
  [779, 383],
  [779, 451],
  [779, 567],
  [779, 666],
  [779, 1366],
  [779, 334],
  [779, 383],
  [779, 451],
  [779, 567],
  [779, 666],
  [779, 124],
  [779, 334],
  [779, 383],
  [779, 451],
  [779, 567],
  [779, 666],
  [779, 144],
  [779, 334],
  [779, 383],
  [779, 451],
  [779, 567],
  [779, 666],
  [813, 830],
  [813, 830],
  [813, 830],
  [813, 1366],
  [813, 1366],
  [813, 830],
  [813, 1366],
  [813, 1366],
  [813, 1366],
  [813, 1366],
  [813, 1366],
  [813, 1366],
  [813, 1366],
  [813, 1366],
  [813, 1366],
  [813, 1366],
  [813, 830],
  [813, 1366],
  [813, 1366],
  [813, 1366],
  [813, 1366],
  [813, 1366],
  [813, 1366],
  [813, 830],
  [813, 1366],
  [813, 830],
  [813, 1366],
  [813, 1366],
  [813, 830],
  [813, 1366],
  [813, 830],
  [813, 1366],
  [813, 830],
  [813, 830],
  [813, 830],
  [813, 830],
  [813, 830],
  [813, 1366],
  [813, 1366],
  [813, 1366],
  [813, 1366],
  [813, 830],
  [813, 830],
  [813, 1366],
  [813, 1366],
  [813, 1366],
  [831, 1320],
  [831, 1320],
  [831, 1320],
  [831, 1366],
  [831, 1366],
  [831, 1366],
  [831, 1366],
  [831, 1366],
  [831, 1366],
  [831, 1366],
  [831, 1366],
  [831, 1366],
  [831, 1366],
  [831, 1366],
  [831, 1366],
  [831, 1366],
  [831, 1366],
  [831, 1366],
  [831, 1366],
  [831, 1366],
  [831, 1366],
  [831, 1366],
  [831, 1366],
  [831, 1366],
  [831, 1366],
  [831, 1366],
  [831, 1366],
  [831, 1366],
  [831, 1366],
  [831, 1366],
  [831, 1366],
  [831, 1366],
  [831, 1366],
  [831, 1366],
  [831, 1366],
  [831, 1366],
  [831, 1366],
  [831, 1366],
  [831, 1366],
  [831, 1366],
  [831, 1366],
  [831, 1366],
  [831, 1366],
  [831, 1366],
  [831, 1366],
  [847, 1320],
  [847, 1366],
  [847, 1366],
  [847, 1185],
  [847, 1366],
  [847, 1366],
  [847, 1366],
  [847, 1366],
  [847, 1366],
  [847, 1366],
  [847, 1366],
  [847, 1366],
  [847, 1366],
  [847, 1366],
  [847, 1366],
  [847, 1366],
  [847, 1366],
  [847, 1366],
  [847, 1366],
  [847, 1366],
  [847, 1366],
  [847, 1366],
  [847, 1366],
  [847, 1366],
  [847, 1152],
  [847, 777],
  [847, 777],
  [847, 777],
  [847, 777],
  [847, 777],
  [847, 777],
  [847, 777],
  [847, 777],
  [847, 777],
  [847, 777],
  [847, 1320],
  [847, 1320],
  [847, 777],
  [847, 777],
  [847, 777],
  [847, 777],
  [847, 777],
  [847, 777],
  [847, 1320],
  [847, 1320],
  [847, 777],
  [847, 1212],
  [847, 1651],
  [847, 777],
  [847, 1212],
  [847, 777],
  [847, 1212],
  [847, 777],
  [847, 1212],
  [847, 1102],
  [847, 1212],
  [847, 1262],
  [847, 1320],
  [847, 1404],
  [847, 1535],
  [847, 1604],
  [847, 1711],
  [847, 1262],
  [847, 1320],
  [847, 1404],
  [847, 1535],
  [847, 1604],
  [847, 777],
  [847, 777],
  [847, 777],
  [847, 777],
  [847, 777],
  [847, 777],
  [847, 777],
  [847, 777],
  [847, 777],
  [847, 710],
  [847, 777],
  [847, 777],
  [847, 777],
  [847, 777],
  [847, 777],
  [847, 777],
  [847, 777],
  [847, 710],
  [847, 777],
  [847, 777],
  [847, 777],
  [847, 777],
  [847, 777],
  [847, 777],
  [847, 777],
  [847, 777],
  [847, 777],
  [847, 710],
  [847, 777],
  [847, 777],
  [847, 777],
  [847, 777],
  [847, 777],
  [847, 777],
  [847, 777],
  [847, 777],
  [847, 777],
  [847, 710],
  [847, 777],
  [847, 777],
  [847, 777],
  [847, 777],
  [847, 777],
  [847, 777],
  [847, 777],
  [847, 777],
  [847, 710],
  [847, 777],
  [847, 777],
  [847, 777],
  [847, 777],
  [847, 777],
  [847, 777],
  [847, 777],
  [847, 710],
  [847, 777],
  [847, 777],
  [847, 777],
  [847, 777],
  [847, 777],
  [847, 777],
  [847, 710],
  [847, 777],
  [847, 777],
  [847, 777],
  [847, 777],
  [847, 777],
  [847, 710],
  [847, 777],
  [847, 777],
  [847, 777],
  [847, 777],
  [847, 710],
  [847, 777],
  [847, 777],
  [847, 777],
  [847, 710],
  [847, 777],
  [847, 777],
  [847, 710],
  [847, 777],
  [847, 1366],
  [847, 777],
  [847, 1366],
  [847, 777],
  [847, 777],
  [847, 777],
  [847, 777],
  [847, 777],
  [847, 710],
  [847, 777],
  [847, 777],
  [847, 777],
  [847, 777],
  [847, 777],
  [847, 710],
  [847, 777],
  [847, 777],
  [847, 777],
  [847, 777],
  [847, 710],
  [847, 777],
  [847, 777],
  [847, 777],
  [847, 710],
  [847, 777],
  [847, 777],
  [847, 710],
  [847, 777],
  [847, 1366],
  [847, 777],
  [847, 1366],
  [847, 777],
  [847, 777],
  [847, 777],
  [847, 777],
  [847, 777],
  [847, 777],
  [847, 710],
  [847, 777],
  [847, 254],
  [847, 1711],
  [847, 777],
  [847, 777],
  [847, 777],
  [847, 777],
  [847, 777],
  [847, 777],
  [847, 710],
  [847, 777],
  [847, 254],
  [847, 777],
  [847, 777],
  [847, 777],
  [847, 777],
  [847, 777],
  [847, 777],
  [847, 710],
  [847, 777],
  [847, 254],
  [847, 777],
  [847, 777],
  [847, 777],
  [847, 777],
  [847, 777],
  [847, 777],
  [847, 710],
  [847, 777],
  [847, 254],
  [847, 178],
  [847, 254],
  [847, 334],
  [847, 383],
  [847, 451],
  [847, 567],
  [847, 666],
  [847, 1750],
  [847, 334],
  [847, 383],
  [847, 451],
  [847, 567],
  [847, 666],
  [942, 1320],
  [942, 1320],
  [942, 1320],
  [942, 1320],
  [942, 1366],
  [942, 1366],
  [942, 1366],
  [942, 1366],
  [942, 1366],
  [942, 1366],
  [942, 1366],
  [942, 1366],
  [942, 1366],
  [942, 1366],
  [942, 1366],
  [942, 1366],
  [942, 1366],
  [942, 1366],
  [942, 1366],
  [942, 1366],
  [942, 1366],
  [942, 1366],
  [942, 1366],
  [942, 1366],
  [942, 1366],
  [942, 1366],
  [942, 1366],
  [942, 1366],
  [942, 1366],
  [942, 1366],
  [942, 1366],
  [942, 1366],
  [942, 1366],
  [942, 1212],
  [942, 1366],
  [942, 1366],
  [942, 1366],
  [942, 1366],
  [942, 1366],
  [942, 1366],
  [942, 1366],
  [942, 1366],
  [942, 1366],
  [942, 1366],
  [942, 1366],
  [942, 1366],
  [942, 1366],
  [942, 1366],
  [942, 1366],
  [942, 1366],
  [942, 1366],
  [942, 1366],
  [942, 1366],
  [942, 1366],
  [942, 1366],
  [942, 1366],
  [942, 1366],
  [942, 1366],
  [942, 1366],
  [942, 1366],
  [942, 1366],
  [942, 1366],
  [942, 1366],
  [942, 1366],
  [942, 1366],
  [942, 1366],
  [942, 1366],
  [942, 1366],
  [942, 1366],
  [942, 1366],
  [942, 1366],
  [942, 1366],
  [942, 1366],
  [942, 254],
  [952, 1320],
  [952, 1320],
  [952, 1320],
  [952, 1320],
  [952, 1366],
  [952, 1366],
  [952, 1366],
  [952, 1366],
  [952, 1366],
  [952, 1366],
  [952, 1366],
  [952, 1366],
  [952, 1366],
  [952, 1366],
  [952, 1366],
  [952, 1366],
  [952, 1366],
  [952, 1366],
  [952, 1366],
  [952, 1366],
  [952, 1366],
  [952, 1366],
  [952, 1366],
  [952, 1366],
  [952, 1366],
  [952, 1366],
  [952, 1366],
  [952, 1366],
  [952, 1366],
  [952, 1366],
  [952, 1366],
  [952, 1366],
  [952, 1366],
  [952, 1366],
  [952, 1366],
  [952, 1366],
  [952, 1366],
  [952, 1366],
  [952, 1366],
  [952, 1366],
  [952, 1366],
  [952, 1366],
  [952, 1366],
  [952, 1366],
  [952, 1366],
  [952, 1366],
  [952, 1366],
  [952, 1366],
  [952, 1366],
  [952, 1366],
  [952, 1366],
  [952, 1366],
  [952, 1366],
  [952, 1366],
  [952, 1366],
  [952, 1366],
  [952, 1366],
  [952, 1366],
  [952, 1366],
  [952, 1366],
  [952, 1366],
  [952, 1366],
  [952, 1366],
  [952, 1366],
  [952, 1366],
  [952, 1366],
  [952, 1366],
  [952, 1366],
  [952, 1366],
  [952, 1366],
  [952, 1366],
  [952, 1366],
  [952, 1366],
  [952, 1366],
  [952, 1366],
  [952, 1366],
  [952, 1366],
  [952, 1366],
  [969, 1320],
  [969, 1320],
  [969, 1320],
  [969, 1320],
  [969, 1366],
  [969, 1366],
  [969, 1366],
  [969, 1366],
  [969, 1366],
  [969, 1366],
  [969, 1366],
  [969, 1366],
  [969, 1366],
  [969, 1366],
  [969, 1366],
  [969, 1366],
  [969, 1366],
  [969, 1366],
  [969, 1366],
  [969, 1366],
  [969, 1366],
  [969, 1366],
  [969, 1366],
  [969, 1366],
  [969, 1366],
  [969, 1366],
  [969, 1366],
  [969, 1366],
  [969, 1366],
  [969, 1366],
  [969, 1366],
  [969, 1366],
  [969, 1366],
  [969, 1366],
  [969, 1366],
  [969, 1366],
  [969, 1366],
  [969, 1366],
  [969, 1366],
  [969, 1366],
  [969, 1366],
  [969, 1366],
  [969, 1366],
  [969, 1366],
  [969, 1366],
  [969, 1366],
  [969, 1366],
  [969, 1366],
  [969, 1366],
  [969, 1366],
  [969, 1366],
  [969, 1366],
  [969, 1366],
  [969, 1366],
  [969, 1366],
  [969, 1366],
  [969, 1366],
  [969, 1366],
  [969, 1366],
  [969, 1366],
  [969, 1366],
  [969, 1366],
  [969, 1366],
  [969, 1366],
  [969, 1366],
  [969, 1366],
  [969, 1366],
  [969, 1366],
  [969, 1366],
  [969, 1366],
  [969, 1366],
  [969, 1366],
  [969, 1366],
  [969, 1366],
  [969, 1366],
  [969, 1366],
  [969, 1366],
  [969, 1366],
  [969, 1366],
  [969, 1366],
  [969, 1366],
  [969, 1366],
  [977, 1320],
  [977, 1320],
  [977, 1320],
  [977, 1320],
  [977, 1366],
  [977, 1366],
  [977, 1366],
  [977, 1366],
  [977, 1366],
  [977, 1366],
  [977, 1366],
  [977, 1366],
  [977, 1366],
  [977, 1366],
  [977, 1366],
  [977, 1366],
  [977, 1366],
  [977, 1366],
  [977, 1366],
  [977, 1366],
  [977, 1366],
  [977, 1366],
  [977, 1366],
  [977, 1366],
  [977, 1366],
  [977, 1366],
  [977, 1366],
  [977, 1366],
  [977, 1366],
  [977, 1366],
  [977, 1366],
  [977, 1366],
  [977, 1366],
  [977, 1366],
  [977, 1366],
  [977, 1366],
  [977, 1366],
  [977, 1366],
  [977, 1366],
  [977, 1366],
  [977, 1366],
  [977, 1366],
  [977, 1366],
  [977, 1366],
  [977, 1366],
  [977, 1366],
  [977, 1366],
  [977, 1366],
  [977, 1366],
  [977, 1366],
  [977, 1366],
  [977, 1366],
  [977, 1366],
  [977, 1366],
  [977, 1366],
  [977, 1366],
  [977, 1366],
  [977, 1366],
  [977, 1366],
  [977, 1366],
  [977, 1366],
  [977, 1366],
  [977, 1366],
  [977, 1366],
  [977, 1366],
  [977, 1366],
  [977, 1366],
  [977, 1366],
  [977, 1366],
  [977, 1366],
  [977, 1366],
  [977, 1366],
  [977, 1366],
  [977, 1366],
  [977, 1366],
  [977, 1366],
  [977, 1366],
  [977, 1366],
  [977, 1366],
  [977, 1366],
  [977, 1366],
  [977, 1366],
  [977, 1366],
  [977, 1366],
  [977, 1366],
  [977, 1366],
  [1028, 1320],
  [1028, 1320],
  [1028, 1320],
  [1028, 1320],
  [1028, 1366],
  [1028, 1366],
  [1028, 1366],
  [1028, 1366],
  [1028, 1366],
  [1028, 1366],
  [1028, 1366],
  [1028, 1366],
  [1028, 1366],
  [1028, 1366],
  [1028, 1366],
  [1028, 1366],
  [1028, 1366],
  [1028, 1366],
  [1028, 1366],
  [1028, 1366],
  [1028, 1366],
  [1028, 1366],
  [1028, 1366],
  [1028, 1366],
  [1028, 1366],
  [1028, 1366],
  [1028, 1366],
  [1028, 1366],
  [1028, 1366],
  [1028, 1366],
  [1028, 1366],
  [1028, 1366],
  [1028, 1366],
  [1028, 1366],
  [1028, 1366],
  [1028, 1366],
  [1028, 1366],
  [1028, 1366],
  [1028, 1366],
  [1028, 1366],
  [1028, 1366],
  [1028, 1366],
  [1028, 1366],
  [1028, 1366],
  [1028, 1366],
  [1028, 1366],
  [1028, 1366],
  [1028, 1366],
  [1028, 1366],
  [1028, 1366],
  [1028, 1366],
  [1028, 1366],
  [1028, 1366],
  [1028, 1366],
  [1028, 1366],
  [1028, 1366],
  [1028, 1366],
  [1028, 1366],
  [1028, 1366],
  [1028, 1366],
  [1028, 1366],
  [1028, 1366],
  [1028, 1366],
  [1028, 1366],
  [1028, 1366],
  [1028, 1366],
  [1028, 1366],
  [1028, 1366],
  [1028, 1366],
  [1028, 1366],
  [1028, 1366],
  [1028, 1366],
  [1028, 1366],
  [1028, 1366],
  [1028, 1366],
  [1028, 1366],
  [1028, 1366],
  [1028, 1366],
  [1028, 1366],
  [1028, 1366],
  [1028, 1366],
  [1028, 1366],
  [1028, 1366],
  [1028, 1366],
  [1028, 1366],
  [1028, 1366],
  [1028, 1366],
  [1028, 1366],
  [1028, 1366],
  [1028, 1366],
  [1045, 1320],
  [1045, 1320],
  [1045, 1320],
  [1045, 1320],
  [1045, 1366],
  [1045, 1366],
  [1045, 1366],
  [1045, 1366],
  [1045, 1366],
  [1045, 1366],
  [1045, 1366],
  [1045, 1366],
  [1045, 1366],
  [1045, 1366],
  [1045, 1366],
  [1045, 1366],
  [1045, 1366],
  [1045, 1366],
  [1045, 1366],
  [1045, 1366],
  [1045, 1366],
  [1045, 1366],
  [1045, 1366],
  [1045, 1366],
  [1045, 1366],
  [1045, 1366],
  [1045, 1366],
  [1045, 1366],
  [1045, 1366],
  [1045, 1366],
  [1045, 1366],
  [1045, 1366],
  [1045, 1366],
  [1045, 1366],
  [1045, 1366],
  [1045, 1366],
  [1045, 1366],
  [1045, 1366],
  [1045, 1366],
  [1045, 1366],
  [1045, 1366],
  [1045, 1366],
  [1045, 1366],
  [1045, 1366],
  [1045, 1366],
  [1045, 1366],
  [1045, 1366],
  [1045, 1366],
  [1045, 1366],
  [1045, 1366],
  [1045, 1366],
  [1045, 1366],
  [1045, 1366],
  [1045, 1366],
  [1045, 1366],
  [1045, 1366],
  [1045, 1366],
  [1045, 1366],
  [1045, 1366],
  [1045, 1366],
  [1045, 1366],
  [1045, 1366],
  [1045, 1366],
  [1045, 1366],
  [1045, 1366],
  [1045, 1366],
  [1045, 1366],
  [1045, 1366],
  [1045, 1366],
  [1045, 1366],
  [1045, 1366],
  [1045, 1366],
  [1045, 1366],
  [1045, 1366],
  [1045, 1366],
  [1045, 1366],
  [1045, 1366],
  [1045, 1366],
  [1045, 1366],
  [1045, 1366],
  [1045, 1366],
  [1045, 1366],
  [1045, 1366],
  [1045, 1366],
  [1045, 1366],
  [1045, 1366],
  [1045, 1366],
  [1045, 1366],
  [1045, 1366],
  [1045, 1366],
  [1045, 1366],
  [1045, 1366],
  [1045, 1366],
  [1045, 1366],
  [1103, 1320],
  [1103, 1320],
  [1103, 1320],
  [1103, 1320],
  [1103, 1366],
  [1103, 1366],
  [1103, 1366],
  [1103, 1366],
  [1103, 1366],
  [1103, 1366],
  [1103, 1366],
  [1103, 1366],
  [1103, 1366],
  [1103, 1366],
  [1103, 1366],
  [1103, 1366],
  [1103, 1366],
  [1103, 1366],
  [1103, 1366],
  [1103, 1366],
  [1103, 1366],
  [1103, 1366],
  [1103, 1366],
  [1103, 1366],
  [1103, 1366],
  [1103, 1366],
  [1103, 1366],
  [1103, 1366],
  [1103, 1366],
  [1103, 1366],
  [1103, 1366],
  [1103, 1366],
  [1103, 1366],
  [1103, 1366],
  [1103, 1366],
  [1103, 1366],
  [1103, 1366],
  [1103, 1366],
  [1103, 1366],
  [1103, 1366],
  [1103, 1366],
  [1103, 1366],
  [1103, 1366],
  [1103, 1366],
  [1103, 1366],
  [1103, 1366],
  [1103, 1366],
  [1103, 1366],
  [1103, 1366],
  [1103, 1366],
  [1103, 1366],
  [1103, 1366],
  [1103, 1366],
  [1103, 1366],
  [1103, 1366],
  [1103, 1366],
  [1103, 1366],
  [1103, 1366],
  [1103, 1366],
  [1103, 1366],
  [1103, 1366],
  [1103, 1366],
  [1103, 1366],
  [1103, 1366],
  [1103, 1366],
  [1103, 1366],
  [1103, 1366],
  [1103, 1366],
  [1103, 1366],
  [1103, 1366],
  [1103, 1366],
  [1103, 1366],
  [1103, 1366],
  [1103, 1366],
  [1103, 1366],
  [1103, 1366],
  [1103, 1366],
  [1103, 1366],
  [1103, 1366],
  [1103, 1366],
  [1103, 1366],
  [1103, 1366],
  [1103, 1366],
  [1103, 1366],
  [1103, 1366],
  [1103, 1366],
  [1103, 1366],
  [1103, 1366],
  [1103, 1366],
  [1103, 1366],
  [1103, 1366],
  [1103, 1366],
  [1103, 1366],
  [1103, 1366],
  [1103, 1366],
  [1103, 1366],
  [1103, 1366],
  [1103, 1366],
  [1153, 1320],
  [1153, 1320],
  [1153, 1320],
  [1153, 1320],
  [1153, 1366],
  [1153, 1366],
  [1153, 1366],
  [1153, 1366],
  [1153, 1366],
  [1153, 1366],
  [1153, 1366],
  [1153, 1366],
  [1153, 1366],
  [1153, 1366],
  [1153, 1366],
  [1153, 1366],
  [1153, 1366],
  [1153, 1366],
  [1153, 1366],
  [1153, 1366],
  [1153, 1366],
  [1153, 1366],
  [1153, 1366],
  [1153, 1366],
  [1153, 1366],
  [1153, 1366],
  [1153, 1366],
  [1153, 1366],
  [1153, 1366],
  [1153, 1366],
  [1153, 1366],
  [1153, 1366],
  [1153, 1366],
  [1153, 1366],
  [1153, 1366],
  [1153, 1366],
  [1153, 1366],
  [1153, 1366],
  [1153, 1366],
  [1153, 1366],
  [1153, 1366],
  [1153, 1366],
  [1153, 1366],
  [1153, 1366],
  [1153, 1366],
  [1153, 1366],
  [1153, 1366],
  [1153, 1366],
  [1153, 1366],
  [1153, 1366],
  [1153, 1366],
  [1153, 1366],
  [1153, 1366],
  [1153, 1366],
  [1153, 1366],
  [1153, 1366],
  [1153, 1366],
  [1153, 1366],
  [1153, 1366],
  [1153, 1366],
  [1153, 1366],
  [1153, 1366],
  [1153, 1366],
  [1153, 1366],
  [1153, 1366],
  [1153, 1366],
  [1153, 1366],
  [1153, 1366],
  [1153, 1366],
  [1153, 1366],
  [1153, 1366],
  [1153, 1366],
  [1153, 1366],
  [1153, 1366],
  [1153, 1366],
  [1153, 1366],
  [1153, 1366],
  [1153, 1366],
  [1153, 1366],
  [1153, 1366],
  [1153, 1366],
  [1153, 1366],
  [1153, 1366],
  [1153, 1366],
  [1153, 1366],
  [1153, 1366],
  [1153, 1366],
  [1153, 1366],
  [1153, 1366],
  [1153, 1366],
  [1153, 1366],
  [1153, 1366],
  [1153, 1366],
  [1153, 1366],
  [1153, 1366],
  [1153, 1366],
  [1153, 1366],
  [1153, 1366],
  [1153, 1366],
  [1153, 1366],
  [1153, 1366],
  [1169, 1320],
  [1169, 1320],
  [1169, 1320],
  [1169, 1320],
  [1169, 1366],
  [1169, 1366],
  [1169, 1366],
  [1169, 1366],
  [1169, 1366],
  [1169, 1366],
  [1169, 1366],
  [1169, 1366],
  [1169, 1366],
  [1169, 1366],
  [1169, 1366],
  [1169, 1366],
  [1169, 1366],
  [1169, 1366],
  [1169, 1366],
  [1169, 1366],
  [1169, 1366],
  [1169, 1366],
  [1169, 1366],
  [1169, 1366],
  [1169, 1366],
  [1169, 1366],
  [1169, 1366],
  [1169, 1366],
  [1169, 1366],
  [1169, 1366],
  [1169, 1366],
  [1169, 1366],
  [1169, 1366],
  [1169, 1366],
  [1169, 1366],
  [1169, 1366],
  [1169, 1366],
  [1169, 1366],
  [1169, 1366],
  [1169, 1366],
  [1169, 1366],
  [1169, 1366],
  [1169, 1366],
  [1169, 1366],
  [1169, 1366],
  [1169, 1366],
  [1169, 1366],
  [1169, 1366],
  [1169, 1366],
  [1169, 1366],
  [1169, 1366],
  [1169, 1366],
  [1169, 1366],
  [1169, 1366],
  [1169, 1366],
  [1169, 1366],
  [1169, 1366],
  [1169, 1366],
  [1169, 1366],
  [1169, 1366],
  [1169, 1366],
  [1169, 1366],
  [1169, 1366],
  [1169, 1366],
  [1169, 1366],
  [1169, 1366],
  [1169, 1366],
  [1169, 1366],
  [1169, 1366],
  [1169, 1366],
  [1169, 1366],
  [1169, 1366],
  [1169, 1366],
  [1169, 1366],
  [1169, 1366],
  [1169, 1366],
  [1169, 1366],
  [1169, 1366],
  [1169, 1366],
  [1169, 1366],
  [1169, 1366],
  [1169, 1366],
  [1169, 1366],
  [1169, 1366],
  [1169, 1366],
  [1169, 1366],
  [1169, 1366],
  [1169, 1366],
  [1169, 1366],
  [1169, 1366],
  [1169, 1366],
  [1169, 1366],
  [1169, 1366],
  [1169, 1366],
  [1169, 1366],
  [1169, 1366],
  [1169, 1366],
  [1169, 1366],
  [1169, 1366],
  [1169, 1366],
  [1169, 1366],
  [1169, 1366],
  [1169, 1366],
  [1169, 1366],
  [1186, 1320],
  [1186, 1320],
  [1186, 1320],
  [1186, 1320],
  [1186, 1366],
  [1186, 1366],
  [1186, 1366],
  [1186, 1366],
  [1186, 1366],
  [1186, 1366],
  [1186, 1366],
  [1186, 1366],
  [1186, 1366],
  [1186, 1366],
  [1186, 1366],
  [1186, 1366],
  [1186, 1366],
  [1186, 1366],
  [1186, 1366],
  [1186, 1366],
  [1186, 1366],
  [1186, 1366],
  [1186, 1366],
  [1186, 1366],
  [1186, 1366],
  [1186, 1366],
  [1186, 1366],
  [1186, 1366],
  [1186, 1366],
  [1186, 1366],
  [1186, 1366],
  [1186, 1366],
  [1186, 1366],
  [1186, 1366],
  [1186, 1366],
  [1186, 1366],
  [1186, 1366],
  [1186, 1366],
  [1186, 1366],
  [1186, 1366],
  [1186, 1366],
  [1186, 1366],
  [1186, 1366],
  [1186, 1366],
  [1186, 1366],
  [1186, 1366],
  [1186, 1366],
  [1186, 1366],
  [1186, 1366],
  [1186, 1366],
  [1186, 1366],
  [1186, 1366],
  [1186, 1366],
  [1186, 1366],
  [1186, 1366],
  [1186, 1366],
  [1186, 1366],
  [1186, 1366],
  [1186, 1366],
  [1186, 1366],
  [1186, 1366],
  [1186, 1366],
  [1186, 1366],
  [1186, 1366],
  [1186, 1366],
  [1186, 1366],
  [1186, 1366],
  [1186, 1366],
  [1186, 1366],
  [1186, 1366],
  [1186, 1366],
  [1186, 1366],
  [1186, 1366],
  [1186, 1366],
  [1186, 1366],
  [1186, 1366],
  [1186, 1366],
  [1186, 1366],
  [1186, 1366],
  [1186, 1366],
  [1186, 1366],
  [1186, 1366],
  [1186, 1366],
  [1186, 1366],
  [1186, 1366],
  [1186, 1366],
  [1186, 1366],
  [1186, 1366],
  [1186, 1366],
  [1186, 1366],
  [1186, 1366],
  [1186, 1366],
  [1186, 1366],
  [1186, 1366],
  [1186, 1366],
  [1186, 1366],
  [1186, 1366],
  [1186, 1366],
  [1186, 1366],
  [1186, 1366],
  [1186, 1366],
  [1186, 1366],
  [1186, 1366],
  [1186, 1366],
  [1186, 1366],
  [1186, 1366],
  [1186, 1366],
  [1186, 1366],
  [1213, 1320],
  [1213, 1320],
  [1213, 1320],
  [1213, 1320],
  [1213, 1366],
  [1213, 1366],
  [1213, 1366],
  [1213, 1366],
  [1213, 1366],
  [1213, 1366],
  [1213, 1366],
  [1213, 1366],
  [1213, 1366],
  [1213, 1366],
  [1213, 1366],
  [1213, 1366],
  [1213, 1366],
  [1213, 1366],
  [1213, 1366],
  [1213, 1366],
  [1213, 1366],
  [1213, 1366],
  [1213, 1366],
  [1213, 1366],
  [1213, 1366],
  [1213, 1366],
  [1213, 1366],
  [1213, 1366],
  [1213, 1366],
  [1213, 1366],
  [1213, 1366],
  [1213, 1366],
  [1213, 1366],
  [1213, 1366],
  [1213, 1366],
  [1213, 1366],
  [1213, 1366],
  [1213, 1366],
  [1213, 1366],
  [1213, 1366],
  [1213, 1366],
  [1213, 1366],
  [1213, 1366],
  [1213, 1366],
  [1213, 1366],
  [1213, 1366],
  [1213, 1366],
  [1213, 1366],
  [1213, 1366],
  [1213, 1366],
  [1213, 1366],
  [1213, 1366],
  [1213, 1366],
  [1213, 1366],
  [1213, 1366],
  [1213, 1366],
  [1213, 1366],
  [1213, 1366],
  [1213, 1366],
  [1213, 1366],
  [1213, 1366],
  [1213, 1366],
  [1213, 1366],
  [1213, 1366],
  [1213, 1366],
  [1213, 1366],
  [1213, 1366],
  [1213, 1366],
  [1213, 1366],
  [1213, 1366],
  [1213, 1366],
  [1213, 1366],
  [1213, 1366],
  [1213, 1366],
  [1213, 1366],
  [1213, 1366],
  [1213, 1366],
  [1213, 1366],
  [1213, 1366],
  [1213, 1366],
  [1213, 1366],
  [1213, 1366],
  [1213, 1366],
  [1213, 1366],
  [1213, 1366],
  [1213, 1366],
  [1213, 1366],
  [1213, 1366],
  [1213, 1366],
  [1213, 1366],
  [1213, 1366],
  [1213, 1366],
  [1213, 1366],
  [1213, 1366],
  [1213, 1366],
  [1213, 1366],
  [1213, 1366],
  [1213, 1366],
  [1213, 1366],
  [1213, 1366],
  [1213, 1366],
  [1213, 1366],
  [1213, 1366],
  [1213, 1366],
  [1213, 1366],
  [1213, 1366],
  [1213, 1366],
  [1213, 1366],
  [1213, 1366],
  [1213, 1366],
  [1213, 1366],
  [1251, 1320],
  [1251, 1320],
  [1251, 1320],
  [1251, 1366],
  [1251, 1366],
  [1251, 1366],
  [1251, 1366],
  [1251, 1366],
  [1251, 1366],
  [1251, 1366],
  [1251, 1366],
  [1251, 1366],
  [1251, 1366],
  [1251, 1366],
  [1251, 1366],
  [1251, 1366],
  [1251, 1366],
  [1251, 1366],
  [1251, 1366],
  [1251, 1366],
  [1251, 1366],
  [1251, 1366],
  [1251, 1366],
  [1251, 1366],
  [1251, 1366],
  [1251, 1366],
  [1251, 1366],
  [1251, 1366],
  [1251, 1366],
  [1251, 1366],
  [1251, 1366],
  [1251, 1366],
  [1251, 1366],
  [1251, 1366],
  [1251, 1366],
  [1251, 1366],
  [1251, 1366],
  [1251, 1366],
  [1251, 1366],
  [1251, 1366],
  [1251, 1366],
  [1251, 1366],
  [1251, 1366],
  [1251, 1366],
  [1251, 1366],
  [1251, 1366],
  [1251, 1366],
  [1251, 1366],
  [1251, 1366],
  [1251, 1366],
  [1251, 1366],
  [1251, 1366],
  [1251, 1366],
  [1251, 1366],
  [1251, 1366],
  [1251, 1366],
  [1251, 1366],
  [1251, 1366],
  [1251, 1366],
  [1251, 1366],
  [1251, 1366],
  [1251, 1366],
  [1251, 1366],
  [1251, 1366],
  [1251, 1366],
  [1251, 1366],
  [1251, 1366],
  [1251, 1366],
  [1251, 1366],
  [1251, 1366],
  [1251, 1366],
  [1251, 1366],
  [1251, 1366],
  [1251, 1366],
  [1251, 1366],
  [1251, 1366],
  [1251, 1366],
  [1251, 1366],
  [1251, 1366],
  [1251, 1366],
  [1251, 1366],
  [1251, 1366],
  [1251, 1366],
  [1251, 1366],
  [1251, 1366],
  [1251, 1366],
  [1251, 1366],
  [1251, 1366],
  [1251, 1366],
  [1251, 1366],
  [1251, 1366],
  [1251, 1366],
  [1251, 1366],
  [1251, 1366],
  [1251, 1366],
  [1251, 1366],
  [1251, 1366],
  [1251, 1366],
  [1251, 1366],
  [1251, 1366],
  [1251, 1366],
  [1251, 1366],
  [1251, 1366],
  [1251, 1366],
  [1251, 1366],
  [1251, 1366],
  [1251, 1366],
  [1251, 1366],
  [1251, 1366],
  [1263, 1320],
  [1263, 1320],
  [1263, 1320],
  [1263, 1366],
  [1263, 1366],
  [1263, 1366],
  [1263, 1366],
  [1263, 1366],
  [1263, 1366],
  [1263, 1366],
  [1263, 1366],
  [1263, 1366],
  [1263, 1366],
  [1263, 1366],
  [1263, 1366],
  [1263, 1366],
  [1263, 1366],
  [1263, 1366],
  [1263, 1366],
  [1263, 1366],
  [1263, 1366],
  [1263, 1366],
  [1263, 1366],
  [1263, 1366],
  [1263, 1366],
  [1263, 1366],
  [1263, 1366],
  [1263, 1366],
  [1263, 1366],
  [1263, 1366],
  [1263, 1366],
  [1263, 1366],
  [1263, 1366],
  [1263, 1366],
  [1263, 1366],
  [1263, 1366],
  [1263, 1366],
  [1263, 1366],
  [1263, 1366],
  [1263, 1366],
  [1263, 1366],
  [1263, 1366],
  [1263, 1366],
  [1263, 1366],
  [1263, 1366],
  [1263, 1366],
  [1263, 1366],
  [1263, 1366],
  [1263, 1366],
  [1263, 1366],
  [1263, 1366],
  [1263, 1366],
  [1263, 1366],
  [1263, 1366],
  [1263, 1366],
  [1263, 1366],
  [1263, 1366],
  [1263, 1366],
  [1263, 1366],
  [1263, 1366],
  [1263, 1366],
  [1263, 1366],
  [1263, 1366],
  [1263, 1366],
  [1263, 1366],
  [1263, 1366],
  [1263, 1366],
  [1263, 1366],
  [1263, 1366],
  [1263, 1366],
  [1263, 1366],
  [1263, 1366],
  [1263, 1366],
  [1263, 1366],
  [1263, 1366],
  [1263, 1366],
  [1263, 1366],
  [1263, 1366],
  [1263, 1366],
  [1263, 1366],
  [1263, 1366],
  [1263, 1366],
  [1263, 1366],
  [1263, 1366],
  [1263, 1366],
  [1263, 1366],
  [1263, 1366],
  [1263, 1366],
  [1263, 1366],
  [1263, 1366],
  [1263, 1366],
  [1263, 1366],
  [1263, 1366],
  [1263, 1366],
  [1263, 1366],
  [1263, 1366],
  [1263, 1366],
  [1263, 1366],
  [1263, 1366],
  [1263, 1366],
  [1263, 1366],
  [1263, 1366],
  [1263, 1366],
  [1263, 1366],
  [1263, 1366],
  [1263, 1366],
  [1263, 1366],
  [1263, 1366],
  [1263, 1366],
  [1263, 1366],
  [1263, 1366],
  [1263, 1366],
  [1321, 1366],
  [1321, 1366],
  [1321, 1366],
  [1321, 1366],
  [1321, 1366],
  [1321, 1366],
  [1321, 1366],
  [1321, 1366],
  [1321, 1366],
  [1321, 1366],
  [1321, 1366],
  [1321, 1366],
  [1321, 1366],
  [1321, 1366],
  [1321, 1366],
  [1321, 1366],
  [1321, 1366],
  [1321, 1366],
  [1321, 1366],
  [1321, 1366],
  [1321, 1366],
  [1321, 1366],
  [1321, 1366],
  [1321, 1366],
  [1321, 1366],
  [1321, 1366],
  [1321, 1366],
  [1321, 1366],
  [1321, 1366],
  [1321, 1366],
  [1321, 1366],
  [1321, 1366],
  [1321, 1366],
  [1321, 1366],
  [1321, 1366],
  [1321, 1366],
  [1321, 1366],
  [1321, 1366],
  [1321, 1366],
  [1321, 1366],
  [1321, 1366],
  [1321, 1366],
  [1321, 1366],
  [1321, 1366],
  [1321, 1366],
  [1321, 1366],
  [1321, 1366],
  [1321, 1366],
  [1321, 1366],
  [1321, 1366],
  [1321, 1366],
  [1321, 1366],
  [1321, 1366],
  [1321, 1366],
  [1321, 1366],
  [1321, 1366],
  [1321, 1366],
  [1321, 1366],
  [1321, 1366],
  [1321, 1366],
  [1321, 1366],
  [1321, 1366],
  [1321, 1366],
  [1321, 1366],
  [1321, 1366],
  [1321, 1366],
  [1321, 1366],
  [1321, 1366],
  [1321, 1366],
  [1321, 1366],
  [1321, 1366],
  [1321, 1366],
  [1321, 1366],
  [1321, 1366],
  [1321, 1366],
  [1321, 1366],
  [1321, 1366],
  [1321, 1366],
  [1321, 1366],
  [1321, 1366],
  [1321, 1366],
  [1321, 1366],
  [1321, 1366],
  [1321, 1366],
  [1321, 1366],
  [1321, 1366],
  [1321, 1366],
  [1321, 1366],
  [1321, 1366],
  [1321, 1366],
  [1321, 1366],
  [1321, 1366],
  [1321, 1366],
  [1321, 1366],
  [1321, 1366],
  [1321, 1366],
  [1321, 1366],
  [1321, 1366],
  [1321, 1366],
  [1321, 1366],
  [1321, 1366],
  [1321, 1366],
  [1321, 1366],
  [1321, 1366],
  [1321, 1366],
  [1321, 1366],
  [1321, 1366],
  [1321, 1366],
  [1321, 1366],
  [1321, 1366],
  [1321, 1366],
  [1321, 1366],
  [1367, 1651],
  [1367, 1651],
  [1367, 1320],
  [1367, 1320],
  [1367, 1320],
  [1367, 1320],
  [1367, 1320],
  [1367, 1320],
  [1367, 1320],
  [1367, 1320],
  [1367, 1320],
  [1367, 1320],
  [1367, 1320],
  [1367, 1320],
  [1367, 1320],
  [1367, 1320],
  [1367, 1320],
  [1367, 1320],
  [1367, 1320],
  [1367, 1320],
  [1367, 1320],
  [1367, 1320],
  [1367, 1320],
  [1367, 1320],
  [1367, 1320],
  [1367, 1320],
  [1367, 1320],
  [1367, 1320],
  [1367, 1320],
  [1367, 1320],
  [1367, 1320],
  [1367, 1320],
  [1367, 1320],
  [1367, 1320],
  [1369, 830],
  [1369, 830],
  [1369, 1604],
  [1369, 830],
  [1369, 830],
  [1369, 830],
  [1369, 830],
  [1369, 830],
  [1369, 830],
  [1369, 830],
  [1369, 830],
  [1369, 830],
  [1369, 830],
  [1369, 830],
  [1369, 812],
  [1369, 830],
  [1369, 941],
  [1369, 951],
  [1369, 968],
  [1369, 976],
  [1369, 1404],
  [1369, 1404],
  [1369, 1455],
  [1369, 1519],
  [1369, 1535],
  [1369, 1555],
  [1369, 1555],
  [1369, 1604],
  [1369, 1604],
  [1369, 830],
  [1369, 830],
  [1369, 830],
  [1369, 830],
  [1369, 830],
  [1369, 830],
  [1369, 830],
  [1369, 830],
  [1369, 812],
  [1369, 830],
  [1369, 941],
  [1369, 951],
  [1369, 968],
  [1369, 976],
  [1369, 1404],
  [1369, 1404],
  [1369, 1455],
  [1369, 1519],
  [1369, 1535],
  [1369, 1555],
  [1369, 1555],
  [1369, 1604],
  [1369, 1604],
  [1369, 812],
  [1369, 830],
  [1369, 941],
  [1369, 951],
  [1369, 968],
  [1369, 976],
  [1369, 1404],
  [1369, 1404],
  [1369, 1455],
  [1369, 1519],
  [1369, 1535],
  [1369, 1555],
  [1369, 777],
  [1369, 941],
  [1369, 951],
  [1369, 968],
  [1369, 976],
  [1369, 1404],
  [1369, 1404],
  [1369, 1455],
  [1369, 1519],
  [1369, 1535],
  [1369, 1555],
  [1369, 1555],
  [1369, 1604],
  [1369, 1604],
  [1369, 1651],
  [1369, 830],
  [1369, 1651],
  [1369, 1651],
  [1369, 830],
  [1369, 1651],
  [1369, 830],
  [1369, 1651],
  [1369, 1651],
  [1369, 1651],
  [1369, 1651],
  [1369, 1651],
  [1369, 830],
  [1369, 1651],
  [1369, 830],
  [1369, 1651],
  [1369, 830],
  [1369, 1651],
  [1369, 1604],
  [1369, 1651],
  [1369, 830],
  [1369, 1651],
  [1369, 1651],
  [1369, 1651],
  [1369, 830],
  [1369, 1651],
  [1369, 830],
  [1369, 1651],
  [1369, 830],
  [1369, 1651],
  [1369, 1604],
  [1369, 1651],
  [1369, 830],
  [1369, 830],
  [1369, 830],
  [1369, 830],
  [1369, 830],
  [1369, 830],
  [1369, 830],
  [1369, 830],
  [1369, 830],
  [1369, 830],
  [1369, 830],
  [1369, 830],
  [1369, 830],
  [1369, 830],
  [1369, 830],
  [1369, 830],
  [1369, 830],
  [1369, 830],
  [1369, 812],
  [1369, 830],
  [1369, 941],
  [1369, 951],
  [1369, 968],
  [1369, 976],
  [1369, 1027],
  [1369, 1044],
  [1369, 1102],
  [1369, 1152],
  [1369, 1168],
  [1369, 1185],
  [1369, 1212],
  [1369, 1250],
  [1369, 1262],
  [1369, 941],
  [1369, 951],
  [1369, 968],
  [1369, 976],
  [1369, 1027],
  [1369, 1044],
  [1369, 1102],
  [1369, 1152],
  [1369, 1168],
  [1369, 1185],
  [1369, 1212],
  [1369, 1250],
  [1369, 1262],
  [1369, 830],
  [1369, 830],
  [1369, 830],
  [1369, 830],
  [1369, 830],
  [1369, 830],
  [1369, 830],
  [1369, 830],
  [1369, 830],
  [1369, 830],
  [1369, 830],
  [1369, 830],
  [1369, 830],
  [1369, 830],
  [1369, 830],
  [1369, 830],
  [1369, 830],
  [1369, 830],
  [1369, 830],
  [1369, 812],
  [1369, 830],
  [1369, 941],
  [1369, 951],
  [1369, 968],
  [1369, 976],
  [1369, 1027],
  [1369, 1044],
  [1369, 1102],
  [1369, 1152],
  [1369, 1168],
  [1369, 1185],
  [1369, 1212],
  [1369, 1250],
  [1369, 1262],
  [1369, 830],
  [1369, 830],
  [1369, 830],
  [1369, 830],
  [1369, 830],
  [1369, 830],
  [1369, 830],
  [1369, 830],
  [1369, 812],
  [1369, 830],
  [1369, 941],
  [1369, 951],
  [1369, 968],
  [1369, 976],
  [1369, 1027],
  [1369, 1044],
  [1369, 1102],
  [1369, 1152],
  [1369, 1168],
  [1369, 1185],
  [1369, 1212],
  [1369, 1250],
  [1369, 1262],
  [1369, 830],
  [1369, 830],
  [1369, 830],
  [1369, 830],
  [1369, 830],
  [1369, 830],
  [1369, 830],
  [1369, 812],
  [1369, 830],
  [1369, 941],
  [1369, 951],
  [1369, 968],
  [1369, 976],
  [1369, 1027],
  [1369, 1044],
  [1369, 1102],
  [1369, 1152],
  [1369, 1168],
  [1369, 1185],
  [1369, 1212],
  [1369, 1250],
  [1369, 1262],
  [1369, 830],
  [1369, 830],
  [1369, 830],
  [1369, 830],
  [1369, 830],
  [1369, 830],
  [1369, 812],
  [1369, 830],
  [1369, 941],
  [1369, 951],
  [1369, 968],
  [1369, 976],
  [1369, 1027],
  [1369, 1044],
  [1369, 1102],
  [1369, 1152],
  [1369, 1168],
  [1369, 1185],
  [1369, 1212],
  [1369, 1250],
  [1369, 1262],
  [1369, 830],
  [1369, 830],
  [1369, 830],
  [1369, 830],
  [1369, 830],
  [1369, 812],
  [1369, 830],
  [1369, 941],
  [1369, 951],
  [1369, 968],
  [1369, 976],
  [1369, 1027],
  [1369, 1044],
  [1369, 1102],
  [1369, 1152],
  [1369, 1168],
  [1369, 1185],
  [1369, 1212],
  [1369, 1250],
  [1369, 1262],
  [1369, 830],
  [1369, 830],
  [1369, 830],
  [1369, 830],
  [1369, 812],
  [1369, 830],
  [1369, 941],
  [1369, 951],
  [1369, 968],
  [1369, 976],
  [1369, 1027],
  [1369, 1044],
  [1369, 1102],
  [1369, 1152],
  [1369, 1168],
  [1369, 1185],
  [1369, 1212],
  [1369, 1250],
  [1369, 1262],
  [1369, 830],
  [1369, 830],
  [1369, 830],
  [1369, 812],
  [1369, 830],
  [1369, 941],
  [1369, 951],
  [1369, 968],
  [1369, 976],
  [1369, 1027],
  [1369, 1044],
  [1369, 1102],
  [1369, 1152],
  [1369, 1168],
  [1369, 1185],
  [1369, 1212],
  [1369, 1250],
  [1369, 1262],
  [1369, 830],
  [1369, 830],
  [1369, 812],
  [1369, 830],
  [1369, 941],
  [1369, 951],
  [1369, 968],
  [1369, 976],
  [1369, 1027],
  [1369, 1044],
  [1369, 1102],
  [1369, 1152],
  [1369, 1168],
  [1369, 1185],
  [1369, 1212],
  [1369, 1250],
  [1369, 1262],
  [1369, 830],
  [1369, 812],
  [1369, 830],
  [1369, 941],
  [1369, 951],
  [1369, 968],
  [1369, 976],
  [1369, 1027],
  [1369, 1044],
  [1369, 1102],
  [1369, 1152],
  [1369, 1168],
  [1369, 1185],
  [1369, 1212],
  [1369, 1250],
  [1369, 1262],
  [1369, 812],
  [1369, 830],
  [1369, 941],
  [1369, 951],
  [1369, 968],
  [1369, 976],
  [1369, 1027],
  [1369, 1044],
  [1369, 1102],
  [1369, 1152],
  [1369, 1168],
  [1369, 1185],
  [1369, 1212],
  [1369, 1250],
  [1369, 1262],
  [1369, 830],
  [1369, 941],
  [1369, 951],
  [1369, 968],
  [1369, 976],
  [1369, 1027],
  [1369, 1044],
  [1369, 1102],
  [1369, 1152],
  [1369, 1168],
  [1369, 1185],
  [1369, 1212],
  [1369, 1250],
  [1369, 1262],
  [1369, 941],
  [1369, 951],
  [1369, 968],
  [1369, 976],
  [1369, 1027],
  [1369, 1044],
  [1369, 1102],
  [1369, 1152],
  [1369, 1168],
  [1369, 1185],
  [1369, 1212],
  [1369, 1250],
  [1369, 1262],
  [1369, 951],
  [1369, 968],
  [1369, 976],
  [1369, 1027],
  [1369, 1044],
  [1369, 1102],
  [1369, 1152],
  [1369, 1168],
  [1369, 1185],
  [1369, 1212],
  [1369, 1250],
  [1369, 1262],
  [1369, 968],
  [1369, 976],
  [1369, 1027],
  [1369, 1044],
  [1369, 1102],
  [1369, 1152],
  [1369, 1168],
  [1369, 1185],
  [1369, 1212],
  [1369, 1250],
  [1369, 1262],
  [1369, 976],
  [1369, 1027],
  [1369, 1044],
  [1369, 1102],
  [1369, 1152],
  [1369, 1168],
  [1369, 1185],
  [1369, 1212],
  [1369, 1250],
  [1369, 1262],
  [1369, 1027],
  [1369, 1044],
  [1369, 1102],
  [1369, 1152],
  [1369, 1168],
  [1369, 1185],
  [1369, 1212],
  [1369, 1250],
  [1369, 1262],
  [1369, 1044],
  [1369, 1102],
  [1369, 1152],
  [1369, 1168],
  [1369, 1185],
  [1369, 1212],
  [1369, 1250],
  [1369, 1262],
  [1369, 1102],
  [1369, 1152],
  [1369, 1168],
  [1369, 1185],
  [1369, 1212],
  [1369, 1250],
  [1369, 1262],
  [1369, 1152],
  [1369, 1168],
  [1369, 1185],
  [1369, 1212],
  [1369, 1250],
  [1369, 1262],
  [1369, 1168],
  [1369, 1185],
  [1369, 1212],
  [1369, 1250],
  [1369, 1262],
  [1369, 1185],
  [1369, 1212],
  [1369, 1250],
  [1369, 1262],
  [1369, 1212],
  [1369, 1250],
  [1369, 1262],
  [1369, 1250],
  [1369, 1262],
  [1369, 1262],
  [1369, 830],
  [1369, 830],
  [1369, 830],
  [1369, 830],
  [1369, 830],
  [1369, 830],
  [1369, 812],
  [1369, 830],
  [1369, 941],
  [1369, 951],
  [1369, 968],
  [1369, 976],
  [1369, 1027],
  [1369, 1044],
  [1369, 1102],
  [1369, 1152],
  [1369, 1168],
  [1369, 1185],
  [1369, 1212],
  [1369, 1250],
  [1369, 1262],
  [1369, 830],
  [1369, 830],
  [1369, 830],
  [1369, 830],
  [1369, 830],
  [1369, 812],
  [1369, 830],
  [1369, 941],
  [1369, 951],
  [1369, 968],
  [1369, 976],
  [1369, 1027],
  [1369, 1044],
  [1369, 1102],
  [1369, 1152],
  [1369, 1168],
  [1369, 1185],
  [1369, 1212],
  [1369, 1250],
  [1369, 1262],
  [1369, 830],
  [1369, 830],
  [1369, 830],
  [1369, 830],
  [1369, 812],
  [1369, 830],
  [1369, 941],
  [1369, 951],
  [1369, 968],
  [1369, 976],
  [1369, 1027],
  [1369, 1044],
  [1369, 1102],
  [1369, 1152],
  [1369, 1168],
  [1369, 1185],
  [1369, 1212],
  [1369, 1250],
  [1369, 1262],
  [1369, 830],
  [1369, 830],
  [1369, 830],
  [1369, 812],
  [1369, 830],
  [1369, 941],
  [1369, 951],
  [1369, 968],
  [1369, 976],
  [1369, 1027],
  [1369, 1044],
  [1369, 1102],
  [1369, 1152],
  [1369, 1168],
  [1369, 1185],
  [1369, 1212],
  [1369, 1250],
  [1369, 1262],
  [1369, 830],
  [1369, 830],
  [1369, 812],
  [1369, 830],
  [1369, 941],
  [1369, 951],
  [1369, 968],
  [1369, 976],
  [1369, 1027],
  [1369, 1044],
  [1369, 1102],
  [1369, 1152],
  [1369, 1168],
  [1369, 1185],
  [1369, 1212],
  [1369, 1250],
  [1369, 1262],
  [1369, 830],
  [1369, 812],
  [1369, 830],
  [1369, 941],
  [1369, 951],
  [1369, 968],
  [1369, 976],
  [1369, 1027],
  [1369, 1044],
  [1369, 1102],
  [1369, 1152],
  [1369, 1168],
  [1369, 1185],
  [1369, 1212],
  [1369, 1250],
  [1369, 1262],
  [1369, 812],
  [1369, 830],
  [1369, 941],
  [1369, 951],
  [1369, 968],
  [1369, 976],
  [1369, 1027],
  [1369, 1044],
  [1369, 1102],
  [1369, 1152],
  [1369, 1168],
  [1369, 1185],
  [1369, 1212],
  [1369, 1250],
  [1369, 1262],
  [1369, 830],
  [1369, 941],
  [1369, 951],
  [1369, 968],
  [1369, 976],
  [1369, 1027],
  [1369, 1044],
  [1369, 1102],
  [1369, 1152],
  [1369, 1168],
  [1369, 1185],
  [1369, 1212],
  [1369, 1250],
  [1369, 1262],
  [1369, 941],
  [1369, 951],
  [1369, 968],
  [1369, 976],
  [1369, 1027],
  [1369, 1044],
  [1369, 1102],
  [1369, 1152],
  [1369, 1168],
  [1369, 1185],
  [1369, 1212],
  [1369, 1250],
  [1369, 1262],
  [1369, 951],
  [1369, 968],
  [1369, 976],
  [1369, 1027],
  [1369, 1044],
  [1369, 1102],
  [1369, 1152],
  [1369, 1168],
  [1369, 1185],
  [1369, 1212],
  [1369, 1250],
  [1369, 1262],
  [1369, 968],
  [1369, 976],
  [1369, 1027],
  [1369, 1044],
  [1369, 1102],
  [1369, 1152],
  [1369, 1168],
  [1369, 1185],
  [1369, 1212],
  [1369, 1250],
  [1369, 1262],
  [1369, 976],
  [1369, 1027],
  [1369, 1044],
  [1369, 1102],
  [1369, 1152],
  [1369, 1168],
  [1369, 1185],
  [1369, 1212],
  [1369, 1250],
  [1369, 1262],
  [1369, 1027],
  [1369, 1044],
  [1369, 1102],
  [1369, 1152],
  [1369, 1168],
  [1369, 1185],
  [1369, 1212],
  [1369, 1250],
  [1369, 1262],
  [1369, 1044],
  [1369, 1102],
  [1369, 1152],
  [1369, 1168],
  [1369, 1185],
  [1369, 1212],
  [1369, 1250],
  [1369, 1262],
  [1369, 1102],
  [1369, 1152],
  [1369, 1168],
  [1369, 1185],
  [1369, 1212],
  [1369, 1250],
  [1369, 1262],
  [1369, 1152],
  [1369, 1168],
  [1369, 1185],
  [1369, 1212],
  [1369, 1250],
  [1369, 1262],
  [1369, 1168],
  [1369, 1185],
  [1369, 1212],
  [1369, 1250],
  [1369, 1262],
  [1369, 1185],
  [1369, 1212],
  [1369, 1250],
  [1369, 1262],
  [1369, 1212],
  [1369, 1250],
  [1369, 1262],
  [1369, 1250],
  [1369, 1262],
  [1369, 1262],
  [1369, 941],
  [1369, 951],
  [1369, 968],
  [1369, 976],
  [1369, 1027],
  [1369, 1044],
  [1369, 1102],
  [1369, 1152],
  [1369, 1168],
  [1369, 1185],
  [1369, 1212],
  [1369, 1250],
  [1369, 1262],
  [1369, 951],
  [1369, 968],
  [1369, 976],
  [1369, 1027],
  [1369, 1044],
  [1369, 1102],
  [1369, 1152],
  [1369, 1168],
  [1369, 1185],
  [1369, 1212],
  [1369, 1250],
  [1369, 1262],
  [1369, 968],
  [1369, 976],
  [1369, 1027],
  [1369, 1044],
  [1369, 1102],
  [1369, 1152],
  [1369, 1168],
  [1369, 1185],
  [1369, 1212],
  [1369, 1250],
  [1369, 1262],
  [1369, 976],
  [1369, 1027],
  [1369, 1044],
  [1369, 1102],
  [1369, 1152],
  [1369, 1168],
  [1369, 1185],
  [1369, 1212],
  [1369, 1250],
  [1369, 1262],
  [1369, 1027],
  [1369, 1044],
  [1369, 1102],
  [1369, 1152],
  [1369, 1168],
  [1369, 1185],
  [1369, 1212],
  [1369, 1250],
  [1369, 1262],
  [1369, 1044],
  [1369, 1102],
  [1369, 1152],
  [1369, 1168],
  [1369, 1185],
  [1369, 1212],
  [1369, 1250],
  [1369, 1262],
  [1369, 1102],
  [1369, 1152],
  [1369, 1168],
  [1369, 1185],
  [1369, 1212],
  [1369, 1250],
  [1369, 1262],
  [1369, 1152],
  [1369, 1168],
  [1369, 1185],
  [1369, 1212],
  [1369, 1250],
  [1369, 1262],
  [1369, 1168],
  [1369, 1185],
  [1369, 1212],
  [1369, 1250],
  [1369, 1262],
  [1369, 1185],
  [1369, 1212],
  [1369, 1250],
  [1369, 1262],
  [1369, 1212],
  [1369, 1250],
  [1369, 1262],
  [1369, 1250],
  [1369, 1262],
  [1369, 951],
  [1369, 968],
  [1369, 976],
  [1369, 1027],
  [1369, 1044],
  [1369, 1102],
  [1369, 1152],
  [1369, 1168],
  [1369, 1185],
  [1369, 1212],
  [1369, 1250],
  [1369, 1262],
  [1369, 968],
  [1369, 976],
  [1369, 1027],
  [1369, 1044],
  [1369, 1102],
  [1369, 1152],
  [1369, 1168],
  [1369, 1185],
  [1369, 1212],
  [1369, 1250],
  [1369, 1262],
  [1369, 976],
  [1369, 1027],
  [1369, 1044],
  [1369, 1102],
  [1369, 1152],
  [1369, 1168],
  [1369, 1185],
  [1369, 1212],
  [1369, 1250],
  [1369, 1262],
  [1369, 1027],
  [1369, 1044],
  [1369, 1102],
  [1369, 1152],
  [1369, 1168],
  [1369, 1185],
  [1369, 1212],
  [1369, 1250],
  [1369, 1262],
  [1369, 1044],
  [1369, 1102],
  [1369, 1152],
  [1369, 1168],
  [1369, 1185],
  [1369, 1212],
  [1369, 1250],
  [1369, 1262],
  [1369, 1102],
  [1369, 1152],
  [1369, 1168],
  [1369, 1185],
  [1369, 1212],
  [1369, 1250],
  [1369, 1262],
  [1369, 1152],
  [1369, 1168],
  [1369, 1185],
  [1369, 1212],
  [1369, 1250],
  [1369, 1262],
  [1369, 1168],
  [1369, 1185],
  [1369, 1212],
  [1369, 1250],
  [1369, 1262],
  [1369, 1185],
  [1369, 1212],
  [1369, 1250],
  [1369, 1262],
  [1369, 1212],
  [1369, 1250],
  [1369, 1262],
  [1369, 1250],
  [1369, 1262],
  [1369, 1262],
  [1369, 830],
  [1369, 830],
  [1369, 830],
  [1369, 830],
  [1369, 830],
  [1369, 830],
  [1369, 830],
  [1369, 812],
  [1369, 830],
  [1369, 941],
  [1369, 951],
  [1369, 968],
  [1369, 976],
  [1369, 1027],
  [1369, 1044],
  [1369, 1102],
  [1369, 1152],
  [1369, 1168],
  [1369, 1185],
  [1369, 1212],
  [1369, 1250],
  [1369, 812],
  [1369, 830],
  [1369, 941],
  [1369, 951],
  [1369, 968],
  [1369, 976],
  [1369, 1027],
  [1369, 1044],
  [1369, 1102],
  [1369, 1152],
  [1369, 1168],
  [1369, 1185],
  [1369, 777],
  [1369, 941],
  [1369, 951],
  [1369, 968],
  [1369, 976],
  [1369, 1027],
  [1369, 1044],
  [1369, 1102],
  [1369, 1152],
  [1369, 1168],
  [1369, 1185],
  [1369, 1212],
  [1369, 1250],
  [1369, 1262],
  [1369, 830],
  [1369, 812],
  [1369, 830],
  [1369, 941],
  [1369, 951],
  [1369, 968],
  [1369, 976],
  [1369, 1027],
  [1369, 1044],
  [1369, 1102],
  [1369, 1152],
  [1369, 1168],
  [1369, 1185],
  [1369, 1212],
  [1369, 1250],
  [1369, 1262],
  [1369, 777],
  [1369, 941],
  [1369, 951],
  [1369, 968],
  [1369, 976],
  [1369, 1027],
  [1369, 1044],
  [1369, 1102],
  [1369, 1152],
  [1369, 1168],
  [1369, 1185],
  [1369, 1212],
  [1369, 1250],
  [1369, 1262],
  [1369, 941],
  [1369, 951],
  [1369, 968],
  [1369, 976],
  [1369, 1027],
  [1369, 1044],
  [1369, 1102],
  [1369, 1152],
  [1369, 1168],
  [1369, 830],
  [1369, 830],
  [1369, 830],
  [1369, 830],
  [1369, 830],
  [1369, 830],
  [1369, 830],
  [1369, 812],
  [1369, 830],
  [1369, 941],
  [1369, 951],
  [1369, 968],
  [1369, 976],
  [1369, 1027],
  [1369, 1044],
  [1369, 1102],
  [1369, 1152],
  [1369, 1168],
  [1369, 1185],
  [1369, 1212],
  [1369, 1250],
  [1369, 1262],
  [1369, 812],
  [1369, 830],
  [1369, 941],
  [1369, 951],
  [1369, 968],
  [1369, 976],
  [1369, 1027],
  [1369, 1044],
  [1369, 1102],
  [1369, 1152],
  [1369, 1168],
  [1369, 1185],
  [1369, 777],
  [1369, 941],
  [1369, 951],
  [1369, 968],
  [1369, 976],
  [1369, 1027],
  [1369, 1044],
  [1369, 1102],
  [1369, 1152],
  [1369, 1168],
  [1369, 1185],
  [1369, 1212],
  [1369, 1250],
  [1369, 1262],
  [1369, 830],
  [1369, 830],
  [1369, 830],
  [1369, 830],
  [1369, 830],
  [1369, 830],
  [1369, 830],
  [1369, 830],
  [1369, 812],
  [1369, 830],
  [1369, 941],
  [1369, 951],
  [1369, 968],
  [1369, 976],
  [1369, 1027],
  [1369, 1044],
  [1369, 1102],
  [1369, 1152],
  [1369, 1168],
  [1369, 1185],
  [1369, 1212],
  [1369, 1250],
  [1369, 1262],
  [1369, 812],
  [1369, 830],
  [1369, 941],
  [1369, 951],
  [1369, 968],
  [1369, 976],
  [1369, 1027],
  [1369, 1044],
  [1369, 1102],
  [1369, 1152],
  [1369, 1168],
  [1369, 1185],
  [1369, 777],
  [1369, 941],
  [1369, 951],
  [1369, 968],
  [1369, 976],
  [1369, 1027],
  [1369, 1044],
  [1369, 1102],
  [1369, 1152],
  [1369, 1168],
  [1369, 1185],
  [1369, 1212],
  [1369, 1250],
  [1369, 1262],
  [1369, 830],
  [1369, 830],
  [1369, 830],
  [1369, 830],
  [1369, 830],
  [1369, 830],
  [1369, 830],
  [1369, 830],
  [1369, 812],
  [1369, 830],
  [1369, 941],
  [1369, 951],
  [1369, 968],
  [1369, 976],
  [1369, 1027],
  [1369, 1044],
  [1369, 1102],
  [1369, 1152],
  [1369, 1168],
  [1369, 1185],
  [1369, 1212],
  [1369, 1250],
  [1369, 1262],
  [1369, 812],
  [1369, 830],
  [1369, 941],
  [1369, 951],
  [1369, 968],
  [1369, 976],
  [1369, 1027],
  [1369, 1044],
  [1369, 1102],
  [1369, 1152],
  [1369, 1168],
  [1369, 1185],
  [1369, 777],
  [1369, 941],
  [1369, 951],
  [1369, 968],
  [1369, 976],
  [1369, 1027],
  [1369, 1044],
  [1369, 1102],
  [1369, 1152],
  [1369, 1168],
  [1369, 1185],
  [1369, 1212],
  [1369, 1250],
  [1369, 1262],
  [1369, 812],
  [1369, 830],
  [1369, 941],
  [1369, 951],
  [1369, 968],
  [1369, 976],
  [1369, 1027],
  [1369, 1044],
  [1369, 777],
  [1369, 941],
  [1369, 951],
  [1369, 968],
  [1369, 976],
  [1369, 1027],
  [1369, 1044],
  [1369, 1102],
  [1369, 1152],
  [1369, 1168],
  [1369, 1185],
  [1369, 1212],
  [1369, 1250],
  [1369, 1262],
  [1369, 812],
  [1369, 830],
  [1369, 941],
  [1369, 951],
  [1369, 968],
  [1369, 976],
  [1369, 1027],
  [1369, 1044],
  [1369, 1102],
  [1369, 1152],
  [1369, 1168],
  [1369, 1185],
  [1369, 777],
  [1369, 941],
  [1369, 951],
  [1369, 968],
  [1369, 976],
  [1369, 1027],
  [1369, 1044],
  [1369, 1102],
  [1369, 1152],
  [1369, 1168],
  [1369, 1185],
  [1369, 1212],
  [1369, 1250],
  [1369, 1262],
  [1369, 812],
  [1369, 830],
  [1369, 941],
  [1369, 951],
  [1369, 968],
  [1369, 976],
  [1369, 1027],
  [1369, 1044],
  [1369, 1102],
  [1369, 1152],
  [1369, 1168],
  [1369, 1185],
  [1369, 1212],
  [1369, 1250],
  [1369, 777],
  [1369, 941],
  [1369, 951],
  [1369, 968],
  [1369, 976],
  [1369, 1027],
  [1369, 1044],
  [1369, 1102],
  [1369, 1152],
  [1369, 1168],
  [1369, 1185],
  [1369, 1212],
  [1369, 1250],
  [1369, 1262],
  [1369, 812],
  [1369, 830],
  [1369, 941],
  [1369, 951],
  [1369, 968],
  [1369, 976],
  [1369, 1027],
  [1369, 1044],
  [1369, 1102],
  [1369, 1152],
  [1369, 1168],
  [1369, 1185],
  [1369, 1212],
  [1369, 1250],
  [1369, 1262],
  [1369, 777],
  [1369, 941],
  [1369, 951],
  [1369, 968],
  [1369, 976],
  [1369, 1027],
  [1369, 1044],
  [1369, 1102],
  [1369, 1152],
  [1369, 1168],
  [1369, 1185],
  [1369, 1212],
  [1369, 1250],
  [1369, 1262],
  [1369, 830],
  [1369, 812],
  [1369, 830],
  [1369, 941],
  [1369, 951],
  [1369, 968],
  [1369, 976],
  [1369, 1027],
  [1369, 1044],
  [1369, 1102],
  [1369, 1152],
  [1369, 1168],
  [1369, 1185],
  [1369, 1212],
  [1369, 1250],
  [1369, 1262],
  [1369, 777],
  [1369, 941],
  [1369, 951],
  [1369, 968],
  [1369, 976],
  [1369, 1027],
  [1369, 1044],
  [1369, 1102],
  [1369, 1152],
  [1369, 1168],
  [1369, 1185],
  [1369, 1212],
  [1369, 1250],
  [1369, 1262],
  [1369, 830],
  [1369, 812],
  [1369, 830],
  [1369, 941],
  [1369, 951],
  [1369, 968],
  [1369, 976],
  [1369, 1027],
  [1369, 1044],
  [1369, 1102],
  [1369, 1152],
  [1369, 1168],
  [1369, 1185],
  [1369, 1212],
  [1369, 1250],
  [1369, 1262],
  [1369, 777],
  [1369, 941],
  [1369, 951],
  [1369, 968],
  [1369, 976],
  [1369, 1027],
  [1369, 1044],
  [1369, 1102],
  [1369, 1152],
  [1369, 1168],
  [1369, 1185],
  [1369, 1212],
  [1369, 1250],
  [1369, 1262],
  [1369, 830],
  [1369, 812],
  [1369, 830],
  [1369, 941],
  [1369, 951],
  [1369, 968],
  [1369, 976],
  [1369, 1027],
  [1369, 1044],
  [1369, 1102],
  [1369, 1152],
  [1369, 1168],
  [1369, 1185],
  [1369, 1212],
  [1369, 1250],
  [1369, 1262],
  [1369, 777],
  [1369, 941],
  [1369, 951],
  [1369, 968],
  [1369, 976],
  [1369, 1027],
  [1369, 1044],
  [1369, 1102],
  [1369, 1152],
  [1369, 1168],
  [1369, 1185],
  [1369, 1212],
  [1369, 1250],
  [1369, 1262],
  [1369, 710],
  [1369, 941],
  [1369, 951],
  [1369, 968],
  [1369, 976],
  [1369, 1027],
  [1369, 1044],
  [1369, 1102],
  [1369, 1152],
  [1369, 1168],
  [1369, 1185],
  [1369, 1212],
  [1369, 1250],
  [1369, 1262],
  [1369, 777],
  [1369, 941],
  [1369, 951],
  [1369, 968],
  [1369, 976],
  [1369, 1027],
  [1369, 1044],
  [1369, 1102],
  [1369, 1152],
  [1369, 1168],
  [1369, 1185],
  [1369, 1212],
  [1369, 1250],
  [1369, 1262],
  [1369, 830],
  [1369, 812],
  [1369, 830],
  [1369, 941],
  [1369, 951],
  [1369, 968],
  [1369, 976],
  [1369, 1027],
  [1369, 1044],
  [1369, 1102],
  [1369, 1152],
  [1369, 1168],
  [1369, 1185],
  [1369, 1212],
  [1369, 1250],
  [1369, 1262],
  [1369, 777],
  [1369, 941],
  [1369, 951],
  [1369, 968],
  [1369, 976],
  [1369, 1027],
  [1369, 1044],
  [1369, 1102],
  [1369, 1152],
  [1369, 1168],
  [1369, 1185],
  [1369, 1212],
  [1369, 1250],
  [1369, 1262],
  [1369, 812],
  [1369, 830],
  [1369, 941],
  [1369, 951],
  [1369, 968],
  [1369, 976],
  [1369, 1027],
  [1369, 1044],
  [1369, 1102],
  [1369, 1152],
  [1369, 1168],
  [1369, 1185],
  [1369, 1212],
  [1369, 1250],
  [1369, 777],
  [1369, 941],
  [1369, 951],
  [1369, 968],
  [1369, 976],
  [1369, 1027],
  [1369, 1044],
  [1369, 1102],
  [1369, 1152],
  [1369, 1168],
  [1369, 1185],
  [1369, 1212],
  [1369, 1250],
  [1369, 1262],
  [1369, 812],
  [1369, 830],
  [1369, 941],
  [1369, 951],
  [1369, 968],
  [1369, 976],
  [1369, 1027],
  [1369, 1044],
  [1369, 1102],
  [1369, 1152],
  [1369, 1168],
  [1369, 1185],
  [1369, 1212],
  [1369, 1250],
  [1369, 1262],
  [1369, 777],
  [1369, 941],
  [1369, 951],
  [1369, 968],
  [1369, 976],
  [1369, 1027],
  [1369, 1044],
  [1369, 1102],
  [1369, 1152],
  [1369, 1168],
  [1369, 1185],
  [1369, 1212],
  [1369, 1250],
  [1369, 1262],
  [1369, 830],
  [1369, 812],
  [1369, 830],
  [1369, 941],
  [1369, 951],
  [1369, 968],
  [1369, 976],
  [1369, 1027],
  [1369, 1044],
  [1369, 1102],
  [1369, 1152],
  [1369, 1168],
  [1369, 1185],
  [1369, 1212],
  [1369, 1250],
  [1369, 1262],
  [1369, 777],
  [1369, 941],
  [1369, 951],
  [1369, 968],
  [1369, 976],
  [1369, 1027],
  [1369, 1044],
  [1369, 1102],
  [1369, 1152],
  [1369, 1168],
  [1369, 1185],
  [1369, 1212],
  [1369, 1250],
  [1369, 1262],
  [1369, 830],
  [1369, 812],
  [1369, 830],
  [1369, 941],
  [1369, 951],
  [1369, 968],
  [1369, 976],
  [1369, 1027],
  [1369, 1044],
  [1369, 1102],
  [1369, 1152],
  [1369, 1168],
  [1369, 1185],
  [1369, 1212],
  [1369, 1250],
  [1369, 1262],
  [1369, 777],
  [1369, 941],
  [1369, 951],
  [1369, 968],
  [1369, 976],
  [1369, 1027],
  [1369, 1044],
  [1369, 1102],
  [1369, 1152],
  [1369, 1168],
  [1369, 1185],
  [1369, 1212],
  [1369, 1250],
  [1369, 1262],
  [1369, 830],
  [1369, 812],
  [1369, 830],
  [1369, 941],
  [1369, 951],
  [1369, 968],
  [1369, 976],
  [1369, 1027],
  [1369, 1044],
  [1369, 1102],
  [1369, 1152],
  [1369, 1168],
  [1369, 1185],
  [1369, 1212],
  [1369, 1250],
  [1369, 1262],
  [1369, 777],
  [1369, 941],
  [1369, 951],
  [1369, 968],
  [1369, 976],
  [1369, 1027],
  [1369, 1044],
  [1369, 1102],
  [1369, 1152],
  [1369, 1168],
  [1369, 1185],
  [1369, 1212],
  [1369, 1250],
  [1369, 1262],
  [1369, 710],
  [1369, 941],
  [1369, 951],
  [1369, 968],
  [1369, 976],
  [1369, 1027],
  [1369, 1044],
  [1369, 1102],
  [1369, 1152],
  [1369, 1168],
  [1369, 1185],
  [1369, 1212],
  [1369, 1250],
  [1369, 1262],
  [1369, 777],
  [1369, 941],
  [1369, 951],
  [1369, 968],
  [1369, 976],
  [1369, 1027],
  [1369, 1044],
  [1369, 1102],
  [1369, 1152],
  [1369, 1168],
  [1369, 1185],
  [1369, 1212],
  [1369, 1250],
  [1369, 1262],
  [1369, 941],
  [1369, 951],
  [1369, 968],
  [1369, 976],
  [1369, 1027],
  [1369, 1044],
  [1369, 1102],
  [1405, 1651],
  [1405, 1651],
  [1405, 1320],
  [1405, 1320],
  [1405, 1366],
  [1405, 1366],
  [1405, 1366],
  [1405, 1651],
  [1405, 1366],
  [1405, 1366],
  [1405, 1366],
  [1405, 1366],
  [1405, 1366],
  [1405, 1366],
  [1405, 1366],
  [1405, 1366],
  [1405, 1366],
  [1405, 1366],
  [1405, 1366],
  [1405, 1366],
  [1405, 1366],
  [1405, 1366],
  [1405, 1366],
  [1405, 1366],
  [1405, 1366],
  [1405, 1027],
  [1405, 1044],
  [1405, 1102],
  [1405, 1152],
  [1405, 1168],
  [1405, 1185],
  [1405, 1212],
  [1405, 1250],
  [1405, 1262],
  [1405, 1366],
  [1405, 1366],
  [1405, 1366],
  [1405, 1366],
  [1405, 1366],
  [1405, 1366],
  [1405, 1366],
  [1405, 1366],
  [1405, 1366],
  [1405, 1366],
  [1405, 1366],
  [1405, 1366],
  [1405, 1027],
  [1405, 1044],
  [1405, 1102],
  [1405, 1152],
  [1405, 1168],
  [1405, 1185],
  [1405, 1212],
  [1405, 1250],
  [1405, 1262],
  [1405, 1027],
  [1405, 1044],
  [1405, 1102],
  [1405, 1152],
  [1405, 1168],
  [1405, 1185],
  [1405, 1027],
  [1405, 1044],
  [1405, 1102],
  [1405, 1152],
  [1405, 1168],
  [1405, 1185],
  [1405, 1212],
  [1405, 1250],
  [1405, 1262],
  [1456, 1651],
  [1456, 1651],
  [1456, 1404],
  [1456, 1366],
  [1456, 1404],
  [1456, 1366],
  [1456, 1404],
  [1456, 1404],
  [1456, 1404],
  [1456, 1404],
  [1456, 1404],
  [1456, 1404],
  [1456, 1404],
  [1456, 1404],
  [1456, 1404],
  [1456, 1404],
  [1456, 1404],
  [1456, 1404],
  [1456, 1404],
  [1456, 1404],
  [1456, 1404],
  [1456, 1404],
  [1456, 1404],
  [1456, 1404],
  [1456, 1404],
  [1456, 1404],
  [1456, 1404],
  [1456, 1404],
  [1456, 1404],
  [1456, 1404],
  [1456, 1404],
  [1456, 1404],
  [1456, 1404],
  [1456, 1404],
  [1456, 1404],
  [1456, 1404],
  [1456, 1404],
  [1456, 1404],
  [1456, 1404],
  [1456, 1404],
  [1456, 1404],
  [1456, 1404],
  [1456, 1404],
  [1456, 1404],
  [1456, 1404],
  [1456, 1404],
  [1456, 1404],
  [1456, 1404],
  [1456, 1404],
  [1456, 1404],
  [1456, 1404],
  [1456, 1404],
  [1456, 1404],
  [1456, 1404],
  [1456, 1404],
  [1456, 1404],
  [1456, 1404],
  [1456, 1404],
  [1456, 1404],
  [1456, 1404],
  [1456, 1404],
  [1456, 1404],
  [1520, 1651],
  [1520, 1651],
  [1520, 1455],
  [1520, 1455],
  [1520, 1404],
  [1520, 1455],
  [1520, 1455],
  [1520, 1404],
  [1520, 1455],
  [1520, 1455],
  [1520, 1455],
  [1520, 1455],
  [1520, 1455],
  [1520, 1455],
  [1520, 1455],
  [1520, 1455],
  [1520, 1455],
  [1520, 1455],
  [1520, 1455],
  [1520, 1455],
  [1520, 1455],
  [1520, 1455],
  [1520, 1455],
  [1520, 1455],
  [1520, 1455],
  [1520, 1455],
  [1520, 1455],
  [1520, 1455],
  [1520, 1455],
  [1520, 1455],
  [1520, 1455],
  [1520, 1455],
  [1520, 1455],
  [1520, 1455],
  [1520, 1455],
  [1520, 1455],
  [1520, 1455],
  [1520, 1455],
  [1520, 1455],
  [1520, 1455],
  [1520, 1455],
  [1520, 1455],
  [1520, 1455],
  [1520, 1455],
  [1520, 1455],
  [1520, 1455],
  [1520, 1455],
  [1520, 1455],
  [1520, 1455],
  [1520, 1455],
  [1520, 1455],
  [1520, 1455],
  [1520, 1455],
  [1520, 1455],
  [1520, 1455],
  [1520, 1455],
  [1520, 1455],
  [1520, 1455],
  [1520, 1455],
  [1520, 1455],
  [1536, 1711],
  [1536, 1711],
  [1536, 1519],
  [1536, 1519],
  [1536, 1519],
  [1536, 1455],
  [1536, 1519],
  [1536, 1519],
  [1536, 1519],
  [1536, 1455],
  [1536, 1519],
  [1536, 1519],
  [1536, 1519],
  [1536, 1519],
  [1536, 1519],
  [1536, 1519],
  [1536, 1519],
  [1536, 1519],
  [1536, 1519],
  [1536, 1519],
  [1536, 1519],
  [1536, 1519],
  [1536, 1519],
  [1536, 1519],
  [1536, 1519],
  [1536, 1519],
  [1536, 1519],
  [1536, 1519],
  [1536, 1519],
  [1536, 1519],
  [1536, 1519],
  [1536, 1519],
  [1536, 1519],
  [1536, 1519],
  [1536, 1519],
  [1536, 1519],
  [1536, 1519],
  [1536, 1519],
  [1536, 1519],
  [1536, 1519],
  [1536, 1519],
  [1536, 1519],
  [1536, 1519],
  [1536, 1519],
  [1536, 1519],
  [1536, 1519],
  [1536, 1519],
  [1536, 1519],
  [1536, 1519],
  [1536, 1519],
  [1536, 1519],
  [1536, 1519],
  [1536, 1519],
  [1536, 1519],
  [1536, 1519],
  [1536, 1519],
  [1536, 1519],
  [1536, 1519],
  [1556, 1711],
  [1556, 1711],
  [1556, 1535],
  [1556, 1535],
  [1556, 1535],
  [1556, 1535],
  [1556, 1519],
  [1556, 1535],
  [1556, 1535],
  [1556, 1535],
  [1556, 1535],
  [1556, 1519],
  [1556, 1535],
  [1556, 1535],
  [1556, 1535],
  [1556, 1535],
  [1556, 1535],
  [1556, 1535],
  [1556, 1535],
  [1556, 1535],
  [1556, 1535],
  [1556, 1535],
  [1556, 1535],
  [1556, 1535],
  [1556, 1535],
  [1556, 1535],
  [1556, 1535],
  [1556, 1535],
  [1556, 1535],
  [1556, 1535],
  [1556, 1535],
  [1556, 1535],
  [1556, 1535],
  [1556, 1535],
  [1556, 1535],
  [1556, 1535],
  [1556, 1535],
  [1556, 1535],
  [1556, 1535],
  [1556, 1535],
  [1556, 1535],
  [1556, 1535],
  [1556, 1535],
  [1556, 1535],
  [1556, 1535],
  [1556, 1535],
  [1556, 1535],
  [1556, 1535],
  [1556, 1535],
  [1556, 1535],
  [1556, 1535],
  [1556, 1535],
  [1556, 1535],
  [1556, 1535],
  [1605, 1651],
  [1605, 1651],
  [1605, 1555],
  [1605, 1555],
  [1605, 1555],
  [1605, 1555],
  [1605, 1555],
  [1605, 1535],
  [1605, 1555],
  [1605, 1555],
  [1605, 1555],
  [1605, 1555],
  [1605, 1555],
  [1605, 1535],
  [1605, 1555],
  [1605, 1555],
  [1605, 1555],
  [1605, 1555],
  [1605, 1555],
  [1605, 1555],
  [1605, 1555],
  [1605, 1555],
  [1605, 1555],
  [1605, 1555],
  [1605, 1555],
  [1605, 1555],
  [1605, 1555],
  [1605, 1555],
  [1605, 1555],
  [1605, 1555],
  [1605, 1555],
  [1605, 1555],
  [1605, 1555],
  [1605, 1555],
  [1605, 1555],
  [1605, 1555],
  [1605, 1555],
  [1605, 1555],
  [1605, 1555],
  [1605, 1555],
  [1605, 1555],
  [1605, 1555],
  [1605, 1555],
  [1605, 1555],
  [1605, 1555],
  [1605, 1555],
  [1605, 1555],
  [1605, 1555],
  [1605, 1555],
  [1652, 1604],
  [1652, 1604],
  [1652, 1604],
  [1652, 1604],
  [1652, 1604],
  [1652, 1604],
  [1652, 1604],
  [1652, 1604],
  [1652, 1555],
  [1652, 1604],
  [1652, 1604],
  [1652, 1604],
  [1652, 1604],
  [1652, 1604],
  [1652, 1604],
  [1652, 1555],
  [1652, 1604],
  [1652, 1604],
  [1652, 1604],
  [1652, 1604],
  [1652, 1604],
  [1652, 1604],
  [1652, 1604],
  [1652, 1604],
  [1652, 1604],
  [1652, 1604],
  [1652, 1604],
  [1652, 1604],
  [1652, 1604],
  [1652, 1604],
  [1652, 1604],
  [1652, 1604],
  [1652, 1604],
  [1652, 1604],
  [1652, 1604],
  [1652, 1604],
  [1652, 1604],
  [1652, 1604],
  [1712, 1651],
  [1712, 1651],
  [1712, 1651],
  [1712, 1651],
  [1712, 1651],
  [1712, 1651],
]
