#	m/z	z	I	FWHM	S/N	Res.
1	49.4991		5991	0.0033	87.7	15024
2	54.4969		3951	0.0034	57.9	16268
3	56.9646		9426	0.0035	138.2	16276
4	58.5044		9824	0.0035	143.9	16838
5	59.0478		349	0.0036	5.1	16381
6	60.0554		4464	0.0038	65.4	15735
7	61.007	2+	65780	0.0034	966.3	17740
8	61.0645		2285	0.0037	33.6	16448
9	61.5087	2+	3240	0.0038	47.7	16272
10	62.0052	2+	570	0.0037	8.4	16774
11	62.0238		433	0.0039	6.4	16096
12	63.0036		1543	0.0037	22.7	17188
13	63.5021		1677	0.0037	24.7	17189
14	64.0156		3062	0.0037	45.1	17247
15	66.0498		6361	0.0036	93.5	18249
16	67.5098		9457	0.0037	138.8	18145
17	68.0491		1001	0.0037	14.7	18228
18	68.5		1936	0.0038	28.4	18095
19	70.0124	2+	127913	0.0036	1872.8	19307
20	70.0645		522	0.0038	7.7	18483
21	70.5139	2+	6168	0.0042	90.4	16856
22	71.011	2+	951	0.0056	14	12755
23	71.029		763	0.0039	11.2	18154
24	71.9517		811	0.0041	11.9	17518
25	72.0088		3207	0.0037	47	19505
26	72.0442		2693	0.0039	39.5	18539
27	72.0807		340	0.0039	5	18409
28	72.9368		335	0.0035	4.9	20600
29	73.028		777	0.004	11.4	18291
30	73.5315		1476	0.0037	21.6	19918
31	74.0075		335	0.0039	4.9	19030
32	74.0597		928	0.0042	13.6	17763
33	75.0102		4849	0.0039	70.9	19224
34	75.0552		415	0.0038	6.1	19623
35	76.0504		14790	0.0041	216.1	18579
36	76.5151		4986	0.0039	72.9	19416
37	77.999		352	0.0041	5.1	19076
38	79.0178	2+	142956	0.0039	2082.6	20504
39	79.5194	2+	6756	0.0043	98.5	18444
40	80.0172	2+	929	0.007	13.5	11505
41	80.0343		358	0.004	5.2	20232
42	80.5164	2+	468	0.0042	6.8	19260
43	81.0144		3328	0.004	48.4	20037
44	81.0448		1184	0.0045	17.2	18162
45	81.5205	2+	78134	0.004	1136.1	20597
46	82.022	2+	5550	0.0044	80.6	18498
47	82.5186	2+	673	0.0041	9.8	20007
48	82.5371		3518	0.0042	51.1	19665
49	83.0141		369	0.0035	5.4	23827
50	83.0212		1000	0.0045	14.5	18266
51	83.0378		792	0.0043	11.5	19323
52	83.0601		580	0.0042	8.4	19895
53	83.5169		2031	0.0041	29.5	20474
54	83.5362		402	0.0046	5.8	18016
55	84.0444		988	0.005	14.3	16919
56	84.0807		5113	0.0045	74.1	18705
57	84.9597	1+	273688	0.0041	3961.9	20556
58	85.0843		353	0.0044	5.1	19139
59	85.5205		940	0.0042	13.6	20391
60	85.9628	1+	3490	0.0042	50.4	20528
61	86.0601		424	0.0048	6.1	18108
62	86.9557		1896	0.0042	27.3	20783
63	86.9638	1+	1060	0.0049	15.3	17756
64	87.0438		437	0.0038	6.3	22676
65	87.9562		521	0.0049	7.5	17911
66	88.0234	2+	74081	0.0041	1064	21368
67	88.0758		1446	0.0043	20.8	20596
68	88.5248	2+	3589	0.0046	51.4	19393
69	88.9525		6106	0.0044	87.4	20145
70	89.0237	2+	553	0.0082	7.9	10854
71	89.06		724	0.0041	10.4	21934
72	89.5066		568	0.004	8.1	22271
73	90.0196		1758	0.0043	25	21171
74	90.5071		547	0.0055	7.8	16350
75	90.5259	2+	123164	0.0042	1752.7	21625
76	90.9766	1+	34899	0.0045	495.6	20051
77	91.0275	2+	8211	0.0046	116.6	19896
78	91.5239	2+	972	0.0048	13.8	19116
79	91.5427		541	0.0048	7.7	19085
80	91.9798	1+	658	0.0047	9.3	19564
81	92.0245	2+	406	0.0049	5.7	18715
82	92.0703		1135	0.0046	16	20041
83	92.5224		2546	0.0045	35.9	20341
84	92.9502		498	0.0049	7	18962
85	95.0603		2668	0.0047	37.3	20218
86	96.0684		5837	0.0048	81.2	20144
87	97.0291		9439	0.0044	130.4	21854
88	97.0653		400	0.005	5.5	19359
89	97.076		1158	0.0045	16	21651
90	97.53		349	0.0053	4.8	18351
91	97.9692		693	0.005	9.5	19772
92	97.9917		448	0.005	6.2	19436
93	98.0314		334	0.0045	4.6	21978
94	98.5122		1590	0.0047	21.8	21064
95	98.9756		9852	0.0048	134.9	20829
96	99.5128		849	0.0051	11.6	19628
97	99.5318	2+	65711	0.0044	895.5	22374
98	100.0333	2+	4692	0.005	63.4	20043
99	100.0759		29670	0.0048	400.4	20690
100	100.5107		362	0.0048	4.9	20757
101	100.5305	2+	476	0.0082	6.4	12251
102	101.0594		399	0.0043	5.3	23414
103	101.0793		1873	0.0054	25	18765
104	101.5282		1408	0.005	18.8	20507
105	102.0342		1511	0.005	20.1	20536
106	102.0553		1056	0.0054	14	19018
107	102.0919		1105	0.0048	14.7	21133
108	102.9707		9344	0.0051	122.1	20274
109	104.0706		785	0.0048	10.2	21678
110	104.1068		1337	0.0049	17.4	21228
111	105.9957		475	0.0049	6.1	21529
112	106.05		626	0.0048	8	21980
113	106.0866		25343	0.0054	325.1	19785
114	106.9507		690	0.0049	8.8	21961
115	107.0602		511	0.0044	6.5	24362
116	107.0704		343	0.0045	4.4	23616
117	107.0896		989	0.0054	12.6	19953
118	108.5373		3038	0.0053	38.6	20295
119	109.0763		8097	0.0058	102.6	18907
120	110.0086		2444	0.0051	30.9	21401
121	110.0792		452	0.0065	5.7	16897
122	111.0107		543	0.0049	6.8	22438
123	111.0394		809	0.0063	10.2	17742
124	111.0544		618	0.0053	7.8	20996
125	112.555		1831	0.005	22.9	22567
126	113.0594		562	0.0064	7	17552
127	113.1075		379	0.0056	4.7	20255
128	113.9639		678	0.0051	8.4	22133
129	114.066		1070	0.0056	13.3	20213
130	116.0707		770	0.0048	9.5	24178
131	116.9859		1028	0.0057	12.6	20476
132	118.05		1289	0.0056	15.8	21003
133	118.0863	1+	77816	0.0053	951.9	22266
134	119.0897	1+	4773	0.0054	58.1	21930
135	120.0653		2891	0.0054	35.1	22366
136	120.091	1+	365	0.0051	4.4	23509
137	120.9816		575	0.0059	6.9	20467
138	121.0683	2+	145496	0.005	1756.4	24321
139	121.5697	2+	16982	0.0053	203.9	23042
140	122.0579		880	0.006	10.5	20308
141	122.07	2+	1954	0.0054	23.4	22602
142	122.0811		574	0.0054	6.9	22649
143	123.0804		410	0.0054	4.9	22612
144	124.0064		5764	0.0055	68.4	22453
145	124.0874		1155	0.0054	13.7	22974
146	125.0595		615	0.0051	7.3	24711
147	125.0711		448	0.0052	5.3	24191
148	125.9862	1+	155347	0.0053	1831.8	23719
149	126.0545		390	0.0059	4.6	21212
150	126.103		762	0.0056	9	22668
151	126.9895	1+	5020	0.0057	59	22437
152	127.9826	1+	999	0.0084	11.7	15211
153	128.0196		596	0.0057	7	22312
154	128.0687		1515	0.0062	17.7	20619
155	128.9512		639	0.0053	7.5	24358
156	129.0655		689	0.0056	8	23177
157	129.9791		3602	0.0053	42	24316
158	130.0862		705	0.0053	8.2	24527
159	130.1589		3187	0.0056	37.1	23110
160	130.9647		1751	0.0056	20.4	23313
161	131.0931		1023	0.0057	11.9	23104
162	133.0969		370	0.0053	4.3	25221
163	134.5742		618	0.0054	7.2	24797
164	140.0018		3583	0.0057	41.3	24471
165	140.0416		845	0.0057	9.7	24367
166	140.0686		2494	0.006	28.7	23437
167	141.0908		446	0.0059	5.1	24038
168	141.9579		1471	0.0057	16.9	24792
169	143.997		20428	0.0061	234.5	23596
170	144.0635		370	0.006	4.3	23910
171	144.1015		396	0.0063	4.5	22856
172	144.9812		650	0.007	7.5	20785
173	144.994		485	0.0094	5.6	15344
174	144.9994		548	0.0069	6.3	21085
175	145.0172		721	0.0057	8.3	25258
176	145.9879		410	0.0093	4.7	15646
177	147.9905		569	0.0059	6.5	25016
178	148.0966		825	0.0062	9.4	23802
179	149.047		1331	0.0057	15.2	26067
180	149.0816		724	0.0052	8.3	28681
181	150.1123		4058	0.0061	46.4	24713
182	151.0355		634	0.0063	7.2	23818
183	151.0969		365	0.0054	4.2	28134
184	152.5736		18807	0.0056	214.7	27264
185	152.947		24870	0.006	284.1	25323
186	153.0753		2992	0.0057	34.2	26766
187	153.9504		770	0.0059	8.8	26201
188	156.0773		458	0.0068	5.2	22959
189	156.9396		570	0.0056	6.5	28098
190	158.0034		458	0.0061	5.2	25790
191	158.0119		909	0.0062	10.4	25387
192	158.0523		546	0.0072	6.2	22028
193	158.0868		588	0.0063	6.7	25116
194	158.9632		4190	0.0073	47.9	21704
195	159.0877		1273	0.0065	14.5	24511
196	160.0718		7064	0.0066	80.8	24350
197	160.5551		495	0.0058	5.7	27748
198	161.0745		430	0.0098	4.9	16520
199	162.0081		736	0.0074	8.4	21990
200	162.9563		451	0.0067	5.2	24493
201	164.1284		708	0.0066	8.1	24790
202	166.9626		802	0.0063	9.2	26483
203	167.0127		24926	0.0064	286	25900
204	168.0157		1392	0.0072	16	23399
205	168.1127		884	0.0065	10.1	25914
206	169.5601		478	0.0064	5.5	26633
207	170.0116	1+	54781	0.0062	629.5	27554
208	170.0926		10060	0.0067	115.6	25426
209	170.9577		3222	0.0068	37.1	25234
210	171.0139	1+	2095	0.0089	24.1	19219
211	171.0959		728	0.009	8.4	19050
212	171.9915		3521	0.007	40.5	24406
213	172.0073	1+	2171	0.0068	25	25215
214	172.0944		758	0.0064	8.7	26762
215	175.118		472	0.0068	5.5	25678
216	176.972		434	0.0085	5	20860
217	177.0982	1+	333829	0.0063	3862.1	28264
218	177.1346		811	0.0075	9.4	23642
219	178.1011	1+	18667	0.0077	216.6	23005
220	179.1024	1+	2221	0.0086	25.8	20826
221	181.0288		556	0.0066	6.5	27354
222	182.9851		564	0.0071	6.6	25845
223	185.0235		1731	0.0071	20.3	26048
224	186.0071		1755	0.0069	20.5	26910
225	186.0433		554	0.0076	6.5	24600
226	186.2218		544	0.0073	6.4	25382
227	186.9561		1310	0.0075	15.3	24923
228	187.0382		6068	0.0071	71.1	26487
229	189.0988		884	0.0068	10.4	27816
230	190.0024		921	0.0066	10.8	28829
231	191.9935		12733	0.007	150.2	27294
232	192.9971		520	0.0086	6.1	22338
233	193.9735		1250	0.0076	14.8	25425
234	193.9895		368	0.0175	4.4	11054
235	194.0924		517	0.0077	6.1	25145
236	195.1227		618	0.0076	7.3	25676
237	197.0921		2145	0.0073	25.5	26833
238	199.0802	1+	41689	0.0074	495.9	27003
239	199.0966		1089	0.0062	12.9	32213
240	200.0834	1+	2497	0.0097	29.8	20565
241	200.9715		368	0.0094	4.4	21288
242	201.0083		888	0.008	10.6	25174
243	204.0185		539	0.0067	6.5	30568
244	204.1087		426	0.0071	5.1	28590
245	205.0211		851	0.0077	10.2	26654
246	207.9586		2769	0.0082	33.4	25238
247	212.103		15068	0.008	182.6	26648
248	213.1065		2026	0.0088	24.6	24337
249	213.9755		2453	0.0077	29.8	27653
250	214.0261		1453	0.0073	17.7	29156
251	214.9176		10934	0.0079	133	27300
252	215.0533		2404	0.013	29.2	16558
253	215.922		414	0.0086	5	25183
254	216.1225		833	0.0071	10.1	30631
255	218.91		426	0.0083	5.2	26446
256	219.0749		624	0.0093	7.6	23441
257	220.9345		15414	0.0079	188.4	28103
258	221.0623		14776	0.0082	180.6	27039
259	221.078		3253	0.0088	39.8	25170
260	221.9385		455	0.0071	5.6	31325
261	222.0655		962	0.0104	11.8	21373
262	222.0815		552	0.0081	6.8	27251
263	222.1131		973	0.0082	11.9	27042
264	223.0326		520	0.0079	6.4	28278
265	223.0754		3695	0.0085	45.3	26292
266	224.0786		792	0.0085	9.7	26302
267	224.1031		768	0.0079	9.4	28452
268	224.1281		5765	0.0079	70.6	28402
269	224.5446		1003	0.0083	12.3	26969
270	224.9275		400	0.0076	4.9	29683
271	225.132		843	0.0082	10.3	27526
272	225.9695		1878	0.0083	23	27189
273	226.9515		5678	0.0081	69.7	27885
274	228.0875		2646	0.008	32.6	28380
275	228.5892		649	0.0071	8	32086
276	228.934		467	0.008	5.8	28562
277	229.9404		349	0.0091	4.3	25207
278	231.0966		341	0.007	4.2	33183
279	232.9284		5679	0.0084	70.2	27742
280	233.0566		745	0.0097	9.2	23910
281	233.1246		842	0.009	10.4	25923
282	234.9509		465	0.0105	5.8	22291
283	235.958		785	0.009	9.7	26164
284	236.1466		1402	0.0087	17.4	27299
285	236.9102		346	0.0164	4.3	14427
286	237.0363		1317	0.0088	16.4	26814
287	237.0519		406	0.0082	5.1	28915
288	238.9449		426	0.0084	5.3	28581
289	239.0786		594	0.0088	7.4	27287
290	239.1489		349	0.0071	4.3	33896
291	241.1296	1+	216421	0.0082	2706.4	29368
292	242.1328	1+	26298	0.009	329.9	26889
293	242.9257		589	0.0095	7.4	25633
294	243.1347	1+	2936	0.0094	36.9	25886
295	243.9802		671	0.009	8.4	27195
296	248.9852		10789	0.0088	136.7	28430
297	249.9877		718	0.0103	9.1	24388
298	250.9397		4732	0.0075	60	33544
299	250.9826		577	0.0096	7.3	26267
300	255.9438		7924	0.0089	101.2	28815
301	256.1401		2250	0.0083	28.7	30983
302	256.9471		371	0.0092	4.7	27820
303	257.1243		2165	0.0093	27.7	27500
304	259.9385		366	0.0098	4.7	26515
305	260.1035		2277	0.009	29.2	28910
306	260.6036		488	0.0082	6.3	31736
307	261.0507		20157	0.0092	258.9	28511
308	262.054		1448	0.011	18.6	23813
309	263.1118		28599	0.0088	368.4	29987
310	264.1146		3131	0.0102	40.3	25918
311	264.9562		372	0.0124	4.8	21386
312	266.9957		3214	0.0088	41.6	30321
313	268.1397		474	0.0115	6.1	23279
314	270.0627		394	0.0097	5.1	27951
315	271.0942		533	0.0083	6.9	32534
316	273.9548		4076	0.0095	53.3	28946
317	275.0656		467	0.0093	6.1	29628
318	275.946		4230	0.0088	55.4	31297
319	277.9453		416	0.0151	5.5	18451
320	279.0611		888	0.0118	11.7	23715
321	279.0863		996	0.0152	13.1	18420
322	281.0534		347	0.0077	4.6	36478
323	282.9049		9341	0.01	123.3	28250
324	283.0328		13321	0.0092	176	30755
325	283.9099		477	0.0101	6.3	28083
326	284.0354		861	0.0102	11.4	27711
327	285.0939		9523	0.0102	126.3	28011
328	286.0972		989	0.0113	13.1	25316
329	286.8978		450	0.0096	6	29896
330	288.922		14211	0.0094	189.5	30893
331	289.0494		3216	0.0102	42.9	28446
332	289.9248		684	0.0086	9.1	33571
333	291.9122		413	0.0145	5.5	20179
334	293.9566		719	0.0107	9.6	27367
335	294.1773		436	0.0096	5.8	30650
336	294.9393		452	0.0094	6.1	31213
337	296.9205		517	0.0113	6.9	26322
338	297.1563		2513	0.0118	33.8	25212
339	297.9282		1068	0.0109	14.4	27420
340	298.158		395	0.0103	5.3	28828
341	299.0069		412	0.0102	5.6	29206
342	300.916		7238	0.01	97.8	30203
343	301.0437		792	0.0107	10.7	28131
344	301.0677		742	0.011	10	27493
345	301.9205		414	0.0102	5.6	29505
346	302.0802		553	0.0099	7.5	30390
347	304.1405		21073	0.01	285.1	30542
348	304.8969		1206	0.011	16.3	27663
349	305.0212		379	0.0092	5.1	33083
350	305.1435		2880	0.0129	39	23595
351	309.9213		402	0.0118	5.4	26249
352	314.9318		344	0.0098	4.7	32069
353	315.1669		2495	0.0099	33.9	31975
354	315.8802		339	0.0113	4.6	27856
355	315.9386		409	0.0102	5.6	31068
356	316.1689		518	0.0087	7	36285
357	319.1379		1900	0.0127	25.9	25166
358	325.0826		15906	0.0103	216.5	31537
359	326.0846		1966	0.0113	26.8	28865
360	326.1221		761	0.0108	10.4	30272
361	332.937		1398	0.0115	19.1	28886
362	335.11		788	0.0121	10.7	27598
363	337.1481		562	0.0121	7.6	27758
364	339.0162		5227	0.0117	71	29051
365	339.0984		383	0.0104	5.2	32463
366	340.018		437	0.0142	5.9	24004
367	341.0127		440	0.0163	6	20962
368	343.0934		486	0.0133	6.6	25725
369	344.0022		559	0.0108	7.6	31957
370	344.8751		1986	0.0133	27	26022
371	345.0031		2449	0.0117	33.2	29480
372	346.1001		565	0.0121	7.7	28717
373	346.2779		492	0.0145	6.7	23895
374	347.0645		6930	0.0125	93.9	27751
375	348.0671		1101	0.0116	14.9	30032
376	350.8929		9640	0.0109	130.3	32115
377	350.9477		1162	0.0117	15.7	30079
378	351.0202		6911	0.0117	93.4	30070
379	351.8963		620	0.0114	8.4	30956
380	352.0242		712	0.014	9.6	25111
381	353.0813		3097	0.0121	41.8	29242
382	353.1896		2364	0.0123	31.9	28693
383	354.0839		486	0.0144	6.6	24607
384	354.8849		554	0.0115	7.5	30727
385	356.9096		4415	0.0107	59.6	33394
386	357.0369		2895	0.0135	39.1	26514
387	357.9883		341	0.0118	4.6	30427
388	358.208		723	0.012	9.7	29925
389	359.8984		1201	0.0128	16.2	28054
390	360.9981		1619	0.0129	21.8	27928
391	362.8867		1440	0.0127	19.3	28662
392	362.9269		673	0.0135	9	26956
393	363.014		2460	0.0123	33	29485
394	364.9085		533	0.0139	7.1	26235
395	365.0743		496	0.0127	6.6	28689
396	365.9143		715	0.0135	9.6	27075
397	366.8664		533	0.0146	7.1	25132
398	366.9931		423	0.016	5.7	22980
399	367.1238		362	0.0129	4.8	28441
400	368.0841		753	0.014	10.1	26336
401	368.904		584	0.0142	7.8	26028
402	369.0542		417	0.0103	5.6	35799
403	372.8843		612	0.0117	8.1	31974
404	373.0116		394	0.0101	5.2	36757
405	375.1712		1704	0.0118	22.6	31838
406	376.963		2195	0.0134	29.1	28066
407	377.9099		1039	0.0109	13.8	34631
408	380.0943		398	0.0138	5.3	27559
409	380.898		1034	0.013	13.7	29264
410	381.1224		769	0.0114	10.2	33385
411	382.9788		969	0.0132	12.8	28933
412	383.0355		397	0.0143	5.2	26696
413	383.0997		440	0.0126	5.8	30314
414	384.0498		1213	0.0122	16	31494
415	384.1306		537	0.0107	7.1	36001
416	384.8869		381	0.0112	5	34496
417	385.9031		1024	0.0142	13.5	27226
418	386.0436		370	0.0136	4.9	28296
419	387.1257		424	0.0149	5.6	26005
420	390.0657		365	0.0116	4.8	33742
421	391.1372		1496	0.0126	19.6	31156
422	393.9893		371	0.012	4.8	32769
423	394.9741		2049	0.0121	26.7	32703
424	397.1541		1042	0.0129	13.6	30687
425	398.9451		2213	0.0131	28.8	30566
426	400.9376		354	0.018	4.6	22232
427	403.9124		763	0.0145	9.9	27813
428	406.0321		604	0.0134	7.8	30359
429	409.0343		1397	0.0128	18	31844
430	410.1336		2344	0.0126	30.2	32573
431	411.1364		476	0.0114	6.1	36179
432	412.1074		619	0.013	8	31818
433	412.8628		2127	0.0145	27.4	28475
434	412.9914		3889	0.0136	50	30406
435	413.1182		1507	0.0142	19.4	29165
436	413.995		469	0.0159	6	26078
437	414.0209		407	0.0144	5.2	28767
438	414.0869		525	0.0148	6.7	28046
439	415.0513		4150	0.0132	53.3	31453
440	415.1153		1008	0.0125	13	33205
441	415.6175		507	0.0125	6.5	33300
442	416.0563		707	0.0183	9.1	22747
443	416.1464		363	0.0215	4.7	19383
444	417.0295		426	0.0157	5.5	26610
445	417.0933		623	0.0131	8	31852
446	417.2202		2290	0.0127	29.4	32772
447	418.1262		548	0.0124	7	33668
448	418.2219		613	0.016	7.8	26079
449	418.8803		5719	0.0132	73.2	31732
450	419.0078		4323	0.0128	55.3	32639
451	419.1351		709	0.0151	9.1	27710
452	419.8835		484	0.0128	6.2	32837
453	420.0107		424	0.0158	5.4	26619
454	420.9271		670	0.0163	8.6	25870
455	421.0687		1467	0.0139	18.7	30222
456	422.0714		366	0.0176	4.7	23926
457	424.8973		2756	0.0144	35.1	29482
458	425.025		1055	0.0159	13.4	26677
459	427.0449		1394	0.0148	17.8	28939
460	427.886		553	0.0172	7	24905
461	428.0843		1098	0.0135	14	31767
462	430.8732		2230	0.0138	28.4	31276
463	432.1158		810	0.0126	10.3	34190
464	432.9205		463	0.0146	5.9	29583
465	434.8557		428	0.0182	5.4	23844
466	434.9829		418	0.0144	5.3	30201
467	439.2029		3245	0.0144	41.1	30559
468	440.2038		508	0.0154	6.4	28604
469	440.8709		483	0.0126	6.1	35092
470	444.0578		532	0.015	6.7	29576
471	445.0698		337	0.0177	4.2	25123
472	445.1334		401	0.0128	5.1	34676
473	446.1007		523	0.0146	6.6	30647
474	447.131		871	0.0116	11	38394
475	448.016		643	0.012	8.1	37291
476	448.0804		2014	0.012	25.4	37240
477	448.1418		600	0.0169	7.6	26501
478	449.0442		391	0.0161	4.9	27893
479	449.1091		829	0.0133	10.5	33655
480	449.6106		439	0.0158	5.5	28422
481	449.9309		378	0.0129	4.8	34855
482	449.9965		350	0.0155	4.4	29049
483	450.1413		491	0.0214	6.2	21015
484	451.0222		402	0.0138	5.1	32651
485	451.0877		666	0.0143	8.4	31541
486	455.1678		2304	0.0144	29	31547
487	455.9368		604	0.016	7.6	28448
488	456.1691		403	0.0192	5.1	23750
489	461.1844		2378	0.0163	29.8	28327
490	462.1889		427	0.0164	5.3	28123
491	469.1681		402	0.0121	5	38874
492	470.0652		455	0.0207	5.7	22736
493	474.0884		723	0.0161	9	29427
494	474.8327		634	0.0187	7.9	25354
495	474.9591		837	0.0178	10.4	26701
496	475.0892		826	0.0137	10.3	34630
497	477.0222		1923	0.0166	24	28777
498	477.1494		3228	0.0157	40.2	30362
499	478.0249		549	0.0134	6.8	35739
500	478.1521		536	0.0158	6.7	30316
501	479.0646		354	0.0134	4.4	35722
502	479.1298		381	0.0185	4.7	25868
503	480.0932		668	0.0124	8.3	38564
504	480.1594		1697	0.0128	21.1	37458
505	480.6594		524	0.0126	6.5	38073
506	480.8498		2053	0.0161	25.5	29809
507	480.9111		445	0.0214	5.5	22444
508	480.9784		2564	0.0171	31.9	28128
509	481.1069		1243	0.0221	15.5	21772
510	481.2523		1753	0.0162	21.8	29624
511	481.9819		395	0.0215	4.9	22426
512	482.0108		526	0.0201	6.5	23978
513	482.0734		492	0.0195	6.1	24736
514	482.1363		738	0.0154	9.2	31228
515	482.2544		413	0.015	5.1	32171
516	483.0387		2290	0.0165	28.5	29335
517	483.103		1071	0.0141	13.3	34352
518	483.1665		2406	0.0171	29.9	28321
519	483.9224		395	0.0194	4.9	24965
520	484.0439		506	0.0246	6.3	19677
521	484.1317		390	0.0145	4.8	33277
522	484.1706		493	0.0169	6.1	28610
523	485.0176		524	0.0117	6.5	41461
524	485.0823		356	0.0157	4.4	30893
525	486.8671		2627	0.0158	32.5	30897
526	486.9294		359	0.0115	4.4	42422
527	486.9951		1923	0.0165	23.8	29570
528	487.1237		535	0.0172	6.6	28376
529	489.054		793	0.0127	9.8	38634
530	489.8561		471	0.0151	5.8	32343
531	490.0623		738	0.0203	9.1	24123
532	492.0435		350	0.0169	4.3	29091
533	492.8449		528	0.0203	6.5	24320
534	492.8842		1043	0.0151	12.9	32647
535	492.974		348	0.0192	4.3	25712
536	493.0112		416	0.02	5.2	24599
537	495.873		445	0.0147	5.5	33652
538	498.8627		717	0.0157	8.9	31804
539	501.1822		479	0.0168	5.9	29822
540	503.2344		1138	0.0187	14.1	26977
541	504.1879		348	0.0163	4.3	30893
542	504.2382		359	0.0198	4.4	25430
543	508.0191		744	0.0138	9.2	36830
544	511.1426		354	0.0203	4.4	25127
545	512.1086		350	0.0154	4.3	33339
546	512.1737		1279	0.0158	15.8	32361
547	512.6767		517	0.0188	6.4	27236
548	513.0572		372	0.0116	4.6	44227
549	513.1201		512	0.0138	6.3	37080
550	514.0872		482	0.0189	6	27150
551	514.1516		1390	0.0148	17.2	34688
552	514.9721		335	0.0173	4.1	29762
553	515.1211		553	0.0217	6.8	23767
554	515.1831		1008	0.0138	12.4	37314
555	516.0057		430	0.0175	5.3	29456
556	516.0669		509	0.013	6.3	39846
557	516.1323		631	0.0149	7.8	34751
558	517.0931		366	0.014	4.5	37007
559	517.163		436	0.0191	5.4	27033
560	517.9797		341	0.0229	4.2	22574
561	519.0772		384	0.0179	4.7	28967
562	519.1988		1154	0.0151	14.2	34333
563	525.046		418	0.0192	5.1	27303
564	525.2152		1065	0.0183	13.1	28627
565	530.002		1032	0.0209	12.7	25383
566	538.993		644	0.0166	7.9	32419
567	539.1201		513	0.0159	6.3	33898
568	541.1816		813	0.024	10	22564
569	542.0789		395	0.0223	4.8	24336
570	542.8219		577	0.0207	7.1	26245
571	542.9508		965	0.0208	11.8	26105
572	543.0749		681	0.0216	8.3	25097
573	544.1919		657	0.0186	8	29301
574	545.0112		1103	0.019	13.5	28626
575	545.1365		1710	0.0187	20.9	29085
576	545.6402		340	0.0129	4.2	42428
577	545.9658		1943	0.0185	23.8	29463
578	546.1683		1412	0.0181	17.3	30114
579	546.6709		941	0.0167	11.5	32747
580	546.9864		489	0.0149	6	36750
581	547.0519		349	0.0172	4.3	31879
582	547.1161		376	0.0213	4.6	25745
583	547.1977		2195	0.0191	26.9	28708
584	547.9631		345	0.0229	4.2	23895
585	548.0793		662	0.0121	8.1	45441
586	548.1452		972	0.0198	11.9	27622
587	548.2006		425	0.0221	5.2	24778
588	548.6467		569	0.017	7	32244
589	548.838		1466	0.0182	17.9	30121
590	548.9657		1909	0.0204	23.4	26863
591	549.0944		954	0.0192	11.7	28582
592	549.1735		383	0.0173	4.7	31757
593	550.0029		349	0.0166	4.3	33115
594	550.123		373	0.0184	4.6	29979
595	551.0267		1228	0.0189	15	29155
596	551.1539		840	0.0187	10.3	29503
597	551.9078		421	0.0164	5.1	33606
598	551.9788		564	0.0279	6.9	19782
599	552.03		346	0.0142	4.2	38764
600	553.0006		356	0.0168	4.3	32985
601	553.0637		407	0.0238	5	23257
602	554.8545		1218	0.018	14.9	30834
603	554.9814		1086	0.0181	13.2	30682
604	560.8313		372	0.0189	4.5	29648
605	560.8717		499	0.0169	6.1	33150
606	567.9479		1022	0.0151	12.4	37690
607	568.2065		373	0.0157	4.5	36143
608	577.157		449	0.0262	5.5	22066
609	577.6598		353	0.0217	4.3	26576
610	578.1858		482	0.0296	5.9	19537
611	578.6804		405	0.0202	4.9	28629
612	579.1347		843	0.0182	10.3	31754
613	579.1957		613	0.0237	7.5	24428
614	580.1617		1177	0.0205	14.3	28234
615	580.6634		645	0.0217	7.8	26806
616	581.0435		608	0.017	7.4	34098
617	581.1074		502	0.0134	6.1	43378
618	581.1736		388	0.0143	4.7	40747
619	581.1886		529	0.0177	6.4	32896
620	582.1387		733	0.0161	8.9	36221
621	582.9594		339	0.0226	4.1	25822
622	583.1699		376	0.0131	4.6	44614
623	583.915		641	0.0276	7.8	21147
624	583.9921		339	0.0216	4.1	27033
625	589.9319		423	0.0252	5.1	23410
626	600.2192		385	0.0169	4.6	35559
627	605.8982		407	0.0189	4.9	32095
628	606.981		478	0.02	5.7	30342
629	607.1077		564	0.0233	6.8	26052
630	608.2037		541	0.0158	6.5	38601
631	609.1667		584	0.023	7	26527
632	610.1808		661	0.021	7.9	29034
633	610.6849		345	0.0183	4.1	33449
634	610.8084		580	0.0221	7	27649
635	610.9353		817	0.0216	9.8	28300
636	611.0653		514	0.0243	6.2	25190
637	611.1477		402	0.0288	4.8	21228
638	611.2109		769	0.025	9.2	24483
639	611.7124		529	0.017	6.3	36040
640	612.1613		507	0.0128	6.1	47696
641	612.1795		883	0.0238	10.6	25680
642	612.9966		949	0.0216	11.4	28381
643	613.1251		1430	0.0186	17.1	32895
644	613.1899		774	0.0229	9.3	26830
645	613.6886		359	0.0207	4.3	29718
646	614.1551		924	0.018	11.1	34180
647	615.041		377	0.0186	4.5	32989
648	615.1102		335	0.0375	4	16385
649	615.1839		608	0.0254	7.3	24179
650	616.0685		370	0.0183	4.4	33574
651	616.1304		427	0.0242	5.1	25411
652	616.8252		1077	0.022	12.9	28017
653	616.9546		1103	0.0216	13.2	28608
654	617.085		746	0.0183	8.9	33777
655	617.9838		409	0.0153	4.9	40262
656	619.0141		521	0.027	6.2	22904
657	619.1399		397	0.0211	4.8	29309
658	619.8974		379	0.0188	4.5	32945
659	619.9591		406	0.0173	4.8	35757
660	622.8438		628	0.0233	7.5	26781
661	622.9714		588	0.0251	7	24859
662	642.1985		541	0.0241	6.5	26633
663	643.2268		776	0.0203	9.3	31759
664	644.1732		745	0.0209	8.9	30889
665	645.1447		441	0.0324	5.3	19894
666	645.2052		1069	0.0203	12.8	31709
667	645.7066		613	0.0202	7.3	31993
668	646.1629		451	0.0328	5.4	19680
669	647.1187		401	0.0163	4.8	39725
670	647.1856		471	0.0211	5.6	30640
671	648.1517		449	0.0147	5.3	44141
672	650.9479		354	0.0183	4.2	35512
673	653.2405		601	0.02	7.1	32610
674	659.2592		381	0.0262	4.5	25156
675	674.9646		425	0.0159	5	42418
676	675.0965		523	0.0284	6.2	23763
677	675.2225		890	0.0262	10.5	25780
678	676.1923		788	0.0232	9.3	29173
679	676.692		462	0.0173	5.5	39161
680	677.1556		681	0.0254	8	26711
681	677.22		1106	0.0209	13.1	32401
682	677.7203		666	0.0187	7.9	36164
683	678.1689		649	0.02	7.7	33911
684	678.2232		566	0.0169	6.7	40134
685	678.672		377	0.0185	4.5	36633
686	678.7958		588	0.0205	6.9	33098
687	678.9209		567	0.0278	6.7	24381
688	679.1967		853	0.0225	10.1	30145
689	679.6982		435	0.0217	5.1	31368
690	680.1702		358	0.0255	4.2	26650
691	680.2024		337	0.0273	4	24937
692	680.9823		389	0.0264	4.6	25838
693	681.1139		758	0.0267	8.9	25526
694	681.1693		412	0.0179	4.9	38104
695	681.2396		368	0.0204	4.3	33335
696	684.8084		517	0.0248	6.1	27602
697	684.9411		645	0.024	7.6	28507
698	690.9572		418	0.0294	4.9	23471
699	699.0065		527	0.0238	6.2	29420
700	708.2057		503	0.0141	6	50343
701	708.7087		351	0.0239	4.2	29663
702	709.2236		485	0.0367	5.8	19331
703	710.1827		572	0.0226	6.8	31446
704	710.7512		381	0.0179	4.5	39683
705	711.2132		802	0.0211	9.5	33706
706	711.7139		452	0.0228	5.4	31169
707	712.1592		431	0.0246	5.1	28977
708	713.1922		515	0.0213	6.1	33478
709	717.2712		385	0.0272	4.6	26370
710	723.2869		344	0.025	4.1	28918
711	736.9473		409	0.0334	4.9	22069
712	739.2509		607	0.0305	7.2	24246
713	740.197		369	0.0129	4.4	57295
714	740.2515		361	0.0277	4.3	26690
715	741.2316		471	0.0223	5.6	33249
716	742.1962		558	0.0229	6.6	32473
717	742.2643		354	0.0343	4.2	21647
718	742.7082		357	0.0297	4.2	24966
719	742.9524		353	0.0301	4.2	24690
720	743.0823		524	0.0276	6.2	26940
721	743.2136		642	0.0374	7.6	19883
722	744.1759		413	0.0295	4.9	25245
723	744.2142		337	0.0247	4	30121
724	744.2426		345	0.0167	4.1	44476
725	745.1893		380	0.0239	4.5	31219
726	745.2066		516	0.0253	6.1	29463
727	745.2694		348	0.0194	4.1	38376
728	746.7816		369	0.0259	4.4	28861
729	746.9157		391	0.0296	4.6	25208
730	747.0453		412	0.0213	4.9	35119
731	747.1829		477	0.0184	5.7	40534
732	749.0973		409	0.0256	4.9	29261
733	749.22		472	0.0172	5.6	43469
734	752.9236		668	0.0226	7.9	33278
735	753.0561		369	0.0222	4.4	33997
736	758.934		416	0.0412	5	18403
737	775.2235		373	0.0283	4.5	27433
738	776.2573		622	0.0214	7.5	36243
739	777.2028		365	0.0163	4.4	47699
740	777.2169		365	0.0331	4.4	23465
741	807.2435		610	0.027	7.4	29854
742	808.8868		339	0.026	4.1	31149
743	809.2214		348	0.0353	4.2	22946
744	810.2488		442	0.0182	5.4	44605
745	811.068		397	0.0284	4.8	28544
746	811.2021		427	0.0259	5.2	31273
747	814.8983		367	0.0214	4.5	38120