0000000000000000000000000000000000000000000000000000000000
0000000000000000000000000000000000000000000000000000000000
0000000000000000000000000000000000000000000000000000000000
0000000000000000000000000000000000000000000000000000000000
0000000000000000000000000000000000000000000000000000000000
0000000000000000000000000000000000000000000000000000000000
0000000000000000000000000000000000000000000000000000000000
0000000000000000000000000000000000000000000000000000000000
0000000011111111111111000011001111001111111111111100000000
0000000011111111111111000011001111001111111111111100000000
0000000011000000000011000011111100001100000000001100000000
0000000011000000000011000011111100001100000000001100000000
0000000011001111110011001111001111001100111111001100000000
0000000011001111110011001111001111001100111111001100000000
0000000011001111110011000011001100001100111111001100000000
0000000011001111110011000011001100001100111111001100000000
0000000011001111110011000000110011001100111111001100000000
0000000011001111110011000000110011001100111111001100000000
0000000011000000000011000000000011001100000000001100000000
0000000011000000000011000000000011001100000000001100000000
0000000011111111111111001100110011001111111111111100000000
0000000011111111111111001100110011001111111111111100000000
0000000000000000000000001111001111000000000000000000000000
0000000000000000000000001111001111000000000000000000000000
0000000011111100111111111111111100111100000011000000000000
0000000011111100111111111111111100111100000011000000000000
0000000000001100111100110000000000001111001100110000000000
0000000000001100111100110000000000001111001100110000000000
0000000011111111110011001111110011000000111100110000000000
0000000011111111110011001111110011000000111100110000000000
0000000011110011001100111100000000001111001111110000000000
0000000011110011001100111100000000001111001111110000000000
0000000000110011000011001111110011001111001111110000000000
0000000000110011000011001111110011001111001111110000000000
0000000000000000000000001111111100110011001111000000000000
0000000000000000000000001111111100110011001111000000000000
0000000011111111111111001111001100111111000011001100000000
0000000011111111111111001111001100111111000011001100000000
0000000011000000000011001100111111110000000000000000000000
0000000011000000000011001100111111110000000000000000000000
0000000011001111110011001111001100111100111100111100000000
0000000011001111110011001111001100111100111100111100000000
0000000011001111110011000011000000001111111100110000000000
0000000011001111110011000011000000001111111100110000000000
0000000011001111110011001111110011000011111100001100000000
0000000011001111110011001111110011000011111100001100000000
0000000011000000000011001111000000001111111100111100000000
0000000011000000000011001111000000001111111100111100000000
0000000011111111111111001111000011001111000011001100000000
0000000011111111111111001111000011001111000011001100000000
0000000000000000000000000000000000000000000000000000000000
0000000000000000000000000000000000000000000000000000000000
0000000000000000000000000000000000000000000000000000000000
0000000000000000000000000000000000000000000000000000000000
0000000000000000000000000000000000000000000000000000000000
0000000000000000000000000000000000000000000000000000000000
0000000000000000000000000000000000000000000000000000000000
0000000000000000000000000000000000000000000000000000000000
