JD  2438792.990278

Moon             310.2013519  -3.8172231    0.002697330
Sun              312.4204660  -0.0000755    0.985517652
Mercury          297.0775835  -1.4069885    1.335584260
Venus            295.2084801  -0.4031253    1.607372227
Mars             177.9665927   3.6509407    0.820464175
Jupiter          46.9285042  -0.9034168    4.843977618
Saturn           334.6013835  -1.5650700   10.644527088
Uranus           164.0317817   0.8096795   17.442759228
Neptune          229.9100681   1.7544976   30.435481167
Pluto            165.8252708  14.5469133   31.869196983