JD  2438792.990278

Moon     310.206110256239    -3.81620352387907       0.00269721822474259
Sun      312.430375056451    -5.33296625803429e-005  0.985516717978114
Mercury  297.077789573037    -1.40804252827313       1.33561786521061
Venus    295.208838645531    -0.404186377323587      1.60741780725896
Mars     177.966221389311    3.65259156504871        0.820524845842018
Jupiter   46.9290023112552    -0.904184663749155      4.84350646436129
Saturn   334.601916856672    -1.56653352602528       10.6441739402921
Uranus   164.031965369408    0.811550865197384       17.4437562239144
Neptune  229.922406942852    1.75502856953252        30.4404403579042
Pluto    165.825427045584    14.548670580237         31.8709401526585
