  11       0 sr0 0 0 0 0 0 0 0 0 0 0 0 0 0 0 0 0 0
   8       0 sda 14683 5170 1006894 6361 5454 4185 304914 5495 0 13932 15164 0 0 0 0 2302 3306
   8       1 sda1 11023 4684 690170 4973 3700 1428 141328 3043 0 10536 8016 0 0 0 0 0 0
   8       2 sda2 2 0 4 0 0 0 0 0 0 8 0 0 0 0 0 0 0
   8       5 sda5 3166 441 289522 1192 1639 2641 162992 2280 0 3956 3473 0 0 0 0 0 0
   8       6 sda6 68 0 4576 28 0 0 0 0 0 76 28 0 0 0 0 0 0
   8       7 sda7 161 32 9276 69 96 115 530 159 0 288 229 0 0 0 0 0 0
   8       8 sda8 139 13 8946 49 18 1 64 10 0 124 59 0 0 0 0 0 0
   7       0 loop0 0 0 0 0 0 0 0 0 0 0 0 0 0 0 0 0 0
   7       1 loop1 0 0 0 0 0 0 0 0 0 0 0 0 0 0 0 0 0
   7       2 loop2 0 0 0 0 0 0 0 0 0 0 0 0 0 0 0 0 0
   7       3 loop3 0 0 0 0 0 0 0 0 0 0 0 0 0 0 0 0 0
   7       4 loop4 0 0 0 0 0 0 0 0 0 0 0 0 0 0 0 0 0
   7       5 loop5 0 0 0 0 0 0 0 0 0 0 0 0 0 0 0 0 0
   7       6 loop6 0 0 0 0 0 0 0 0 0 0 0 0 0 0 0 0 0
   7       7 loop7 0 0 0 0 0 0 0 0 0 0 0 0 0 0 0 0 0