
Message 1  

Subset 1

     1  001001               71
     2  001002              815
     3  002011               71
     4  002012          missing
     5  004001             2008
     6  004002                3
     7  004003                2
     8  004004               12
     9  004005                0
    10  005001            48.57
    11  006001           -58.57
    12  007001               61
    13  020010          missing
    14  008002                1
    15  020011          missing
    16  020013          missing
    17  020012          missing
    18  020012          missing
    19  020012          missing
    20  031001               20
    21  007004           100000
    22  008001               32
    23  010003               40
    24  012001          missing
    25  012003          missing
    26  011001          missing
    27  011002          missing
    28  007004            99300
    29  008001               68
    30  010003              600
    31  012001            269.5
    32  012003            268.8
    33  011001               90
    34  011002             11.3
    35  007004            92500
    36  008001               32
    37  010003             6050
    38  012001            266.1
    39  012003            265.8
    40  011001              110
    41  011002             30.9
    42  007004            89700
    43  008001                4
    44  010003             8410
    45  012001            264.9
    46  012003            264.8
    47  011001          missing
    48  011002          missing
    49  007004            85900
    50  008001                4
    51  010003            11730
    52  012001            269.1
    53  012003            269.1
    54  011001          missing
    55  011002          missing
    56  007004            85000
    57  008001               32
    58  010003            12520
    59  012001            268.9
    60  012003            268.9
    61  011001              140
    62  011002             43.2
    63  007004            82500
    64  008001                4
    65  010003            14850
    66  012001            267.9
    67  012003            267.8
    68  011001          missing
    69  011002          missing
    70  007004            80800
    71  008001                4
    72  010003            16460
    73  012001            271.3
    74  012003            267.1
    75  011001          missing
    76  011002          missing
    77  007004            79800
    78  008001                4
    79  010003            17430
    80  012001            271.1
    81  012003            267.1
    82  011001          missing
    83  011002          missing
    84  007004            70000
    85  008001               32
    86  010003            27510
    87  012001            265.3
    88  012003            262.6
    89  011001              205
    90  011002             26.7
    91  007004            61800
    92  008001                4
    93  010003            36890
    94  012001            258.7
    95  012003            257.1
    96  011001          missing
    97  011002          missing
    98  007004            53100
    99  008001                4
   100  010003            48020
   101  012001            252.1
   102  012003            248.7
   103  011001          missing
   104  011002          missing
   105  007004            50400
   106  008001                4
   107  010003            51780
   108  012001            249.5
   109  012003            246.2
   110  011001          missing
   111  011002          missing
   112  007004            50000
   113  008001               32
   114  010003            52330
   115  012001            248.9
   116  012003            245.4
   117  011001              180
   118  011002             30.3
   119  007004            44500
   120  008001                4
   121  010003            60550
   122  012001            241.3
   123  012003            238.7
   124  011001          missing
   125  011002          missing
   126  007004            40000
   127  008001               32
   128  010003            67820
   129  012001            235.1
   130  012003            232.4
   131  011001              170
   132  011002             34.5
   133  007004            36600
   134  008001                4
   135  010003            73770
   136  012001            230.1
   137  012003            226.8
   138  011001          missing
   139  011002          missing
   140  007004            30000
   141  008001               32
   142  010003            86530
   143  012001            217.7
   144  012003            213.6
   145  011001              165
   146  011002               36
   147  007004            26500
   148  008001                4
   149  010003            94170
   150  012001            210.3
   151  012003            206.3
   152  011001          missing
   153  011002          missing
   154  007004            25300
   155  008001                4
   156  010003            96970
   157  012001            209.9
   158  012003            205.2
   159  011001          missing
   160  011002          missing
        222000                 
   161  031002              160
   162  031031                0
   163  031031                0
   164  031031                0
   165  031031                1
   166  031031                0
   167  031031                0
   168  031031                0
   169  031031                0
   170  031031                0
   171  031031                0
   172  031031                0
   173  031031                0
   174  031031                1
   175  031031                0
   176  031031                0
   177  031031                1
   178  031031                1
   179  031031                1
   180  031031                1
   181  031031                0
   182  031031                0
   183  031031                0
   184  031031                0
   185  031031                1
   186  031031                1
   187  031031                1
   188  031031                1
   189  031031                0
   190  031031                0
   191  031031                0
   192  031031                0
   193  031031                0
   194  031031                0
   195  031031                0
   196  031031                0
   197  031031                0
   198  031031                0
   199  031031                0
   200  031031                0
   201  031031                0
   202  031031                0
   203  031031                0
   204  031031                0
   205  031031                0
   206  031031                0
   207  031031                0
   208  031031                1
   209  031031                1
   210  031031                0
   211  031031                0
   212  031031                0
   213  031031                0
   214  031031                0
   215  031031                1
   216  031031                1
   217  031031                0
   218  031031                0
   219  031031                0
   220  031031                0
   221  031031                0
   222  031031                0
   223  031031                0
   224  031031                0
   225  031031                0
   226  031031                0
   227  031031                0
   228  031031                0
   229  031031                1
   230  031031                1
   231  031031                0
   232  031031                0
   233  031031                0
   234  031031                0
   235  031031                0
   236  031031                1
   237  031031                1
   238  031031                0
   239  031031                0
   240  031031                0
   241  031031                0
   242  031031                0
   243  031031                1
   244  031031                1
   245  031031                0
   246  031031                0
   247  031031                0
   248  031031                0
   249  031031                0
   250  031031                0
   251  031031                0
   252  031031                0
   253  031031                0
   254  031031                0
   255  031031                0
   256  031031                0
   257  031031                1
   258  031031                1
   259  031031                0
   260  031031                0
   261  031031                0
   262  031031                0
   263  031031                0
   264  031031                1
   265  031031                1
   266  031031                0
   267  031031                0
   268  031031                0
   269  031031                0
   270  031031                0
   271  031031                1
   272  031031                1
   273  031031                0
   274  031031                0
   275  031031                0
   276  031031                0
   277  031031                0
   278  031031                0
   279  031031                0
   280  031031                0
   281  031031                0
   282  031031                0
   283  031031                0
   284  031031                0
   285  031031                1
   286  031031                1
   287  031031                0
   288  031031                0
   289  031031                0
   290  031031                0
   291  031031                0
   292  031031                0
   293  031031                0
   294  031031                0
   295  031031                0
   296  031031                0
   297  031031                0
   298  031031                0
   299  031031                1
   300  031031                1
   301  031031                0
   302  031031                0
   303  031031                0
   304  031031                0
   305  031031                0
   306  031031                0
   307  031031                0
   308  031031                0
   309  031031                0
   310  031031                0
   311  031031                0
   312  031031                0
   313  031031                1
   314  031031                1
   315  031031                0
   316  031031                0
   317  031031                0
   318  031031                0
   319  031031                0
   320  031031                1
   321  031031                1
   322  001031               98
   323  001032                1
   324  031002              126
   325  033007               70
   326  033007               70
   327  033007               70
   328  033007               70
   329  033007               70
   330  033007               70
   331  033007               70
   332  033007               70
   333  033007               70
   334  033007               70
   335  033007               70
   336  033007               70
   337  033007               70
   338  033007               70
   339  033007               75
   340  033007               70
   341  033007               70
   342  033007               70
   343  033007               70
   344  033007               70
   345  033007               70
   346  033007               70
   347  033007               70
   348  033007               70
   349  033007               82
   350  033007               70
   351  033007               74
   352  033007               70
   353  033007               70
   354  033007               60
   355  033007               60
   356  033007               75
   357  033007               70
   358  033007               70
   359  033007               70
   360  033007               70
   361  033007               75
   362  033007               70
   363  033007               70
   364  033007               70
   365  033007               70
   366  033007               82
   367  033007               70
   368  033007               74
   369  033007               70
   370  033007               70
   371  033007               35
   372  033007               35
   373  033007               75
   374  033007               70
   375  033007               70
   376  033007               70
   377  033007               70
   378  033007               75
   379  033007               70
   380  033007               70
   381  033007               70
   382  033007               70
   383  033007               75
   384  033007               70
   385  033007               70
   386  033007               70
   387  033007               70
   388  033007               82
   389  033007               70
   390  033007               74
   391  033007               70
   392  033007               70
   393  033007               60
   394  033007               60
   395  033007               75
   396  033007               70
   397  033007               70
   398  033007               70
   399  033007               70
   400  033007               75
   401  033007               70
   402  033007               70
   403  033007               70
   404  033007               70
   405  033007               75
   406  033007               70
   407  033007               70
   408  033007               70
   409  033007               70
   410  033007               82
   411  033007               70
   412  033007               74
   413  033007               70
   414  033007               70
   415  033007               70
   416  033007               70
   417  033007               75
   418  033007               70
   419  033007               70
   420  033007               70
   421  033007               70
   422  033007               82
   423  033007               70
   424  033007               74
   425  033007               70
   426  033007               70
   427  033007               70
   428  033007               70
   429  033007               75
   430  033007               70
   431  033007               70
   432  033007               70
   433  033007               70
   434  033007               82
   435  033007               70
   436  033007               74
   437  033007               70
   438  033007               70
   439  033007               70
   440  033007               70
   441  033007               75
   442  033007               70
   443  033007               70
   444  033007               70
   445  033007               70
   446  033007               75
   447  033007               70
   448  033007               70
   449  033007               70
   450  033007               70
        223000                 
   451  031002              160
   452  031031                1
   453  031031                1
   454  031031                1
   455  031031                1
   456  031031                1
   457  031031                1
   458  031031                1
   459  031031                1
   460  031031                1
   461  031031                1
   462  031031                1
   463  031031                1
   464  031031                1
   465  031031                1
   466  031031                1
   467  031031                1
   468  031031                1
   469  031031                1
   470  031031                1
   471  031031                1
   472  031031                1
   473  031031                1
   474  031031                0
   475  031031                1
   476  031031                1
   477  031031                1
   478  031031                1
   479  031031                1
   480  031031                1
   481  031031                0
   482  031031                1
   483  031031                1
   484  031031                1
   485  031031                1
   486  031031                1
   487  031031                1
   488  031031                0
   489  031031                1
   490  031031                1
   491  031031                1
   492  031031                1
   493  031031                1
   494  031031                1
   495  031031                0
   496  031031                1
   497  031031                1
   498  031031                1
   499  031031                1
   500  031031                1
   501  031031                1
   502  031031                0
   503  031031                1
   504  031031                1
   505  031031                1
   506  031031                1
   507  031031                1
   508  031031                1
   509  031031                0
   510  031031                1
   511  031031                1
   512  031031                1
   513  031031                1
   514  031031                1
   515  031031                1
   516  031031                0
   517  031031                1
   518  031031                1
   519  031031                1
   520  031031                1
   521  031031                1
   522  031031                1
   523  031031                0
   524  031031                1
   525  031031                1
   526  031031                1
   527  031031                1
   528  031031                1
   529  031031                1
   530  031031                0
   531  031031                1
   532  031031                1
   533  031031                1
   534  031031                1
   535  031031                1
   536  031031                1
   537  031031                0
   538  031031                1
   539  031031                1
   540  031031                1
   541  031031                1
   542  031031                1
   543  031031                1
   544  031031                0
   545  031031                1
   546  031031                1
   547  031031                1
   548  031031                1
   549  031031                1
   550  031031                1
   551  031031                0
   552  031031                1
   553  031031                1
   554  031031                1
   555  031031                1
   556  031031                1
   557  031031                1
   558  031031                0
   559  031031                1
   560  031031                1
   561  031031                1
   562  031031                1
   563  031031                1
   564  031031                1
   565  031031                0
   566  031031                1
   567  031031                1
   568  031031                1
   569  031031                1
   570  031031                1
   571  031031                1
   572  031031                0
   573  031031                1
   574  031031                1
   575  031031                1
   576  031031                1
   577  031031                1
   578  031031                1
   579  031031                0
   580  031031                1
   581  031031                1
   582  031031                1
   583  031031                1
   584  031031                1
   585  031031                1
   586  031031                0
   587  031031                1
   588  031031                1
   589  031031                1
   590  031031                1
   591  031031                1
   592  031031                1
   593  031031                0
   594  031031                1
   595  031031                1
   596  031031                1
   597  031031                1
   598  031031                1
   599  031031                1
   600  031031                0
   601  031031                1
   602  031031                1
   603  031031                1
   604  031031                1
   605  031031                1
   606  031031                1
   607  031031                0
   608  031031                1
   609  031031                1
   610  031031                1
   611  031031                1
   612  001031               98
   613  001032               10
   614  031002               20
   615  010003               50
   616  010003              600
   617  010003             6040
   618  010003             8400
   619  010003            11710
   620  010003            12510
   621  010003            14830
   622  010003            16440
   623  010003            17420
   624  010003            27500
   625  010003            36880
   626  010003            48010
   627  010003            51770
   628  010003            52320
   629  010003            60540
   630  010003            67810
   631  010003            73750
   632  010003            86500
   633  010003            94160
   634  010003            96970
