    0	1	2	3	4	5	6
    Su  Mo  Tu  We  Th  Fr  Sa
1	1	2	3	4	5	6	7	
2	8	9	10	11	12	13	14
3	15	16	17	18	19	20	21
4	22	23	24	25	26	27	28
5	29	30	31

    0	1	2	3	4	5	6
    Su  Mo  Tu  We  Th  Fr  Sa
1		1	2	3	4	5	6
2	7	8	9	10	11	12	13
3	14	15	16	17	18	19	20
4	21	22	23	24	25	26	27
5	28	29	30	31

    0	1	2	3	4	5	6
    Su  Mo  Tu  We  Th  Fr  Sa
1           1	2	3	4	5
2   6   7   8	9	10	11	12
3	13	14	15	16	17	18	19
4	20	21	22	23	24	25	26
5	27	28	29	30  31

    0	1	2	3	4	5	6
    Su  Mo  Tu  We  Th  Fr  Sa
1               1	2	3	4
2   5   6   7	8	9	10	11
3   12	13	14	15	16	17	18
4   19	20	21	22	23	24	25
5   26	27	28	29	30	31

    0	1	2	3	4	5	6
    Su  Mo  Tu  We  Th  Fr  Sa
1					1	2	3
2   4   5   6   7	8	9	10
3   11	12	13	14	15	16	17
4   18	19	20	21	22	23	24
5   25	26	27	28	29	30  31

    0	1	2	3	4	5	6
    Su  Mo  Tu  We  Th  Fr  Sa
1                       1   2
2   3   4   5   6   7   8   9
3   10	11  12	13	14	15	16
4   17	18	19	20	21	22	23
5   24	25	26	27	28	29	30
6   31

    0	1	2	3	4	5	6
    Su  Mo  Tu  We  Th  Fr  Sa
1                           1
2   2   3   4   5   6   7   8
3   9	10	11	12	13	14	15
4   16	17	18	19	20  21	22
5   23	24	25	26	27	28	29
6   30	31


