# This file is for use with text-mapper.
# https://alexschroeder.ch/cgit/text-mapper/about/

# To the extent possible under law, the authors have waived all
# copyright and related or neighboring rights to this work.
# https://creativecommons.org/publicdomain/zero/1.0/

default attributes fill="none" stroke="black" stroke-width="3"

road path attributes stroke="black" stroke-width="3" fill-opacity="0" stroke-dasharray="10 10"
river path attributes stroke="#78c8f5" stroke-width="10" fill-opacity="0" stroke-linecap="round"
canyon path attributes stroke="black" stroke-width="24" fill="none" opacity="0.2"
border path attributes stroke="red" stroke-width="15" stroke-opacity="0.5" fill-opacity="0"
trail path attributes stroke="#e3bea3" stroke-width="6" fill="none" transform="translate(10,-10)"
trail-right path attributes stroke="#e3bea3" stroke-width="6" fill="none" transform="translate(20)"
trail-down path attributes stroke="#e3bea3" stroke-width="6" fill="none" transform="translate(0,20)"

text font-size="20pt" dy="15px"
label font-size="20pt" dy="5px"
glow stroke="white" stroke-width="5pt"

water attributes fill="#78c8f5"
coastal attributes fill="#91d8e1"
ocean attributes fill="#1c86ee"

plain attributes fill="#96c864"

rough attributes fill="#e6f59a"
rough path attributes fill="#006000"
rough path m -10,40 c -3,-8 -7,-13 -8,-22 l 9,-9 c 0,8 2,21 6,29 z m 10,0 c 3,-22 7,-45 14,-65 3,-1 7,-3 10,-5 -8,24 -17,57 -18,69 -3,1 -3,-1 -6,0 z m 15,0 c 0,-7 5,-22 6,-30 2,0 4,2 7,2 -0,7 -6,13 -8,26 -3,1 -2,-1 -6,0 z

swamp attributes fill="#afdca0"
swamp path attributes fill="#549178"
swamp path m -45,50 c 36,4 88,1 101,1 -2,3 -5,5 -6,6 -39,1 -88,3 -105,0 3,-2 7,-5 10,-7 z m 30,-12 c 26,3 50,-0 74,-1 -3,2 -6,4 -9,7 -24,1 -52,4 -74,1 3,-2 6,-4 9,-6 z m 20,-5 c -3,-8 -7,-13 -8,-22 l 9,-9 c 0,8 2,21 6,29 z m 10,0 c 3,-22 7,-45 14,-65 3,-1 7,-3 10,-5 -8,24 -17,57 -18,69 -3,1 -3,-1 -6,0 z m 15,0 c 0,-7 5,-22 6,-30 2,0 4,2 7,2 -0,7 -6,13 -8,26 -3,1 -2,-1 -6,0 z

desert attributes fill="#facd82"
desert path attributes fill="#b8860b"
desert path m -30,12 c 26,3 50,-0 74,-1 -3,2 -6,4 -9,7 -24,1 -52,4 -74,1 3,-2 6,-4 9,-6 z

forest attributes fill="#78aa46"
forest path attributes fill="#006000"
forest path m -12,-34 c -6,3 -5,3 -7,15 -5,3 -31,1 -28,16 2,9 8,7 16,11 -8,10 -11,16 -9,20 2,4 8,7 21,5 3,13 8,15 13,16 5,1 13,0 19,-11 12,6 26,9 30,6 4,-3 8,-16 3,-28 C 58,9 53,3 53,-2 52,-7 44,-7 32,-11 c 3,-13 4,-13 1,-16 -4,-3 -13,-7 -24,0 -8,-10 -14,-10 -20,-8 z m 3,4 c 4,-1 9,-1 16,8 9,-6 18,-4 22,-1 3,2 1,4 -1,15 11,3 20,5 20,9 C 49,4 53,8 43,13 47,24 44,36 41,39 38,42 22,38 12,33 7,43 1,44 -3,44 -7,43 -14,40 -16,29 -27,30 -32,29 -34,26 c -2,-4 1,-9 8,-18 -9,-5 -20,-4 -13,-18 2,-4 12,-5 23,-5 2,-11 4,-14 8,-15 z

hills attributes fill="#e1c85a"
hills path attributes fill="#b8860b"
hills path M -42,11 C -38,5 -34,0 -28,-3 C -20,-6 -11,-5 -5,-0 C -2,2 1,6 3,9 C 4,12 2,13 0,14 C -3,9 -7,5 -13,2 C -21,-1 -30,0 -36,6 C -38,9 -40,11 -43,14 C -43,15 -44,14 -44,13 C -43,12 -43,12 -42,11 z M -5,-0 C 0,-6 7,-12 15,-16 C 21,-18 28,-17 33,-14 C 39,-11 41,-5 43,-0 C 42,2 41,5 39,2 C 37,-2 33,-8 27,-10 C 20,-13 12,-12 6,-7 C 2,-4 -1,-1 -4,1 C -7,4 -6,0 -5,-0 z

green-hills attributes fill="#96c864"
green-hills path attributes fill="#006000"
green-hills path M -42,11 C -38,5 -34,0 -28,-3 C -20,-6 -11,-5 -5,-0 C -2,2 1,6 3,9 C 4,12 2,13 0,14 C -3,9 -7,5 -13,2 C -21,-1 -30,0 -36,6 C -38,9 -40,11 -43,14 C -43,15 -44,14 -44,13 C -43,12 -43,12 -42,11 z M -5,-0 C 0,-6 7,-12 15,-16 C 21,-18 28,-17 33,-14 C 39,-11 41,-5 43,-0 C 42,2 41,5 39,2 C 37,-2 33,-8 27,-10 C 20,-13 12,-12 6,-7 C 2,-4 -1,-1 -4,1 C -7,4 -6,0 -5,-0 z

forest-hill attributes fill="#78aa46"
forest-hill path attributes fill="#006000"
forest-hill path m-10,35 c4-6 8-11 14-14 8-3 17-2 23 3 3 2 6 6 8 9 1 3-1 4-3 5-3-5-7-9-13-12-8-3-17-2-23 4-2 3-4 5-7 8 0 1-1 0-1-1 1-1 1-1 2-2zm37-11c5-6 12-12 20-16 6-2 13-1 18 2 6 3 8 9 10 14-1 2-2 5-4 2-2-4-6-10-12-12-7-3-15-2-21 3-4 3-7 6-10 8-3 3-2-1-1-1z m-60,-60 c-4 2-3 2-5 10-3 2-20 1-18 10 1 6 5 5 10 7-5 6-7 10-6 13 1 3 5 5 14 3 2 8 5 10 8 10 3 1 8 0 12-7 8 4 17 6 20 4 3-2 5-10 2-18 9-4 5-8 5-11 0-4-5-4-13-6 2-8 3-8 1-10-3-2-8-5-16 0-5-6-9-6-13-5zm2 3c3-1 6-1 10 5 6-4 12-3 14-1 2 1 1 3-1 10 7 2 13 3 13 6 2 2 4 4-2 7 3 8 1 15-1 17-2 2-13 0-19-4-3 7-7 8-10 8-3-1-7-3-8-10-8 1-11 0-12-2-1-3 1-6 5-12-6-3-13-3-8-12 1-3 8-3 15-3 1-7 3-9 5-10z

mountains attributes fill="#b48c3c"
mountains path attributes fill="#5a4628"
mountains path M 30,-30 c -5,3 -19,18 -28,28 -4,-5 -7,-10 -9,-16 -7,4 -40,43 -43,53 2,2 4,2 6,2 7,-8 26,-40 34,-46 10,14 26,31 35,49 2,-1 4,-3 5,-3 C 30,33 16,18 3,0 11,-8 21,-19 29,-25 39,-9 49,-3 58,13 60,12 60,11 61,10 61,5 42,-7 29,-30 z

mountain attributes fill="#708090"
mountain path attributes fill="#666666"
mountain path M 30,-30 c -5,3 -19,18 -28,28 -4,-5 -7,-10 -9,-16 -7,4 -40,43 -43,53 2,2 4,2 6,2 7,-8 26,-40 34,-46 10,14 26,31 35,49 2,-1 4,-3 5,-3 C 30,33 16,18 3,0 11,-8 21,-19 29,-25 39,-9 49,-3 58,13 60,12 60,11 61,10 61,5 42,-7 29,-30 z

ice attributes fill="#eeeeee"
ice path attributes fill="#000000"
ice path M 30,-30 c -5,3 -19,18 -28,28 -4,-5 -7,-10 -9,-16 -7,4 -40,43 -43,53 2,2 4,2 6,2 7,-8 26,-40 34,-46 10,14 26,31 35,49 2,-1 4,-3 5,-3 C 30,33 16,18 3,0 11,-8 21,-19 29,-25 39,-9 49,-3 58,13 60,12 60,11 61,10 61,5 42,-7 29,-30 z

volcano attributes fill="#C08090"
volcano path attributes fill="#905040"
volcano path m 31,-61 c -2,0 -4,1 -6,2 -6,-2 -12,7 -7,13 -2,-5 -1,-14 7,-12 5,-3 12,-5 14,3 0,-4 -3,-7 -7,-6 z m 8,7 c -3,0 -6,2 -8,6 7,-8 17,-4 15,4 5,0 9,5 5,14 4,-6 2,-15 -4,-16 0,-4 -3,-8 -8,-8 z m -5,8 c -3,0 -7,1 -11,3 -8,-5 -27,5 -20,15 C 2,-40 13,-46 23,-41 c 7,-4 22,-9 20,6 3,-9 -2,-12 -8,-12 z m -2,11 c -5,0 -9,2 -10,6 7,-8 19,-6 23,2 14,1 14,11 0,14 18,1 16,-14 2,-15 -2,-4 -9,-7 -15,-7 z m -17,7 C 7,-28 -1,-23 1,-15 3,-27 15,-30 23,-23 c 8,-2 16,3 15,16 3,-10 -3,-20 -14,-18 -2,-2 -6,-3 -9,-3 z m 3,13 C 9,-15 -1,-11 -9,-7 -12,3 -16,17 -30,13 c -8,-2 -7,7 -12,11 -8,6 -10,17 -18,24 4,0 7,-1 10,0 -1,-4 8,-20 14,-27 2,-7 10,-4 15,-4 8,-6 13,-14 18,-21 8,2 16,1 24,2 3,1 6,0 9,-1 -1,8 12,22 16,25 4,6 1,16 6,21 10,-2 5,1 15,0 C 65,35 59,36 56,30 48,20 35,6 34,-7 c 0,0 0,0 0,0 -3e-4,0 3e-4,0 0,0 0,-1 0,-2 0,-3 -4,-3 -10,-5 -16,-5 z m 0,2 c 4,0 8,1 11,3 5,5 0,5 -6,6 C 19,-4 7,-6 -1,-6 -3,-8 8,-13 18,-13 z

<circle id="island" fill="#96c864" stroke="#b8860b" stroke-width="7" cx="0" cy="0" r="15"/>

house path attributes fill="black"
house path m 3,2 c 3,6 16,11 23,13 -1,3 0,6 1,6 -4,-2 -6,-3 -9,-4 -2,6 0,11 1,16 -4,0 -3,2 -6,2 1,-6 2,-15 2,-18 -4,-2 -8,-6 -13,-8 -4,3 -10,6 -14,10 1,6 0,10 1,16 -3,1 -4,1 -6,2 0,-4 1,-10 1,-15 -3,2 -6,3 -10,4 1,-6 22,-10 25,-22 z m-8,32 q5,-28 13,-1 z

bubble path attributes fill="black"
bubble path m -40,40 c 0,-30 20,-60 40,-60 s 40,30 40,60 h-3 q 0,-30 -17,-20 q 0,10 -20,15 q -20,-5 -20,-15 q -20,-10 -17,20 z m 15,-25 c 10,0 5,18 25,15 s 15,-15 25,-15 h3 c 0,-25 -20,-30 -28,-30 s -20,0 -30,28 z m 25,-20 c 0.1,0.8 0.3,4.2 0.2,4.9 l 4.2,-0.3 c 0.1,-0.8 0,-3.8 0.1,-4.5 z m -4,4.1 c -1.5,-0 -3.1,0.2 -4.3,0.2 0.4,1.8 0.5,3.5 0.4,5.1 1.7,-0 3.7,-0.1 5.3,-0.1 0,-2.1 0,-3.6 0,-5 -0.5,-0.1 -0.9,-0.1 -1.4,-0.1 z m -8.8,1.2 c -1.2,-0 -2.2,0.2 -3.4,0.2 0.4,1.8 0.5,5.3 0.4,6.9 1.7,-0 2.7,-0.1 4.3,-0.1 0,-2.1 0,-5.5 0,-6.9 -0.5,-0.1 -0.9,-0.1 -1.3,-0.1 z m 25.3,4.3 -4.5,0.2 c 0.2,1.2 0.6,4.6 0.6,5.9 l 4.3,-0.2 c -0.1,-1.3 -0.5,-4.6 -0.4,-5.9 z m -7,13 c -2,-0 -3,0 -5,0 0,2 1,4 0,5 2,-0 4,-0 6,-0 0,-2 0,-4 0,-5 -0,-0 -1,-0 -2,-0 z m -9,-3 c -1,-0 -2,0 -4,0 0,2 1,6 0,7 2,-0 3,-0 5,-0 0,-2 0,-6 0,-7 -0,-0 -1,-0 -1,-0 z 

ruin path attributes fill="black"
ruin path m -40,40 c 4,0 6,1 7,1 14,-37 1,-28 29,-22 1,12 3,7 8,21 3,-0 4,-0 6,0 -2,-2 -11,-18 -11,-27 5,-0 18,-1 26,1 1,1 1,3 1,6 6,0 9,5 12,6 1,9 -1,2 0,8 3,0 11,-1 10,7 2,-0 5,-0 7,0 -1,-4 -8,-11 -14,-9 -1,-6 0,-8 0,-9 -5,-1 -8,-4 -12,-5 -1,-0 0,-9 -0,-9 -15,1 -31,2 -31,1 -4,2 -1,6 -5,6 -36,-13 -12,2 -33,24 z m 50,-22 c -1,-0 -2,0 -4,0 0,2 1,4 0,5 2,-0 3,-0 5,-0 0,-2 0,-4 0,-5 -0,-0 -1,-0 -1,-0 z m 18,7 c -2,-0 -3,0 -5,0 0,2 1,4 0,5 2,-0 4,-0 6,-0 0,-2 0,-4 0,-5 -0,-0 -1,-0 -2,-0 z m -9,1 c -1,-0 -2,0 -4,0 0,2 1,6 0,7 2,-0 3,-0 5,-0 0,-2 0,-6 0,-7 -0,-0 -1,-0 -1,-0 z m -33,6 c -0,-0 -1,0 -1,0 h 0 c -3,1 -6,8 -6,10 4,-0 13,-0 14,-1 0,-4 -3,-10 -7,-10 z

stone path attributes fill="black"
stone path m -10,40 c -1,-10 -4,-21 1,-30 3,-5 8,-9 13,-10 6,2 7,9 6,14 -0,7 -3,14 -0,21 1,4 -5,7 -6,2 -1,-6 -0,-13 1,-19 0,-4 1,-9 -2,-13 -1,-1 -4,-4 -1,-3 -2,2 -5,4 -6,7 -4,9 -1,19 -0,29 -1,2 -3,1 -5,2 z m 12,-30 c 2,3 -3,9 -5,5 -1,-3 3,-5 5,-5 z m 0,8 c 1,3 -1,10 -5,8 -3,-3 1,-8 5,-8 z m 0,10 c 2,4 -7,4 -3,1 1,-0 2,-0 3,-1 z 

needle path attributes fill="black"
needle path m -10,30 q 5,-50 20,-70 q -20,60 10,70 z

tower path attributes fill="black"
tower path m -5.9,-44.7 c -1.7,11.1 -12.4,22.6 -19.9,28.7 l 4.7,2.7 c 1.6,-1.4 4.2,-4.1 5.5,-5.4 12.1,23.9 2.3,48.8 -6.1,63.5 3.8,0.1 5.3,0.6 6.6,1.2 13.9,-31.1 7.2,-58.7 3.4,-66.3 l -2.5,0 c 3.7,-2.6 10.6,-17.9 11.7,-18.1 5.1,7.8 8.3,12.4 14.4,18.5 l -2.9,0.2 C 6,3.4 8.5,30.4 16,46 18.4,45.6 20.7,45.5 22.7,45.8 14.2,24 6.8,1.1 13.4,-18.1 c 0.4,0.5 2.8,1.9 3.2,2.5 4,-2.3 4.5,-1.6 5.9,-2 -5.9,-5.5 -19.6,-16.1 -23,-26.8 0,-0.7 -4.6,-0.2 -5.4,-0.2 z m 0.4,24.8 -4.7,0.1 c 0.7,1.1 2.1,4.3 2.5,5.6 l 3,0 c -0.4,-1.2 -0.4,-4.5 -0.9,-5.7 z m 5.4,-0.1 -3.8,0.3 c 0.8,1.7 0.6,3.8 0.8,5.5 l 3.9,-0.1 c -0.2,-1.7 -0.5,-4.3 -0.9,-5.8 z m 1.8,-0.1 c 0.3,1.8 0.3,3.6 0.5,5.9 l 3.9,-0.2 c 0.1,-1.8 0.3,-3.4 0.5,-5.2 z M 1.4,-5.8 c -0.1,1.5 0.8,5.7 0.5,7 l 2.9,0 c 0.2,-1.4 0.3,-5.8 0.6,-7 z m -6.4,5 c 0.1,1.6 0.1,5.1 0,6.6 l 4.3,0 c 0,-1.5 -0.1,-5.2 0,-6.6 z M 0.9,9.9 C 1.1,11.2 1.5,14.8 1.5,16.2 L 5.5,16 C 5.4,14.6 5,11.1 5.1,9.7 z M -4.6,14.5 c 0.1,0.8 -0.3,4.5 -0.4,5.2 l 4.1,0.2 c 0.1,-0.8 0.4,-4.5 0.5,-5.3 z m 5.7,9.9 c 0.2,1.4 0.7,5.1 0.8,6.4 l 6.2,0.2 C 7.9,30.4 6,27.3 5.6,24.6 z m -8.6,7.8 c 3,-0.7 3.4,-0.2 6.2,-0.4 0,-0.5 0.3,-5.6 0.3,-6.1 -2.4,-0.3 -2.5,0.2 -5.1,-0.2 0.1,3 -0.9,5 -1.4,6.7 z m 6.6,3.9 C -3.5,36.8 -6.2,44.1 -6.5,46.3 -3.4,45.8 4.7,45.9 6.2,45.7 6.2,40.8 3.2,34.9 -1,36.1 z

ruined-tower path attributes fill="black"
ruined-tower path m -15,-20 c 13,23 2,48 -6,63 4,0 5,0 7,1 15,-30 8,-54 4,-62 4,-0 4,-0 12,-0 1,5 1,7 0,9 l 8,0 c -3,23 0,36 9,52 2,-0 5,-0 7,-0 -7,-10 -19,-22 -13,-54 -3,-0 -8,-0 -9,-0 0,-1 0,-7 0,-9 -7,-0 -12,0 -21,0 z m 11,-1 c 0,1.0 2.0,2.0 2.0,5.0 l 0,-5.0 z m 0,1 -4,0 c 0,1 1,4 2,5 h 3 c -0,-2 -1,-3 -1,-6 z m 7,14 c -0,1 0,5 0,6 h 3 c 0,-1 0,-5 0,-6 z m -7,4 c 0,1 0,5 0,6 h 4 c 0,-1 -0,-5 0,-6 z m 5,34 c -0,-0 -0,0 -1,0 h 0 c -2,0 -5,7 -6,10 3,-0 12,-0 14,-0 0,-4 -2,-9 -6,-9 z

castle path attributes fill="black"
castle path m -22.5,-38.4 c -1.5,-0 -3.6,0.2 -4.2,0.2 v -0.1 c -1.8,10.4 -13.2,21.3 -21.2,27 l 5,2.5 c 1.7,-1.3 4.5,-3.9 5.9,-5.1 12.9,22.5 2.5,45.9 -6.5,59.8 4.1,0.1 5.7,0.6 7,1.1 14.8,-29.3 7.7,-55.3 3.6,-62.4 h -2.7 c 3.9,-2.4 11.3,-16.9 12.5,-17 5.4,7.3 8.9,11.7 15.4,17.4 l -3.1,0.2 c -3.2,21.7 -0.5,47.2 7.5,61.8 2.6,-0.4 5,-0.5 7.1,-0.2 C 2.4,44.8 -6.9,26.1 -6.6,17.6 5.1,16.5 34,12.9 44,14.6 c 0.3,3.7 -3.1,25.2 -3.7,33 1.8,-0.4 5.1,-0 6.9,0.1 -1.9,-6.5 0.6,-33.6 0,-36.3 -0.2,-1.1 -54.7,3.2 -54.9,2.1 -1.8,-9.4 -1.7,-18.4 1.6,-26.8 0.4,0.5 3,1.8 3.4,2.4 4.3,-2.2 4.8,-1.5 6.3,-1.9 -6.3,-5.2 -20.9,-15.2 -24.5,-25.2 0,-0.2 -0.7,-0.3 -1.6,-0.3 z m 2,23.2 v 0.1 l -4.1,0.3 c 0.9,1.6 0.6,3.6 0.9,5.2 l 4.2,-0.1 c -0.2,-1.6 -0.5,-4 -1,-5.5 z m 1.9,0 c 0.3,1.7 0.3,3.4 0.5,5.6 l 4.2,-0.2 c 0.1,-1.7 0.3,-3.2 0.5,-4.9 z m -7.8,0.2 c 0,0 0,0 0,0 l 0.1,-0 z m 0,0 -4.9,0.1 c 0.7,1 2.2,4 2.7,5.3 h 3.2 c -0.4,-1.1 -0.4,-4.2 -1,-5.4 z m 7.5,13.3 c -0.1,1.4 0.9,5.4 0.5,6.6 h 3.1 c 0.2,-1.3 0.3,-5.5 0.6,-6.6 z m -6.8,4.7 c 0.1,1.5 0.1,4.8 0,6.2 h 4.6 c 0,-1.4 -0.1,-4.9 0,-6.2 z M 32,20.1 c 0.2,1.3 0.7,4.8 0.9,6 l 3.8,0.2 c -0.2,-0.6 0.6,-3.5 0.2,-6 z M 3.3,20.8 c -1.2,-0 -2.2,0.2 -3.4,0.2 0.4,1.8 0.5,3.5 0.4,5.1 1.7,-0 2.7,-0.1 4.3,-0.1 0,-2.1 0,-3.6 0,-5 C 4.1,20.9 3.6,20.8 3.3,20.8 Z m 20.6,2.2 c 0.1,0.8 0.3,4.2 0.2,4.9 l 4.2,-0.3 c 0.1,-0.8 0,-3.8 0.1,-4.5 z m -4,4.1 c -1.5,-0 -3.1,0.2 -4.3,0.2 0.4,1.8 0.5,3.5 0.4,5.1 1.7,-0 3.7,-0.1 5.3,-0.1 0,-2.1 0,-3.6 0,-5 -0.5,-0.1 -0.9,-0.1 -1.4,-0.1 z m -8.8,1.2 c -1.2,-0 -2.2,0.2 -3.4,0.2 0.4,1.8 0.5,5.3 0.4,6.9 1.7,-0 2.7,-0.1 4.3,-0.1 0,-2.1 0,-5.5 0,-6.9 -0.5,-0.1 -0.9,-0.1 -1.3,-0.1 z m 25.3,4.3 -4.5,0.2 c 0.2,1.2 0.6,4.6 0.6,5.9 l 4.3,-0.2 c -0.1,-1.3 -0.5,-4.6 -0.4,-5.9 z m -56.5,4.9 c -0.4,-0 -0.8,0 -1.2,0.1 h 0.1 c -2.8,0.7 -5.7,7.5 -6,9.6 3.3,-0.5 12,-0.4 13.6,-0.6 0,-4.2 -2.6,-9.1 -6.5,-9.2 z

ruined-castle path attributes fill="black"
ruined-castle path m -30,-20 c 13,23 2,48 -6,63 4,0 5,0 7,1 15,-30 8,-54 4,-62 4,-0 4,-0 12,-0 1,5 1,7 0,9 l 8,0 c -3,23 0,36 9,52 2,-0 5,-0 7,-0 -1,-2 -11,-22 -11,-30 5,-0 17,-0 26,1 0,1 0,3 1,5 6,0 9,4 12,6 0,8 -0,6 0,11 3,0 10,-1 10,6 1,-0 5,-0 7,0 -1,-3 -8,-10 -13,-9 -1,-6 0,-12 0,-13 -4,-1 -7,-4 -12,-5 -0,-0 0,-9 -0,-9 -15,0 -31,1 -31,1 -1,-9 -3,-13 -1,-18 -3,-0 -8,-0 -9,-0 0,-1 0,-7 0,-9 -7,-0 -12,0 -21,0 z m 11,-1 c 0,1.0 2.0,2.0 2.0,5.0 l 0,-5.0 z m 0,1 -4,0 c 0,1 1,4 2,5 h 3 c -0,-2 -1,-3 -1,-6 z m 7,14 c -0,1 0,5 0,6 h 3 c 0,-1 0,-5 0,-6 z m -7,4 c 0,1 0,5 0,6 h 4 c 0,-1 -0,-5 0,-6 z m 30,16 c -1,-0 -2,0 -3,0 0,1 0,3 0,5 1,-0 2,-0 4,-0 0,-2 0,-3 0,-5 -0,-0 -0,-0 -1,-0 z m 17,6 c -1,-0 -3,0 -4,0 0,1 0,3 0,5 1,-0 3,-0 5,-0 0,-2 0,-3 0,-5 -0,-0 -0,-0 -1,-0 z m -9,1 c -1,-0 -2,0 -3,0 0,1 0,5 0,7 1,-0 2,-0 4,-0 0,-2 0,-5 0,-7 -0,-0 -0,-0 -1,-0 z m -33,9 c -0,-0 -0,0 -1,0 h 0 c -2,0 -5,7 -6,10 3,-0 12,-0 14,-0 0,-4 -2,-9 -6,-9 z

cave path attributes fill="black"
cave path M -16.6,40 c 5.4,-39.2 45.8,-37.9 41.1,1.2 -14.5,-4.2 -25.9,1.6 -41.1,-1.2 z M -33.3,39.6 C -30.1,34.0 -16.7,-4.3 9.6,-4.7 28.2,-3.5 41.8,26.1 41.9,41.7 37.7,42.1 36.4,43.4 29.3,41.0 30.4,26.2 21.1,1.9 4.7,1.2 -11.7,0.5 -21.7,26.7 -26.7,39.0 c -2.4,1.0 -4.8,1.0 -6.6,0.7 z
