229 151 42
61 151 251
11 120 55
6 217 13
242 122 62
43 241 105
117 75 50
112 131 77
3 232 35
128 113 252
219 138 240
198 235 39
119 4 12
33 77 70
168 245 14
120 30 51
254 77 34
53 18 148
124 35 152
231 186 106
98 234 248
74 134 73
2 55 1
169 87 248
119 89 138
202 122 63
195 52 4
147 172 79
120 77 71
232 146 122
38 8 94
223 62 222
168 129 142
219 243 82
162 220 54
214 198 244
49 221 17
240 177 211
213 126 115
171 14 234
253 134 144
147 51 223
189 25 208
97 136 121
35 53 27
171 218 198
250 6 51
11 165 114
116 61 175
237 197 185
226 233 100
178 231 105
102 11 35
12 37 57
237 226 83
153 239 221
4 188 12
248 125 177
135 231 207
42 203 237
212 58 77
105 122 27
159 147 93
59 217 26
181 152 165
110 227 110
205 97 252
183 38 234
242 246 40
91 9 83
240 60 246
104 70 44
231 184 34
204 180 217
185 8 15
226 179 61
145 229 187
237 12 84
193 79 58
68 149 168
94 25 53
234 53 252
164 236 50
102 211 208
207 253 187
189 74 179
231 30 76
140 60 14
17 166 1
227 185 225
41 74 208
81 11 159
240 62 177
165 146 105
200 149 245
34 170 150
148 254 71
167 240 144
117 103 130
216 191 9
98 207 203
80 228 14
53 13 95
126 123 27
80 179 58
236 178 118
243 71 118
235 155 94
192 99 121
141 215 54
43 74 133
6 104 130
214 120 58
155 58 158
187 46 225
92 48 20
20 169 63
239 124 68
95 181 94
26 42 46
107 182 247
230 13 20
11 114 212
50 177 151
185 96 157
40 78 6
33 253 150
65 209 231
169 79 229
30 6 177
205 224 85
84 215 178
57 3 27
191 191 52
249 6 195
172 21 50
23 98 171
152 136 178
42 174 75
80 213 166
229 80 160
116 133 30
56 223 93
170 9 239
107 15 34
112 156 136
174 121 229
71 168 228
212 195 237
178 58 158
66 226 95
180 159 151
176 28 129
136 169 40
72 224 10
86 58 176
183 79 5
75 128 104
46 33 183
249 154 187
190 58 131
25 100 162
187 1 43
89 29 160
115 12 145
249 196 252
95 69 159
151 129 215
181 142 153
137 115 205
211 51 123
42 187 137
38 186 32
174 35 213
225 25 227
221 16 65
48 239 117
231 212 50
175 150 101
238 143 35
34 157 56
12 8 64
139 176 82
188 113 100
61 68 220
147 192 101
73 217 114
11 240 127
76 71 178
176 31 251
30 202 93
10 168 70
169 41 47
21 158 46
182 160 198
1 107 43
198 149 245
150 151 59
144 217 250
199 157 216
47 166 217
193 213 24
53 90 43
225 42 180
237 250 199
169 55 128
35 94 128
230 151 39
35 15 113
151 115 200
121 55 151
209 139 186
230 97 199
112 197 254
143 159 181
162 72 223
51 229 204
153 134 62
165 184 185
84 2 87
116 98 65
74 38 88
80 84 240
229 204 76
173 227 26
3 181 72
26 175 155
124 125 230
154 244 46
209 162 159
84 253 180
185 99 152
140 203 191
81 109 117
22 27 146
241 6 79
85 64 13
133 5 166
82 132 221
132 76 186
15 204 62
35 105 137
198 131 242
84 171 171
95 215 73
142 145 206
97 150 107
102 79 255
227 93 56
77 149 148
24 79 52
105 100 236
46 1 113
223 8 143
87 254 245
152 44 35
