
   #    VTOP   VBOTT      DZ   ZBOTT    TWTT   VSTOP  VSBOTT    RHOT    RHOB

   1 0.16000 0.86000 0.00600 0.00600 0.02883 0.06000 0.06000 1.00000 1.00000
   2 0.85980 0.86040 0.00600 0.01200 0.04278 0.17600 0.22800 0.94770 1.01106
   3 0.85980 0.90050 0.01800 0.03000 0.08369 0.25400 0.28000 1.03872 1.06434
   4 0.90000 2.05000 0.00600 0.03600 0.09228 0.30000 0.32000 1.08286 1.10047
   5 2.05000 2.12000 0.05300 0.08900 0.14312 0.08000 0.08000 1.10000 1.10000
   6 2.25300 2.25400 0.04700 0.13600 0.18484 0.08000 0.00000 1.10000 0.00000
   7 0.16200 0.17200 0.00500 0.14100 0.24474 0.08000 0.08000 1.20000 1.20000

