630.8780 1
86.1001 6.2857
120.0644 29.8095
120.1283 2.1905
130.0956 3.1905
138.0621 5.1905
141.1164 3.1429
143.0916 6.0476
148.0596 27.0476
149.0582 3.1905
155.0920 3.1905
175.1378 20.2857
175.2701 3.8095
185.1429 2.3810
200.1205 6.9048
202.0548 6.1429
202.1534 1.5238
214.1607 3.1905
219.1116 9.5714
226.1391 14.3333
227.1033 2.1905
233.1681 10.3810
240.1566 3.3333
247.0763 4.7619
261.1523 12.6191
269.1660 3.1429
272.1580 2.1905
286.1791 8.6190
290.1447 53.2857
290.3374 4.2381
290.4388 2.4762
291.1475 8.0476
298.2053 2.1905
303.1955 8.1905
304.1986 7.4286
314.1938 4.1905
316.1569 15.4762
332.1902 16.5238
358.3287 3.0476
359.2247 2.1905
360.2087 4.3810
361.1919 7.1905
369.1928 2.0952
371.1551 2.1905
374.2403 16.6667
374.3831 2.9048
375.2304 15.9524
376.2495 4.2857
386.2022 6.2381
397.2790 2.1905
403.2429 13.4762
410.2825 15.7619
412.2228 2.1905
414.2258 4.8571
429.2482 7.8571
431.2241 3.6190
432.1969 2.1905
446.2890 9.3333
446.5309 2.1905
457.2681 5.2857
473.3233 46.7143
474.2858 22.7143
481.3133 8.4762
485.2590 4.1905
492.2563 2.1905
500.2939 2.1905
517.2797 4.2857
560.3033 2.1905
570.3678 2.1905
571.3167 4.2857
588.3451 24.2857
589.3619 5.1905
699.3958 9.8571
716.4152 26.8095
716.6308 0.7143
716.7791 2.2381
717.4237 14.6667
717.5780 2.2381
753.4189 3.1905
770.4470 5.2857
787.4559 118.9048
787.8218 6.8571
788.4691 38.3810
788.9462 3.1905
789.4643 10.2857
841.4570 2.1905
858.2998 6.3333
858.5068 105.7143
858.7317 5.9524
859.5010 37.9048
859.7686 1.7143
860.4855 11.3333
971.5713 42.1905
971.7995 9.7143
972.5497 20.0952
973.1526 2.1905
973.5707 5.3333


1031.6685 2
86.1087 18.2381
88.0797 2.1905
89.0676 50.0476
116.0865 11.7143
125.0659 4.5238
131.0909 10.6190
133.1006 60.2857
134.1079 2.2857
136.0892 64.1429
136.1813 2.2857
137.0803 6.1429
138.0760 8.5238
147.0677 5.7619
151.1133 8.8095
155.0849 57.4762
156.1150 10.1905
158.1093 12.3333
158.1612 2.1429
173.1046 14.3333
175.1361 145.0476
175.2999 3.2381
177.1194 29.2857
181.1055 6.2857
185.1235 13.0952
195.1346 11.2857
197.1224 3.1905
199.1160 11.2857
215.1337 3.1429
217.1230 12.7619
229.1691 2.3810
238.1330 5.3810
239.1638 14.1905
243.1466 13.0952
243.2490 2.7143
244.1312 2.3810
254.1620 3.1905
256.1452 14.3810
258.1501 5.2381
260.1747 2.1905
261.1550 57.1429
261.2408 2.6667
270.0985 3.1905
271.1936 28.0952
271.2834 3.5714
275.1674 5.0476
287.1541 9.9524
288.2212 13.3333
302.1903 4.8571
302.7322 1.1905
303.1705 268.3810
303.3160 17.3810
303.4875 4.6190
304.1812 18.6667
304.3215 3.0476
305.1899 21.3333
309.2213 3.3333
311.2099 6.3810
313.1392 2.1905
320.1960 117.2381
320.3801 10.3333
321.1980 10.2857
323.1938 4.1905
323.7194 4.1905
324.1941 4.2857
327.2407 6.8095
331.2003 4.3810
342.2406 13.1905
348.2289 19.2381
357.2437 51.4286
357.6287 1.8571
357.7584 6.4286
358.2421 1.1905
359.2567 4.7619
367.2470 3.1905
373.2175 13.2381
382.2466 5.1905
385.1755 2.3810
393.2328 5.3810
398.2633 6.3810
408.3249 8.4762
411.2320 7.3810
426.2674 8.9048
426.7732 14.8571
435.3005 10.8571
435.7954 2.1905
439.3223 3.1905
455.2891 8.2857
455.4167 3.3810
458.3463 14.3810
463.2993 7.0476
481.3046 2.1905
486.7781 2.1905
487.2796 4.1905
493.3033 2.1905
493.8010 2.1905
494.8084 20.0000
495.2169 0.5714
495.3363 3.6190
499.3125 56.2857
499.8027 3.3333
500.2793 9.0476
505.3835 2.1905
507.8303 23.4762
508.3371 17.6667
508.4763 1.0476
508.7618 4.0952
515.8083 11.3810
515.9780 4.4762
516.2428 3.8571
516.3575 20.0952
516.8321 1007.0001
517.1003 28.9048
517.3314 251.0953
517.6272 7.0000
517.8241 10.8095
518.0515 2.1905
518.3091 6.6667
518.4384 4.1429
518.7659 6.3333
519.4570 2.7619
519.7850 2.0952
520.6965 4.6190
521.3539 14.3810
539.3369 3.0000
539.5178 5.3333
559.3811 12.8571
575.3331 16.1905
582.3983 4.2857
602.4146 4.2857
616.4152 32.7143
617.4693 4.1905
644.4193 2.1905
646.2521 3.7619
646.4092 14.7619
647.3869 5.4286
653.4649 3.9524
669.3251 1.2381
669.4786 15.0952
670.4328 3.5714
674.4196 32.2381
695.4522 5.4762
696.4403 29.3810
696.7425 3.8571
697.4748 3.1905
711.5958 2.8571
712.1557 2.1905
713.4775 505.1905
713.7928 20.9524
714.1053 9.0476
714.2601 9.1429
714.4905 53.6667
714.7151 9.6190
717.4567 45.8572
718.0679 4.5238
718.4348 9.7619
745.2879 2.8571
745.4462 86.7143
745.7756 5.3810
746.0521 6.8095
746.4278 13.1905
830.3777 5.8095
830.5354 107.2381
830.8318 5.5714
831.3516 2.0000
831.5199 22.6190
852.5043 6.6190
852.6193 4.7143
858.5332 55.6190
858.7144 2.2381
859.3364 2.1429
859.5558 12.0952
859.7167 2.2381
875.5865 7.1905
876.5276 19.5238
876.7056 2.7143
973.6309 2.1905


1429.8794 2
70.0711 4.1905
72.0895 7.7143
86.1061 129.8095
142.1306 6.2857
153.1087 2.1905
154.1829 2.1905
157.1163 4.1905
169.1516 10.4286
171.1231 6.0476
173.0660 1.2381
175.1390 39.4286
183.1647 61.7143
183.2386 3.8571
185.1762 3.8095
187.1358 84.1905
199.1243 8.0000
201.1364 24.4286
211.1613 48.9048
213.1797 3.1905
215.1544 234.0476
215.2852 10.4762
215.4063 0.1429
216.1658 22.9524
227.0981 7.9048
228.0905 2.1905
229.1508 10.2857
241.2184 5.1905
243.1510 244.1905
243.2661 11.2857
243.4085 6.6667
244.1517 38.6190
245.0968 76.5714
246.1427 10.4762
259.1582 2.1905
260.1747 2.1905
261.1455 2.0952
262.0991 1.2857
262.1712 3.3810
268.1943 9.3333
269.1905 7.5714
269.3149 3.0000
270.1559 5.3810
271.1712 10.4762
272.1440 5.2381
276.1949 14.3810
277.1644 5.2381
280.1618 11.1905
281.1495 4.1905
282.1661 4.1905
283.1498 6.1905
284.1311 2.9048
296.2242 10.4762
297.2054 10.2381
298.1625 87.4762
298.2668 5.4762
298.3831 6.9048
299.1719 23.0476
300.1850 11.2857
309.1820 4.0952
312.2103 15.0952
312.3351 3.2857
313.1474 5.8095
313.2295 7.4286
314.2017 8.2857
316.1772 118.2381
316.3631 16.7143
317.1897 19.2857
319.2087 2.1905
324.2529 19.2381
325.2326 8.1429
326.1707 44.4762
327.1833 8.9048
328.1726 14.4762
329.1757 2.3810
331.6776 19.1905
331.7692 2.2381
332.1883 5.1905
333.1989 2.1905
339.1765 2.1905
340.1799 13.4762
341.1554 2.1905
344.0278 2.5714
344.1826 80.9524
344.4662 3.9524
345.2013 33.5238
346.1810 3.8095
347.2146 2.1905
354.1652 12.4286
358.0636 6.6667
358.1868 510.9048
358.3879 44.4286
359.1980 84.6667
359.6281 1.3333
359.8003 4.5238
360.1863 13.1905
361.2388 2.3810
363.2227 462.0000
363.5221 15.6667
363.7173 1.6667
364.2268 61.5238
364.4581 5.3333
365.2239 13.3333
366.1544 0.8571
367.2275 5.2857
369.1990 4.1905
372.1697 5.3333
373.1403 6.1905
376.1523 3.1429
380.2394 4.2857
383.2048 14.2857
388.2103 7.6190
391.1873 7.3810
393.2154 6.1905
395.2256 8.2857
398.2516 11.3810
399.2637 7.3333
409.1968 82.3810
409.4268 10.8095
410.1960 10.8095
411.2453 43.1429
412.2495 23.1905
412.4211 2.6667
413.2446 19.5714
414.2172 41.3810
415.1245 0.6190
415.2330 12.4762
415.3515 5.8095
417.2256 5.6190
417.3470 0.8571
421.2443 5.1905
425.2927 9.1905
426.2701 7.2381
427.2092 163.6191
427.3205 5.1905
427.4380 9.7143
427.5768 5.5238
428.1252 3.5238
428.2327 23.9048
429.2650 194.0477
429.4680 5.0476
429.5947 5.5238
430.2691 42.8571
431.2949 4.2857
432.2549 15.0476
433.2581 4.5238
436.7547 23.3810
437.2450 9.2857
437.6916 4.4286
438.2356 1.0952
439.2717 7.3333
441.2306 77.5238
442.2257 21.0952
442.3674 7.1429
443.2478 8.2857
445.0994 4.4762
445.2357 72.6667
445.6068 0.8571
446.2232 13.1429
453.2883 16.2857
455.2409 11.6667
455.5736 4.2857
457.2624 108.0952
457.4727 1.3333
458.2717 22.2857
459.2350 68.9048
459.3661 5.3333
459.5178 4.2857
460.2515 39.9048
461.2363 20.1905
468.3046 6.3810
469.2378 7.0476
470.2544 7.2857
473.2662 14.8095
474.2136 6.3810
477.2777 3.1905
478.2533 93.7143
478.4206 16.6667
478.7072 4.2857
479.2552 34.2857
480.2589 3.1429
485.2907 6.8095
485.4441 1.9524
486.2883 4.2857
487.2813 26.8095
487.7702 21.1429
494.1941 3.1429
494.3292 9.0952
495.2965 22.6667
495.8206 2.1905
496.3215 7.2381
497.3048 7.0476
505.2378 6.2857
506.2668 11.2857
508.3103 3.1429
512.3133 26.1429
512.7006 6.1905
513.2869 49.8571
513.5911 3.2857
513.6917 2.1905
514.2919 13.7143
515.2693 6.1905
522.2974 19.4762
525.3242 8.7143
526.1755 0.5714
526.3109 9.7619
527.3059 3.1905
527.7787 5.1905
528.2083 3.1905
530.3179 41.9048
530.4304 4.8571
530.5250 5.8571
531.3129 16.2381
538.3210 2.1429
540.1693 4.0000
540.3088 84.6190
540.6606 5.1429
540.7772 5.9524
541.3118 30.6190
542.2814 11.4762
550.3235 7.3810
554.3161 7.2857
558.1843 2.9524
558.3148 124.8095
558.7499 3.0952
559.3339 37.3333
559.8506 3.1905
560.3810 7.0000
565.1422 1.5238
565.2897 10.2857
566.3215 10.5238
567.3563 4.1905
568.3453 9.5238
584.3348 2.1905
585.8368 6.4286
600.4565 13.4762
602.3320 14.1429
603.2975 3.1905
608.3765 10.1905
609.4135 11.2857
610.3119 6.1905
611.3612 13.5714
626.3804 20.4762
627.3625 8.9524
629.3590 3.3333
637.3756 26.0952
639.4335 8.3333
640.4113 5.0476
644.3616 24.4762
644.6806 2.0000
645.3290 36.2857
646.3422 9.4762
652.3384 4.0952
654.3497 2.1905
655.3672 41.3810
656.2163 1.9048
656.4031 7.4286
657.4464 3.6667
660.3447 5.2857
661.3658 2.0952
662.3511 593.8096
662.5186 75.0000
662.9411 12.2381
663.3493 153.0476
663.6710 3.0476
663.8969 6.0952
664.3323 36.2857
664.5687 6.1429
665.3593 2.1429
667.4183 7.5238
669.3813 11.2381
669.5505 3.2381
669.8663 3.6667
670.3825 6.1905
699.3912 6.2857
706.4231 12.2857
706.8594 9.0000
707.4149 3.1905
715.4531 223.7619
715.6526 19.6190
715.7788 9.0952
716.0910 8.7619
716.4391 106.9524
716.7956 10.5714
717.4043 4.2857
717.5162 1.4286
724.4799 10.1429
740.3421 4.5238
740.4957 7.4286
741.4928 6.1905
750.2872 3.3810
750.4584 17.2857
751.4773 5.2381
768.4792 27.2857
769.4579 12.7143
775.4335 38.1429
775.6323 5.9048
776.4320 10.4286
777.3999 3.1905
837.4413 4.2857
854.4830 31.9048
854.7246 4.0476
855.3145 4.8571
855.4803 17.8571
856.4700 6.3810
872.4965 1399.1906
872.9557 64.4286
873.4984 606.3334
873.9681 33.9048
874.2983 16.6190
874.5040 152.4286
874.8491 9.9524
875.0583 4.0000
875.4667 24.5238
876.3558 5.0952
929.5037 33.3333
929.7480 2.9524
930.5369 22.9048
955.3737 1.7619
955.5430 15.7143
956.3808 3.5714
956.5488 17.0952
956.7366 1.2381
973.2446 4.3333
973.5599 366.6191
973.8701 23.5714
974.2831 9.5238
974.5416 157.3810
974.8270 11.4286
975.0479 6.7619
975.3425 8.7143
975.5533 52.7619
975.7844 5.2857
976.5806 3.6667
1054.7574 3.1905
1072.3527 3.1905
1072.5925 55.1905
1072.9319 2.8095
1073.4341 2.5714
1073.6307 26.0476
1074.5378 4.7619
1074.7111 1.0952
1074.8535 2.7619
1170.5730 5.7619
1171.5790 2.1905
1187.3134 7.5238
1187.6500 109.5238
1187.9001 10.3333
1188.6716 68.6667
1188.9799 5.3333
1189.6522 20.0952
1316.7303 12.4762
1317.4813 3.3333
1317.7817 5.0000
1318.6335 3.1905
1326.6953 2.3810


1242.7816 2
86.1059 13.4762
87.0614 76.4762
88.0742 4.3810
89.0688 33.3810
115.0602 17.6191
116.0540 5.1905
129.0857 30.2381
129.1436 2.1429
133.1019 38.8571
143.1428 4.1905
147.0953 8.3810
154.1024 2.1905
155.1170 6.1429
156.1215 1.1905
158.1054 7.4286
171.1165 6.2857
172.0937 25.4762
175.1320 88.4762
177.1257 15.8095
181.1062 2.1905
183.1242 12.2381
183.2189 2.0952
186.0811 2.8571
187.2424 2.1905
191.0938 3.1905
196.1139 2.1905
197.1380 13.7619
198.1125 10.4286
200.1633 30.1905
215.1303 12.4762
223.1289 7.0952
226.1108 6.4286
228.1559 17.4286
239.1392 3.3333
240.1631 9.9524
241.1690 5.1905
243.1295 215.1429
244.1303 38.5238
269.1441 14.9524
271.1653 13.4286
280.1734 3.1905
282.1686 2.1905
285.1896 12.6190
286.2036 2.1905
287.1687 17.2857
297.1947 14.2381
304.1872 24.6667
304.3235 1.1429
305.1944 5.8095
311.0978 1.6667
311.1888 15.9048
311.2944 2.3810
312.2204 6.2857
313.1883 8.5238
314.1816 3.1905
323.1868 8.3333
324.2314 3.1905
325.1772 32.7143
326.1812 4.1905
327.2136 7.7619
328.2184 52.0952
328.3364 8.3333
329.2071 9.5238
337.1681 5.3333
339.2229 9.0000
340.1979 3.1905
344.2196 5.0476
350.2311 2.1905
351.1938 20.7143
351.2938 1.5238
352.2022 6.2857
354.2091 5.8095
355.2117 3.1905
356.2254 25.9524
356.4572 2.5238
357.2163 3.1905
360.7907 1.1905
365.2511 4.2857
368.2233 17.0476
369.2217 4.1905
370.2215 12.1905
382.1909 6.3333
396.2203 18.4286
397.1999 8.2381
400.2221 5.1905
411.2379 5.1905
413.2253 10.0476
414.2641 5.7143
417.2940 15.1905
418.2716 6.3333
421.2063 4.2857
425.2679 10.5238
435.2727 4.2857
436.2263 4.1905
439.2581 10.2857
440.2864 6.2857
441.1282 1.9524
441.2713 3.3333
453.2579 11.1905
463.2567 3.3333
467.3210 8.4762
468.2853 4.2857
470.3246 3.1905
471.2915 6.6190
474.2943 4.2857
483.2855 4.2381
501.2985 10.7143
510.2913 12.2381
511.2773 5.2381
513.3802 3.1905
518.3283 41.3333
518.4670 9.2381
519.3116 12.5238
520.3085 5.4286
556.3693 2.8571
564.2985 3.3810
564.4040 2.1905
566.3528 8.2857
581.3412 8.2381
608.3242 2.8571
609.3292 12.2381
610.3372 3.3333
617.2408 5.9048
617.4011 62.5714
617.6342 10.2857
618.4089 35.5238
619.4135 8.1905
622.3492 7.5238
716.4746 19.2381
717.5154 8.4286
773.4979 36.7619
773.6959 0.9524
774.5163 15.8571
774.6710 2.2857
786.5303 2.1905
794.4533 2.1905
813.4788 3.1905
830.5117 84.4286
830.6994 13.4286
831.2701 4.0000
831.5252 54.8571
832.0151 4.2857
832.4025 3.5714
832.5643 11.8571
842.5346 2.1905
843.5054 10.2857
845.5505 6.2381
853.5394 2.1905
869.5245 6.4762
870.5601 6.2857
871.3642 2.0000
871.5878 5.5238
887.5412 272.7619
887.9130 19.4762
888.2723 13.7619
888.5412 173.9048
888.7916 12.4762
889.0026 1.9524
889.1995 6.1429
889.5579 56.2381
890.4997 7.2381
897.5688 5.2381
898.4536 4.2381
904.5711 3.1905
1000.3942 2.8095
1000.6355 36.4762
1001.0601 3.0000
1001.6690 31.1429
1003.6696 3.1429
1036.7822 2.1905
1164.8086 2.3810
1182.7684 4.1905


1931.7694 2
84.0465 3.1429
101.0823 31.6667
130.0601 6.6190
134.0561 10.4762
181.0727 7.6190
241.1020 25.6667
245.0966 191.6191
245.2787 6.6190
246.0966 39.5238
250.1553 2.1905
259.1101 30.9524
260.1121 7.2381
263.1028 36.1905
276.1543 12.0000
277.1563 5.2381
283.1695 23.1905
284.1282 4.5238
311.1532 16.8571
312.1702 7.3810
324.0927 5.4286
338.1320 15.2857
339.2544 5.1905
341.1336 3.1905
342.1161 3.1905
343.1183 2.1905
356.1377 51.9048
357.1352 8.1905
358.1125 7.4286
358.2421 2.2857
360.1298 29.0000
361.1206 6.5238
363.1799 2.1905
370.1601 17.0000
371.0983 2.1905
371.3255 3.1905
374.1380 33.3810
374.3400 5.0952
374.5359 1.9524
375.1648 9.0476
378.1407 33.2381
378.3233 5.8571
379.1343 11.7619
384.1233 2.1905
388.1594 12.2381
388.2817 4.0000
389.1982 7.1905
417.2171 2.3810
439.2113 92.0952
439.3470 14.9048
440.2236 24.1905
441.2319 6.7619
449.1509 4.1905
453.1454 2.1905
454.1447 5.2381
467.2130 17.1429
471.1567 11.0000
471.2864 4.6667
484.2287 4.1905
485.0627 1.8571
485.1808 29.6667
485.3483 2.2857
486.1696 5.1429
487.2118 7.9048
489.1780 21.0952
490.1051 3.1905
499.1833 5.3333
503.2020 27.9048
503.3372 2.4286
503.6488 1.1905
504.2082 8.0000
505.2596 6.1429
507.1901 27.2857
508.2636 2.2381
509.2132 6.1429
517.2344 4.7619
524.3159 13.1905
525.2692 7.1905
534.2526 2.1905
550.2222 5.9048
550.4318 3.8095
552.3203 46.7619
552.6545 1.1905
553.2837 19.6190
565.2963 4.2381
568.1327 3.0000
568.3068 3.6667
572.3406 3.1905
581.1456 1.4286
582.2720 5.5714
582.4182 2.0000
584.2888 5.0476
587.2599 2.1905
596.2583 13.0476
598.2440 5.3333
599.2463 9.1429
600.2862 14.2857
604.2902 8.7619
610.2415 3.1905
614.2275 21.5238
614.5647 3.1429
615.2043 7.9524
615.3763 1.4762
615.5121 2.1429
616.2623 8.1905
618.1352 5.5238
618.2394 6.1905
625.5970 1.1905
629.2961 3.1429
630.2984 5.3810
632.2607 34.1905
632.4578 2.5238
636.2466 14.3333
649.3421 9.5238
650.4750 1.9048
656.2888 3.1905
664.2952 4.1905
666.3337 17.1429
667.3603 7.3333
683.3694 5.1429
683.9332 1.1905
684.3641 3.8095
692.3618 2.1905
698.3184 3.1905
705.2501 2.1905
711.3397 6.7619
712.2658 4.3810
715.3199 3.9524
720.3285 2.3810
726.2584 4.9048
727.3074 2.1905
728.3918 4.1905
729.2561 10.4286
730.3600 12.1905
730.5154 2.4286
731.4471 2.0952
732.3402 6.1905
743.2822 6.1905
743.6632 2.1905
744.3272 6.5238
745.2958 13.2381
746.2599 3.8095
746.4059 2.8095
747.2673 11.2857
750.4148 3.5714
760.2687 4.9524
760.4072 4.0476
761.2632 20.5238
762.3370 8.2857
765.2875 7.7619
767.2899 3.4762
770.3230 3.1905
776.2141 3.1905
776.5098 2.1905
777.3883 9.1429
778.4106 10.3333
780.3093 2.1905
794.4333 29.4762
794.7020 3.4286
795.2105 6.1905
795.4280 15.6190
809.2778 3.5714
813.3338 5.8095
831.5120 7.1905
832.5536 4.1905
840.3725 5.1905
842.3688 4.2857
857.3378 6.3810
858.3668 13.8095
859.2328 1.3333
859.4056 5.0000
860.1662 1.2857
860.2996 4.3810
874.3120 10.1905
874.4377 4.1429
874.7168 1.0952
875.3447 5.3810
875.7519 3.1905
876.3986 10.0952
876.8104 2.0952
877.2117 7.2857
878.3828 7.1905
889.3894 2.1905
890.2335 1.0000
891.5524 7.2381
892.4259 13.4286
893.4091 10.4286
893.7431 3.8571
894.4050 9.0952
896.4183 2.1429
897.4247 2.1905
908.3903 4.2381
909.4656 14.1905
910.2925 2.5714
910.4461 16.8571
923.4365 5.2381
925.2592 1.4762
925.4346 6.1429
977.3688 4.1905
985.4027 4.1905
986.3130 3.6667
987.1578 3.3810
987.3942 4.1905
988.4867 3.1429
990.4615 2.1905
1003.2969 3.0000
1003.4745 5.6190
1004.3683 12.4762
1004.6371 5.2381
1005.3860 9.0000
1019.4291 2.1905
1020.4612 4.7619
1022.3842 6.7143
1023.4327 4.2857
1032.8376 1.0952
1037.4088 4.1905
1038.4617 14.2857
1038.7192 0.5714
1039.5022 16.0000
1040.4734 10.9048
1041.3431 2.1905
1056.5098 5.1905
1082.4056 3.1429
1100.4536 10.3810
1118.4520 15.4762
1119.1869 2.9048
1119.4574 9.2381
1120.0946 1.0952
1120.3909 4.6667
1133.4939 6.1905
1134.4209 7.3333
1150.4121 8.7619
1151.4690 8.0476
1167.3196 3.3333
1167.5326 11.5238
1168.5708 14.0476
1182.0518 4.1905
1220.4894 2.1905
1229.4652 2.1905
1247.3799 8.2381
1279.5896 8.1905
1280.3588 4.2857
1296.3451 1.9048
1296.5833 11.4286
1297.5416 12.2857
1298.4987 4.9524
1381.6422 5.4762
1408.6288 3.5714
1408.9308 1.0952
1409.5872 8.2381
1425.4613 9.3810
1426.5392 9.1429
1428.6503 3.1905
1537.5216 3.1905
1555.6648 7.1905
1651.7321 3.1905
1652.5745 5.1905
1669.6659 3.1905


831.5718 2
86.1036 54.8095
98.0685 26.8571
102.0645 17.9048
112.0955 7.7143
115.0970 6.5714
116.0836 78.2857
117.0851 9.7143
133.1093 16.3810
142.1020 2.1905
143.0972 58.5238
158.1012 14.9524
161.1060 42.1429
161.1707 4.1429
171.0921 51.8571
175.1364 100.1429
175.2461 7.2857
175.3140 1.8095
176.1312 6.0476
185.1147 8.0476
189.1057 20.8095
197.1371 9.5238
199.1951 26.1429
203.1253 20.9524
213.1058 7.8571
215.1694 15.5238
225.1529 5.0952
227.0857 1.0952
227.1974 35.9048
228.1846 6.1905
241.0972 9.6667
243.1528 36.5714
244.1633 5.1905
246.1989 2.1905
254.1556 5.2381
271.1972 29.6667
271.2834 5.5238
272.1911 6.0476
284.1527 2.1905
287.1359 2.0952
287.2477 2.0952
288.2245 28.4762
300.1275 19.4762
300.2609 4.1429
310.2398 5.0952
328.0081 3.3333
338.2381 11.6190
339.3068 2.1905
344.2101 5.2857
356.2494 11.6190
357.2386 2.1905
367.2508 5.1905
384.2739 14.4286
384.3891 1.2857
401.3150 43.9524
402.2948 7.3333
423.3095 5.0476
497.3725 11.9048
514.4092 95.6190
514.5831 0.9524
515.4022 18.1905
625.4344 21.3333
626.4361 12.6190
643.4639 80.7619
643.7161 5.4286
644.4535 15.0000
644.5976 3.0952
644.7375 5.3333
744.5317 8.3810
754.4252 3.1905


1207.7599 2
69.0279 2.1905
72.0897 5.2381
86.1033 25.0476
87.0595 14.5238
89.0676 30.2381
111.0668 8.4286
125.0666 8.3333
128.1192 5.3810
131.0824 4.4762
131.1343 2.2857
133.0992 37.5238
142.1364 13.8571
155.0871 18.3333
169.1557 3.1905
171.0971 4.2857
173.1328 25.7619
174.1308 3.1905
175.1119 5.2857
177.1264 13.0952
183.1016 3.6667
187.1606 24.7619
197.1498 30.8571
198.1375 4.2857
199.1179 4.2857
201.1338 13.2857
201.2482 4.2381
215.1677 19.6667
216.1635 10.4762
234.1603 21.0476
234.2553 5.0476
245.1554 7.3333
284.1818 5.3810
287.1435 3.1905
296.2234 8.0952
300.1408 2.8571
301.1547 2.1905
302.1799 5.2857
305.2050 5.0476
318.1691 7.7143
319.1665 2.1905
332.1913 14.5238
333.1802 3.3333
352.2474 3.1429
363.2248 2.1905
375.2094 2.1905
381.2181 7.7619
399.2263 3.1429
417.2199 6.4762
418.2564 4.1905
419.2185 2.1905
460.2878 13.6190
468.2277 4.2857
478.2987 139.9524
478.5640 2.2381
478.6628 3.8095
479.1857 4.2381
479.3085 27.2857
480.2704 5.1905
482.2680 2.6667
488.7571 2.1905
500.2696 3.8095
577.3760 18.1429
579.4144 2.3810
613.3281 3.1905
706.4153 6.8095
707.4243 5.0476
793.4736 16.2381
794.4648 4.1429
894.5050 25.6667
993.8041 3.1429
994.5344 6.2381
1095.5082 2.1905


1062.7025 2
89.0682 235.0000
89.1268 2.7143
90.0681 6.1905
91.0777 3.9524
99.0549 8.4762
109.0507 10.6190
109.0992 2.3810
111.0547 33.3333
113.0711 17.4762
122.0616 2.1905
133.0986 220.4286
133.2490 2.2857
133.8622 2.1905
134.1017 10.5714
137.0749 14.4286
151.1125 15.3333
155.0851 28.1429
157.2432 2.1905
161.1333 7.4762
163.0963 4.0952
177.1285 59.4762
177.2075 4.3333
181.0865 6.1429
189.1039 4.1905
195.1357 32.5238
199.1171 34.8095
201.1316 8.1905
213.1195 2.1905
215.1625 4.1905
219.1353 5.0952
221.1515 12.2857
239.1614 32.6190
243.1344 24.8095
283.2118 17.2381
287.1697 31.8571
287.2617 1.0000
289.1944 6.1905
323.1948 5.3333
327.2322 14.0476
331.2178 24.2857
357.2367 4.1905
371.2690 13.3810
415.2854 9.2857
419.2624 11.5238
463.3104 7.2857
543.3630 3.3333


1106.7031 2
73.0388 10.2381
83.0524 2.1905
89.0667 232.0000
89.1290 8.6190
90.0756 5.9524
90.1891 2.1429
95.0576 14.3333
107.0780 9.5238
111.0565 14.5238
115.0907 2.1905
117.1020 6.2381
121.0746 3.1905
131.0898 18.3810
133.0988 291.4762
133.1766 20.2381
134.0967 12.6667
134.9078 2.1905
135.1202 6.1905
137.0687 14.2381
155.0815 38.2857
156.0933 3.1905
157.1053 16.1905
161.1108 2.3810
175.1083 26.8571
177.1254 70.8095
177.2067 8.9524
177.3109 2.2381
178.1382 11.5238
181.0923 10.5238
184.1175 2.1905
188.1026 3.1429
193.1694 2.1905
195.1406 52.6190
196.1387 4.2381
199.1122 44.1905
199.2013 4.6190
200.0981 3.1905
201.1318 10.8095
215.1208 4.2381
219.1405 10.6667
221.1525 18.5238
225.1461 5.0476
231.1228 3.1905
239.1643 32.0952
239.2608 2.5238
240.1624 4.2857
243.1448 32.8571
261.1575 3.3333
283.1913 31.3333
283.2879 6.7619
284.1726 1.2857
284.2477 3.3810
287.1683 28.8571
288.1617 4.1905
288.2818 2.1905
313.1827 3.1905
331.2020 20.2857
363.8655 2.1905
367.2604 5.1905
371.2672 12.5238
372.2576 2.1905
375.2226 10.9048
399.2791 2.1905
406.2359 2.1905
411.2121 3.1905
413.3007 2.1905
415.2756 7.2381
416.2985 5.1905
419.2411 6.0000
456.3041 3.3333
463.3056 9.2381
499.3283 3.3333
544.7003 2.1905
551.4749 3.1905
553.3431 5.5714
553.5696 1.0000
554.3255 4.2857


1133.7129 2
73.0305 15.4286
81.0361 5.0952
87.0511 60.6667
89.0672 323.4762
90.0725 21.0952
90.1365 1.9048
91.0698 9.2857
95.0584 18.4762
97.0757 6.0476
99.0493 14.3333
103.0573 4.1905
107.0909 4.2857
109.0377 4.3333
110.0990 2.1905
111.0529 29.1429
113.0715 18.7143
117.0901 5.3333
119.0710 2.1905
131.0818 31.3810
133.0976 358.6190
134.1035 28.0000
134.1631 0.8095
135.1024 7.8571
137.0692 19.9524
155.0846 47.9524
157.1005 13.1905
175.1135 23.3810
175.1872 3.2381
176.1346 4.1905
177.1286 103.6191
177.2310 1.9524
178.1340 6.7619
178.6787 2.1905
181.1212 5.0476
183.1189 2.1429
184.1175 2.1905
195.1324 35.9524
197.0893 3.1905
199.1229 30.4286
199.2234 0.6190
200.1699 3.0952
201.1440 8.2381
213.1566 4.2857
217.1318 7.3810
219.1431 9.3810
221.1613 15.5714
225.1260 7.0952
239.1673 34.2857
240.1654 8.5238
241.1236 9.2381
243.1427 33.8572
257.1639 4.5238
265.1813 8.0952
271.1572 2.1905
283.1949 26.9524
291.1718 2.1905
313.1724 5.4762
327.2347 11.3810
329.1705 3.1905
330.1498 2.1905
331.2039 24.0952
331.4459 2.4762
332.1756 5.2381
357.1885 3.1429
369.2155 2.1905
371.2682 16.3810
371.5073 2.1905
372.2390 3.1905
375.2279 18.1429
376.2379 2.1905
389.2125 3.1905
411.2657 3.1905
412.2467 2.1905
415.2877 6.0476
416.2062 1.0952
417.8677 2.1905
419.2735 7.1905
455.3255 3.1429
455.7847 2.1905
489.8004 3.1905
503.2677 2.8571
507.3276 5.8095
595.3793 4.2857


1194.7737 2
73.0380 3.1905
87.0508 28.9048
89.0677 202.3333
90.0731 12.8095
107.0717 6.7619
111.0555 12.3810
113.0660 8.6190
115.0780 3.1905
117.0875 9.3810
125.0826 4.3810
131.0877 28.6667
133.0986 253.0000
133.1856 12.0000
134.1762 0.3810
137.0670 13.8095
155.0944 18.1429
161.1333 2.1905
171.1319 2.1905
173.1197 4.1905
175.1035 16.0476
176.1189 2.1429
177.1287 102.8571
188.1066 2.1905
195.1375 31.0476
199.1206 21.2857
206.1250 4.2857
213.1453 2.1905
219.1484 12.4762
221.1554 24.0476
223.1999 3.3333
232.1311 4.1905
239.1685 38.7143
243.1409 31.0952
263.1429 3.3333
265.1910 4.6667
265.3126 1.5714
267.2012 2.1905
269.1561 7.7619
272.1483 2.1905
283.1977 36.8572
287.1631 22.7143
309.2028 4.0952
324.1677 2.1905
327.2300 23.3810
331.2047 23.5714
367.2061 5.2381
370.8815 4.2857
371.2495 19.6667
373.8973 2.1905
375.2229 21.5238
392.9051 9.2857
415.2659 18.1905
419.2657 10.3810
438.1615 2.1905
439.2976 2.1905
449.8654 3.1905
450.8666 13.2381
459.3114 11.7143
460.3016 3.1905
463.2534 9.1905
466.9002 3.1905
467.8844 17.1429
468.0495 7.1905
486.8854 10.1905
503.3335 6.2857
504.3718 5.2857
507.2966 6.8095
551.3833 5.3810


1526.8464 2
87.0441 5.3333
89.0639 19.6190
89.1118 1.6190
117.0776 4.1905
129.0967 4.1905
133.0954 26.0476
136.0875 4.2857
137.0677 2.8571
147.1045 8.1905
175.0843 10.3810
177.1065 9.0476
196.0831 5.3333
199.1056 2.1905
205.0978 2.1905
214.0931 4.6190
221.1561 3.8095
232.0900 5.4286
243.1358 4.6190
243.2238 2.0000
251.1111 5.2381
256.1160 3.1429
274.1404 6.2857
283.1796 2.2857
293.1315 4.2857
298.1424 4.1905
301.1649 4.2381
313.1601 2.1905
319.1378 9.8571
320.1468 4.2857
348.1820 2.1905
352.1417 9.5238
370.1725 14.7619
371.1817 9.1905
377.2409 4.1905
378.1959 2.1905
380.2164 3.1905
388.1577 12.0952
395.2255 4.7619
402.1587 2.1905
403.2422 2.8571
406.1646 2.1905
411.3375 4.1429
420.2658 13.2381
446.1913 10.4286
448.1894 2.1905
464.2039 6.1905
465.2477 2.3810
479.7982 8.2857
480.2979 7.1905
480.8322 4.0952
489.2589 4.2857
498.2379 8.1905
499.3713 2.1905
505.2347 6.4762
516.1875 7.1429
523.2776 9.4762
524.2346 4.2857
531.3008 7.2381
533.2253 16.1429
534.1689 6.0952
540.2925 2.1905
548.3363 5.7143
551.2428 15.4762
552.2388 6.2857
569.2515 5.2381
571.2833 2.1905
586.7600 1.1905
602.2120 2.1905
661.2341 2.0476
661.4166 9.5714
764.3775 5.6667
764.5803 2.7143
774.5417 5.2857
813.4299 3.3333
861.5070 11.4286
863.4808 4.2857
913.5149 2.1905
940.4928 2.1905
941.5690 3.1905
958.2945 0.7143
958.5808 75.9048
958.9688 6.2857
959.2073 2.9048
959.5590 73.4286
959.9673 7.3810
960.4128 6.3810
960.5859 35.3810
961.4700 4.1905
961.6841 8.3333
961.8749 1.2381
1121.6447 9.0952
1122.6597 13.3810
1123.5819 4.1905
1209.6971 10.2381


1801.0079 2
86.0998 9.2381
101.0869 2.1905
120.0960 8.5238
133.0994 2.1905
143.1264 3.1429
185.1758 14.7619
209.1405 6.3333
213.1743 19.9524
261.2027 3.1905
270.2005 62.7143
277.1171 10.0952
281.2312 3.3333
318.2121 7.0476
329.2399 2.1905
337.2233 3.8095
355.2614 52.7143
355.4579 1.6190
355.5782 4.4286
356.2957 11.0476
359.1689 2.1905
372.2121 2.1905
383.2757 13.5238
431.2740 11.4286
447.2705 4.2857
448.2143 2.1905
457.3171 4.2857
468.3238 13.2857
486.3359 2.1905
502.3518 9.2381
503.2784 4.1905
539.3544 11.1429
546.3527 3.1905
553.3477 2.1905
561.3011 4.0952
631.4427 3.1429
641.3477 3.1429
659.4036 4.2857
699.4095 13.3810
700.3940 8.6190
700.5297 1.1429
709.8990 10.4762
710.6727 1.6667
710.8483 6.3333
713.2259 2.3810
767.6445 2.8571
775.2856 2.4286
775.4539 3.0000
777.3395 3.1429
780.3998 3.1429
786.3450 3.9048
794.9628 32.2857
795.9273 7.9048
796.4016 5.1905
802.2491 2.1905
811.8654 3.1905
812.5062 6.5714
814.4515 2.3810
872.5211 3.1905
883.3751 3.1905
892.0638 2.1905
892.4763 6.1905
892.9473 3.1905
901.0296 17.3810
901.5016 19.4286
901.7039 0.6667
901.8808 4.8095
902.0483 13.2857
902.5114 11.2857
925.4971 3.3333
926.5444 12.8571
927.2689 1.0952
927.4125 0.5714
927.5824 4.0952
997.4874 2.3810
1027.5571 14.0952
1027.7281 4.6190
1028.5669 5.6190
1030.4895 2.1905
1040.4302 2.1905
1125.4928 3.4762
1125.6453 6.8571
1142.6564 16.5714
1143.4583 2.1429
1143.6117 9.5238
1143.9774 3.4286
1144.6563 7.2857
1145.6124 2.1905
1234.4937 2.1905
1262.5951 2.1905
1271.6082 18.0476
1272.8038 15.2381
1273.6544 5.3333
1401.7299 3.6667
1418.7062 24.6190
1419.0740 2.0000
1419.5952 3.9524
1419.8131 13.6667
1420.1062 2.6190
1420.8060 16.2857
1588.8724 6.0952
1589.5521 1.9524
1589.8455 6.3333
1591.7623 1.1905


3161.6326 3
136.0892 53.5238
175.0853 8.6667
261.1825 11.6667
283.1552 12.5238
284.1681 6.3333
320.1439 22.3810
321.1357 6.3810
382.2423 2.1905
387.2146 2.1905
397.2301 3.1905
417.2024 4.2857
503.3314 3.1905
524.0141 1.0952
561.2527 2.1905
584.3348 3.1905
603.2396 3.1905
604.2827 2.1905
621.3108 2.8571
652.3907 2.1905
689.3774 2.8571
707.4969 3.0476
709.5150 2.1905
716.3521 4.2857
733.3936 6.1905
764.3679 2.1905
807.4313 3.8095
896.5066 2.3810
936.5220 10.0952
936.8359 5.6667
942.2104 29.0476
942.4960 101.2857
942.8231 147.0952
943.1417 107.3333
943.4785 68.0476
943.8395 36.0000
944.1384 15.7619
944.5359 11.7143
944.9457 3.4762
947.0671 4.0952
947.5275 3.0476
956.9698 5.6667
958.0078 8.2857
986.7202 3.1905
990.9811 1.0000
994.2502 2.1905
996.5938 2.5714
996.8421 22.4762
997.1530 41.1905
997.3757 8.3810
997.5418 37.2381
997.8225 10.5238
998.1747 6.2381
1014.3906 2.0952
1014.9915 2.1905
1020.4457 3.1905
1025.5181 2.1905
1030.2716 3.1429
1031.7009 1.9524
1042.7896 2.3810
1048.8523 11.1429
1049.1692 8.2857
1049.4152 6.9524
1049.9509 11.3333
1051.0874 2.1905
1055.0857 83.1429
1055.5244 48.8095
1055.8470 30.0952
1056.1896 10.7619
1056.5698 10.4762
1056.9167 4.2381
1079.4080 6.1429
1164.5670 6.0952
1165.4595 6.0000
1165.6387 8.2857
1166.0056 5.2857
1166.5642 5.3810
1180.0259 3.1905
1215.5719 8.7619
1215.7262 12.5714
1216.0793 15.0476
1216.3378 8.1429
1216.6237 11.7143
1216.8878 1.0000
1217.0728 5.1905
1217.2301 7.0952
1217.6694 3.9048
1219.0892 2.1905
1271.5350 2.3333
1271.7280 8.7619
1272.0701 10.0476
1272.7241 13.0952
1273.0804 7.8095
1273.3015 3.8095
1273.6891 2.6667
1279.6661 3.1905
1280.7173 2.1905
1283.1660 3.1905
1284.1588 2.1905
1291.2108 4.2857
1328.7032 9.3333
1329.0254 3.3333
1349.7285 2.3810
1364.6083 5.0476
1364.8456 5.6667
1365.1053 8.0476
1365.8000 5.7619
1392.1520 4.2857
1392.7209 7.4286
1393.0529 2.0000
1404.8831 7.7619
1412.8282 1.5714
1413.2224 31.5238
1413.6776 42.5238
1414.2299 41.6667
1414.5129 6.6190
1414.7219 22.9524
1414.9968 7.2381
1415.3363 6.5238
1415.8085 8.4762
1416.1438 1.8571
1420.0616 1.1905
1449.2118 5.1429
1496.1693 2.1905
1498.8052 2.7619
1498.9734 1.7143


2283.2698 2
110.0743 7.8571
147.1384 13.4286
199.2137 2.1905
211.1279 7.5714
239.1095 2.1905
260.2102 27.2857
261.2036 5.0476
279.1563 2.1905
283.1003 2.1905
284.2322 3.1905
291.2740 3.1905
319.2209 3.1905
328.2301 3.7143
358.2357 5.1429
373.2839 25.5238
374.3134 4.2857
380.2222 6.1429
419.2668 4.2857
437.3065 29.1905
437.4768 4.3810
438.3648 3.8095
438.5565 2.0952
439.4706 2.0952
447.2889 17.6190
458.1791 2.1905
465.3069 107.7619
466.3008 29.2381
468.3046 2.1905
471.3203 2.1905
473.2405 5.2857
477.2724 2.8571
487.3505 2.1905
504.3535 25.5238
504.6734 3.0476
562.3182 4.1905
587.7601 2.3810
617.4392 38.3333
618.4497 16.8095
618.7175 3.1905
619.4578 10.7619
668.3279 2.3810
676.3931 6.4762
711.3220 2.1905
714.3574 3.1905
732.4708 7.1905
768.8731 3.1905
769.4617 4.1905
782.4683 2.1905
795.4147 3.1905
796.5376 3.1905
811.4259 2.1905
815.4023 3.1429
817.4829 3.9048
820.5536 2.3810
823.4806 19.3333
823.6638 1.0476
824.5156 13.1905
824.7413 4.0000
825.4908 11.1905
834.4374 9.4286
834.9175 9.2857
842.4285 9.2381
844.3839 2.1905
846.5297 50.6190
847.2300 4.2381
847.5511 20.6191
848.5013 15.5238
877.9978 2.3810
882.4329 10.5238
883.0010 3.0952
887.7550 2.1429
890.9251 13.5238
891.3649 12.6667
892.5762 3.4762
892.9620 2.1905
899.9229 10.3810
900.4702 7.3810
900.8763 4.7619
901.9232 6.6190
904.4500 2.1905
906.4578 4.1905
910.0834 13.2381
910.4525 25.6667
910.6530 3.3333
911.0059 31.9048
911.4557 19.8571
911.9848 12.5238
938.2678 3.6667
938.4902 74.3810
938.7398 9.6190
938.9872 8.6190
939.5145 45.1905
939.8171 3.3810
940.2629 5.4762
947.4870 14.4286
947.9867 13.0000
948.2304 4.7143
948.5649 4.2857
949.0170 6.2857
956.2881 3.2381
956.4558 23.3810
956.7621 0.6667
956.9620 27.1429
957.4689 14.3810
957.9006 5.2381
958.4741 3.1905
960.7781 2.0952
961.5443 6.2381
962.4750 6.3333
963.5112 7.5238
973.1080 1.4762
974.4304 6.1429
974.8086 2.1429
975.4726 5.0000
976.6686 2.3810
978.4661 9.0476
978.6963 1.9048
978.9896 35.2381
979.5124 29.6667
979.7663 1.0952
980.0295 22.2381
980.4393 9.3810
990.4849 3.3333
994.8452 2.1905
995.9581 3.1905
998.6980 2.1905
999.4772 2.8571
1003.4359 2.1905
1003.9937 18.4286
1004.2764 3.7143
1004.5135 9.1429
1004.7740 6.3810
1005.0334 8.7619
1009.8042 4.7619
1012.5593 6.4286
1012.7015 1.8571
1013.0189 43.6190
1013.2267 3.8095
1013.4974 42.0476
1013.7314 8.0000
1014.0281 25.3333
1014.2909 4.6667
1014.5377 20.3810
1014.7662 1.6667
1014.9279 5.0952
1021.3404 2.9524
1021.6777 2.2381
1022.5107 2.8571
1027.4070 2.1905
1029.1116 6.7143
1029.3544 2.9524
1029.5675 37.0476
1029.8082 8.1905
1030.0315 37.3810
1030.3127 11.0476
1030.5349 14.6190
1030.8975 4.7619
1031.0630 4.6667
1032.4207 2.1905
1032.8346 3.1905
1033.7284 4.1905
1047.2874 2.2857
1052.5093 4.7619
1053.1145 2.1905
1054.4924 3.9524
1060.1215 5.2857
1060.6917 3.5714
1060.8771 0.8571
1061.0295 8.4762
1061.5170 6.2857
1062.0566 12.0476
1062.5692 3.2381
1062.7599 0.6190
1062.9304 3.0000
1063.2244 4.5714
1065.6353 3.1905
1069.0287 5.8095
1069.2959 6.8095
1069.6085 23.8571
1070.0631 36.1905
1070.3457 1.7619
1070.5372 18.7619
1071.0325 13.9524
1071.5436 7.9048
1075.0764 2.1905
1075.3605 1.9048
1075.5387 3.6667
1079.6735 5.2381
1080.1276 2.0952
1080.5151 2.3810
1086.5389 2.8571
1087.3530 7.1905
1088.0212 5.1905
1089.5258 2.1905
1094.0841 2.3810
1099.2203 6.1905
1099.3948 2.0000
1103.5820 2.1905
1105.9502 5.0476
1106.4806 6.4762
1107.6202 2.3810
1109.6274 6.8571
1110.4866 2.0952
1111.5842 7.3810
1112.6960 5.0000
1113.5797 3.6667
1114.7737 2.1905
1117.1340 4.0000
1117.4136 3.4286
1120.6458 13.1429
1121.0563 6.1905
1122.7548 3.3333
1125.1383 8.3810
1125.6245 5.1905
1127.2220 6.4762
1127.5653 2.0952
1127.9409 7.0476
1128.8843 2.2381
1129.0841 0.9524
1129.7367 7.0476
1130.2675 2.8571
1132.6390 2.1905
1133.0771 4.6667
1133.2604 5.6667
1133.6541 77.2381
1134.1237 112.2857
1134.6107 115.0000
1135.0938 78.7143
1135.4185 5.6667
1135.6530 36.5238
1136.0410 21.5238
1136.2512 9.7143
1136.7074 14.2381
1137.2279 6.1429
1137.4231 3.8571
1137.5649 2.3810
1137.7401 6.7143
1137.9373 4.4762
1138.3239 14.2857
1138.8778 4.9524
1139.4281 6.6667
1139.6764 8.0000
1140.0020 12.6667
1140.2751 6.1429
1140.6052 3.7619
1140.7799 6.0000
1140.9479 0.6667
1141.1235 6.0476
1141.3232 5.1905
1141.5995 12.7143
1142.1365 787.3810
1142.6190 4482.0957
1143.1168 5405.9531
1143.6190 4078.7144
1144.1149 2112.3335
1144.6095 855.8571
1145.1157 232.5238
1145.3729 58.0476
1145.7872 73.7143
1146.2333 27.9048
1146.5701 34.2857
1146.8875 14.4762
1147.3464 45.5238
1147.5554 14.1905
1147.7803 13.1429
1148.0480 4.7619
1148.2402 16.5238
1148.6003 12.2857
1148.9216 19.5714
1149.2870 9.3810
1149.5491 16.8095
1149.9292 6.7619
1150.1527 1.9524
1150.4044 12.4762
1150.9357 7.9524
1151.1658 8.3810
1151.4298 2.5714
1151.6385 7.0000
1151.8394 2.7619
1152.0867 2.6667
1152.2959 8.0000
1152.8173 5.0476
1153.1299 6.6667
1153.4086 5.0000
1155.8037 5.0952
1156.5502 5.0000
1156.7522 2.5238
1157.8972 2.6190
1158.1237 2.1429
1158.9857 3.0952
1160.8518 2.8571
1175.6790 4.2381
1186.7931 3.1429
1191.6215 2.1905
1203.4373 3.1905
1323.7335 3.1429
1324.6982 6.2857
1325.6090 2.0952
1325.8495 2.0952
1346.7487 50.0000
1347.3469 2.8571
1347.7526 36.5714
1348.1112 2.8095
1348.3835 6.6667
1349.3386 1.7619
1349.6437 4.3333
1355.7999 2.3810
1436.6499 3.1429
1437.6644 8.1429
1438.0024 5.0952
1438.6030 6.7619
1438.7988 6.1905
1439.1036 6.0476
1439.7946 21.3333
1440.8685 5.1429
1461.7903 24.9048
1462.1846 1.6667
1462.4763 2.7619
1462.8595 11.8571
1464.4514 3.0000
1464.7531 3.5714
1484.1985 2.1905
1553.5603 0.4762
1553.7760 4.7619
1667.4001 4.7619
1667.6763 12.3810
1667.9210 3.4286
1668.7590 20.2381
1669.7979 6.2857
1722.5974 4.0000
1722.9088 2.2381
1780.8402 8.0952
1781.1139 4.1429
1781.5010 3.4286
1781.8107 4.3333
1786.1434 2.1905
1802.7762 2.1905
1803.8738 3.1905
1818.8429 3.6190
1819.8879 50.0476
1820.3551 6.2381
1820.8751 41.3810
1821.4225 5.7619
1821.7502 8.4286
1821.9374 18.8571
1822.6782 2.9048
1822.9958 9.0952
1823.9435 2.7619
1825.8794 2.1905
1911.8065 6.0952
1912.0729 0.4762
1912.2826 2.5238


2895.5198 3
70.0664 45.4762
86.1005 33.6667
129.0849 10.0952
175.0810 33.9048
183.1740 5.0476
185.1107 1.5714
185.1781 45.1429
186.1717 11.2857
197.1706 3.6667
202.1047 4.1905
205.1147 2.1905
211.1633 4.1905
213.1753 24.5238
214.1012 36.6667
214.2499 3.9524
215.1281 3.1905
232.1088 12.4286
233.1398 9.5714
251.1259 2.9524
251.1982 4.3333
255.1313 6.2857
256.0829 3.1905
260.2171 15.7619
261.1830 8.4286
269.1273 3.1429
273.1704 2.1905
274.1328 8.2857
278.1247 6.4286
279.1510 1138.1906
279.2552 90.5714
279.4420 9.6667
279.6204 2.4762
279.7288 2.0952
280.1607 188.3810
280.2892 10.8571
280.3889 6.7619
281.1514 26.3333
281.2638 4.6190
281.3412 5.7619
283.1102 4.2381
283.2491 2.1429
284.1146 3.1905
287.5216 2.3810
291.1449 6.4286
298.2311 7.1905
299.2327 3.1905
301.1267 18.4762
302.1367 5.2857
303.1119 5.9048
315.1808 5.7619
319.1420 22.0000
320.1722 11.1429
320.3244 4.3810
331.2003 2.1905
335.1012 7.3333
338.2107 5.1905
342.1580 2.1905
349.1680 6.9524
350.1375 4.2857
352.1635 22.7143
353.1297 4.1905
354.0811 2.1905
361.2011 7.2381
368.1740 3.1905
370.1707 23.9048
371.1655 10.3810
377.1944 8.8095
383.2788 5.6667
384.3082 2.1905
385.2393 3.1429
386.1944 2.1905
388.1697 25.7143
391.1941 3.1905
392.2303 15.6190
395.1818 7.7619
396.2114 4.7619
396.3330 2.8571
397.2104 3.1905
399.1613 2.1905
406.2002 5.0952
407.0919 0.8095
407.1944 8.7143
411.2820 10.5714
425.2493 3.1905
428.3092 10.1905
435.2294 2.1905
437.1927 11.2381
438.2033 5.2857
439.2398 5.2857
446.2135 8.5714
447.1926 7.7619
447.3370 1.5714
457.2923 6.1905
461.2856 4.1905
462.2956 9.1905
464.1933 5.1905
464.3072 1.5238
470.1855 8.3810
471.2112 4.0952
487.2258 5.2381
488.2346 11.1905
489.2202 4.2857
490.2759 9.2857
492.2281 6.3810
498.1703 9.0476
498.3018 2.8095
505.2195 18.0000
506.2120 17.3333
507.2068 5.2857
512.3122 5.8571
515.2381 23.0952
516.1835 18.2857
523.2562 11.7143
524.2281 9.8571
524.3933 3.0952
527.2917 3.1429
533.2269 62.1429
533.3672 7.1429
534.2214 24.2857
535.2513 6.4286
539.3589 5.1905
539.5118 2.0952
541.2534 15.3333
545.3401 4.1905
546.2447 3.1905
551.2413 40.8571
551.4340 2.7619
552.1003 2.5714
552.2424 10.4762
552.7515 2.1905
562.2867 2.1905
563.3650 4.2857
569.2528 25.2381
571.3474 8.3333
573.3522 10.1905
574.3428 3.1905
646.3214 3.5714
666.3140 6.1905
669.4562 2.1905
674.3183 4.1905
684.1182 1.1905
687.3602 2.1905
702.4322 3.1905
703.3882 4.1905
725.4166 2.1905
727.2438 2.1905
731.2578 3.0952
735.3559 5.1905
744.3869 2.1905
747.4139 2.1905
748.4135 3.9048
753.3406 4.2857
754.3281 2.1905
762.9180 2.1905
769.4067 7.2381
784.3658 4.1905
794.3842 3.1905
796.7814 3.1905
802.4829 2.1905
805.8491 3.1905
809.3113 4.1905
811.9466 2.1905
820.4207 5.2857
829.7323 2.3810
830.4037 8.0476
832.4599 3.1429
838.7911 2.3810
848.4210 9.2857
851.9384 2.0952
858.4035 4.1905
864.4597 4.2857
866.4441 10.0952
866.6140 3.1905
867.4450 7.2381
867.9086 5.3810
868.5130 8.0476
868.7426 1.1905
868.9905 4.0952
877.5508 2.8571
887.8253 2.1905
890.9373 2.1905
905.4603 4.2857
910.2380 3.9524
910.3992 0.4762
910.5651 4.9524
911.9567 4.2857
919.4363 5.4286
919.5532 7.5238
919.7442 0.3810
919.9895 7.0952
921.4542 2.8571
924.8771 1.9524
925.0417 5.2857
925.5145 5.2857
926.0386 7.1905
926.4432 2.1905
934.4420 5.1429
934.8936 3.8095
937.9993 2.3810
944.4351 4.1905
947.4845 3.1905
951.5627 3.1429
951.9176 4.3810
952.4998 2.1905
954.0927 3.1429
959.3083 4.7143
959.4734 8.5238
959.9991 12.4762
960.4971 5.6667
960.9960 5.5714
961.5063 6.2857
962.4200 4.8571
963.5212 3.1905
964.4641 3.1905
964.8438 3.0952
966.4270 3.4286
966.6647 6.1429
967.0490 2.0000
967.2964 1.6190
967.4871 4.7143
968.5133 8.7619
968.6887 0.8095
968.9846 11.0000
969.8512 2.0476
970.0383 5.1429
976.0126 3.0952
976.5374 4.0952
977.0281 3.1429
979.1390 1.0952
979.5140 7.0952
984.9648 4.1905
986.0505 3.1429
993.4205 7.0476
998.5118 2.1905
1000.3195 1.0952
1000.5433 2.0952
1001.5287 4.1905
1002.7879 3.1429
1002.9496 4.5238
1007.0621 4.2381
1007.4883 4.1429
1008.0150 8.1905
1008.9902 2.3810
1011.0535 13.1905
1011.5757 12.2381
1012.0914 8.3810
1012.5547 8.7619
1016.0501 19.1429
1016.4955 18.8095
1016.7203 1.8095
1016.9083 4.2381
1017.0685 19.8095
1017.3596 0.6190
1017.5450 17.4762
1019.6173 5.1905
1025.0994 44.3810
1025.5397 52.4762
1025.8014 3.7619
1026.0446 37.6667
1026.2545 7.7143
1026.5876 17.6667
1027.0448 4.5238
1027.2601 3.7619
1027.5632 5.0000
1027.7429 1.5714
1028.0685 3.1905
1030.1868 2.2857
1030.5400 6.2857
1031.5537 4.6667
1036.4092 4.1905
1037.0100 3.1905
1037.5297 4.1905
1037.9939 4.0952
1040.9861 5.0476
1041.4954 3.1429
1044.5326 3.1905
1044.7704 1.0000
1044.9991 2.0952
1050.5363 7.8571
1051.0443 3.3333
1056.5944 8.0476
1056.9827 4.2857
1058.0360 7.1905
1061.4801 2.9524
1062.0201 3.1905
1064.5260 3.1905
1064.8767 2.0476
1065.1040 2.0952
1066.1836 2.0952
1067.5664 5.2381
1071.9877 3.7619
1074.0809 5.7619
1074.5933 2.1905
1075.6222 7.4286
1075.8691 0.6190
1076.0508 2.2381
1078.5200 2.1905
1081.6394 2.1905
1084.4578 5.3810
1090.2233 3.1905
1092.5051 2.1905
1094.0898 5.0952
1095.5248 5.2381
1096.0352 1.0000
1097.5623 5.8571
1097.9924 5.3810
1098.5852 11.0952
1098.7694 1.9048
1099.0840 4.8571
1102.9945 5.4762
1104.0165 6.4286
1104.2197 1.7143
1104.9711 4.2857
1106.6350 9.8571
1107.0703 19.7143
1107.3848 0.9048
1107.5582 6.1429
1107.9900 11.7619
1109.5242 4.3810
1113.0123 4.2857
1114.4937 5.1905
1116.2854 5.1905
1116.9702 7.0476
1117.5884 4.2857
1118.0464 2.9524
1118.5957 2.1905
1119.1873 3.1905
1120.4604 3.5714
1123.1353 2.1905
1124.8601 3.3333
1128.3901 7.7143
1128.6274 2.7143
1129.3156 2.5238
1131.5710 3.1905
1132.6044 4.1905
1133.3931 0.5714
1133.5739 3.6190
1137.0951 5.6190
1138.1095 8.0952
1139.2115 10.5714
1140.6725 4.1905
1142.0590 5.1905
1142.5415 3.1905
1143.9735 3.1905
1144.6823 1.9524
1145.8918 2.1905
1146.5443 2.4286
1147.0762 4.1905
1147.2910 1.0952
1147.4977 4.7619
1149.0472 2.1905
1149.6426 6.2857
1150.5763 3.1429
1151.0752 9.1905
1153.4244 5.4762
1153.7158 1.9524
1155.5986 4.1905
1156.5221 6.8095
1159.0410 2.1905
1163.1191 2.1905
1164.0431 7.0952
1164.3756 4.8571
1164.6405 10.7143
1164.7947 9.5238
1165.1334 24.2381
1165.5472 17.6667
1165.9760 5.9048
1166.3141 4.2857
1166.5948 6.8095
1167.0381 7.2381
1170.6038 4.2857
1173.5170 2.1905
1174.0258 2.8571
1174.9716 1.0952
1175.2208 1.5714
1175.5029 5.6667
1176.1010 5.6667
1181.6296 4.3810
1185.1088 6.2857
1185.6420 8.0000
1186.0621 7.4286
1190.6790 7.3810
1191.2726 3.0476
1191.6417 4.9048
1193.6167 2.1905
1194.1426 12.6667
1194.5496 10.4286
1194.8275 2.8571
1195.1354 18.5714
1195.7456 17.2857
1196.0327 6.4286
1200.6389 3.3333
1203.0405 14.8571
1203.5883 24.0476
1204.0914 10.7143
1205.0909 4.2381
1205.6298 6.2381
1209.1952 6.4762
1209.6071 6.2857
1210.1149 7.6667
1210.6677 6.2381
1210.8943 2.3810
1211.1063 2.4286
1213.5970 7.3810
1214.1699 5.5714
1217.5836 6.2381
1219.0892 2.1905
1222.1449 3.0952
1222.6290 9.0952
1222.9098 4.5238
1223.1205 4.2857
1223.6392 4.1905
1226.0775 2.3810
1228.6300 5.2381
1230.6715 4.2857
1235.5784 5.1905
1236.6661 3.1905
1238.0590 2.1905
1243.6801 4.5238
1244.0697 20.4762
1244.4357 1.9524
1244.8002 10.0476
1245.0181 1.8571
1245.2421 3.1905
1245.6763 5.0000
1245.8691 2.2857
1246.0167 0.4762
1246.1802 2.9524
1246.6616 8.1905
1247.2240 2.1905
1247.6405 2.1905
1250.5342 4.1905
1251.3671 2.8571
1252.6235 6.1429
1253.1404 14.0952
1253.6079 13.8095
1254.0928 11.7619
1260.1211 3.8095
1261.6317 1.9524
1267.0992 2.8571
1272.2078 1.0000
1275.1238 4.7619
1276.1433 4.2857
1277.9854 2.4286
1278.2133 4.0952
1279.1989 3.1429
1282.5571 8.1905
1283.7362 4.1905
1284.5179 1.0000
1284.7292 1.0952
1287.2094 4.6190
1287.7144 5.2381
1287.9855 1.6190
1290.1195 2.8571
1291.4155 1.9048
1291.6301 9.9048
1292.1619 8.0000
1292.6139 17.1905
1293.1508 3.6190
1293.2805 1.0952
1293.5916 3.0000
1294.3130 4.2857
1295.2336 4.1905
1295.6515 9.0476
1295.8895 2.0952
1296.1168 8.1905
1296.4675 3.5714
1300.2639 14.2857
1300.6725 30.0952
1300.9243 2.9524
1301.1644 19.9048
1301.3921 2.1905
1301.6211 23.7143
1302.1053 15.9048
1302.6361 4.6667
1303.7466 3.1905
1308.9153 2.5714
1309.1506 8.7143
1309.3295 7.6667
1309.7173 30.8095
1310.1069 26.9524
1310.5338 7.8571
1310.7112 16.6191
1311.1353 19.0952
1311.5295 10.0000
1334.5233 3.1905
1343.1455 6.9524
1362.7771 2.1905
1390.9222 2.8571
1409.5688 4.1905
1421.9286 2.1905
1426.6455 2.1905
1467.6417 2.3810
1506.6090 2.1905
1510.7080 4.1429
1512.7482 2.1905
1527.7081 2.8571
1539.9268 2.2857
1621.7213 4.1905
1622.3711 3.1429
1639.9287 7.2381
1705.4987 1.0000
1705.7218 0.7619
1721.7725 2.8571
1734.0709 3.1905
1734.8218 3.1905
1735.0975 2.3333
1736.0634 6.2381
1753.9717 8.3810
1937.1217 3.1429
1954.0164 3.1905


2215.1587 2
129.1060 8.3810
130.1225 3.1905
136.0875 12.5238
136.2326 2.1905
147.1266 5.0476
186.1228 3.1905
204.1468 7.1905
261.1725 55.5238
262.1820 8.4762
283.1570 34.2381
300.1720 5.6667
303.1427 2.3810
320.1446 15.7143
321.1442 3.1429
330.1871 3.1429
335.1712 2.1905
338.2028 6.3810
347.1908 3.1905
368.2437 12.1905
372.2007 6.3810
376.1863 4.2857
390.0969 0.8571
390.2221 46.7143
391.2289 4.8571
392.2306 2.1905
396.2437 24.1429
413.2439 3.3333
435.2171 6.3810
447.2224 4.2857
448.2143 2.1905
466.2736 4.2857
467.2718 4.2381
483.2921 4.2857
485.3127 3.3333
497.2904 10.2381
498.2830 3.1905
503.3114 47.0000
504.2968 10.0476
584.3044 7.3333
585.2724 6.1905
602.2839 18.6191
603.2631 9.5714
620.2978 21.4286
621.2841 4.2857
628.3397 8.6667
628.5380 2.7143
629.3456 3.1905
650.3864 20.4286
651.3705 15.2857
652.3872 5.2857
668.3450 9.5714
689.4199 5.1905
697.4102 10.0952
698.4169 4.2857
705.4105 12.5714
707.4175 98.9524
707.7032 1.6190
708.4162 39.5238
715.3698 15.4762
715.5342 6.2381
715.9050 1.0952
716.1490 3.8095
716.3785 15.8571
718.3781 3.1905
733.3857 64.6190
733.6171 5.5238
734.3959 18.9048
734.5521 3.5238
735.3966 6.7143
782.3983 6.1905
794.7193 1.1905
798.4061 9.2857
806.2838 4.1905
806.4884 24.9048
807.1660 1.0952
807.4708 8.0952
807.7924 2.7143
807.9947 2.7619
808.4730 2.1905
816.4556 9.0476
817.3801 9.2381
819.3973 3.1429
820.2158 2.1905
821.4658 2.1905
834.4314 10.3810
835.4401 10.8095
836.5048 2.1905
853.9529 2.1905
862.9323 7.2381
892.4130 6.4286
917.9597 2.5238
930.7548 2.3333
930.9861 19.7143
931.4907 21.6667
932.4021 9.9048
939.5039 342.0952
939.7335 19.5238
940.0101 432.7144
940.2388 60.4762
940.4949 267.9048
941.0037 159.0476
941.3246 6.2381
941.4833 52.2857
941.7588 4.3333
941.9813 18.0000
942.4569 7.9524
942.8322 8.2381
943.9518 5.1905
944.4545 5.2857
946.8859 2.1905
950.5016 9.0476
959.4811 2.1905
966.2448 2.7619
966.5161 76.3333
967.5013 42.2857
967.6982 6.5238
967.9183 1.5238
968.5070 14.2857
969.0693 3.2381
985.6343 3.1429
986.0875 2.0952
986.3098 1.0000
988.5142 4.2857
992.5035 3.1905
1005.3978 2.6190
1005.5818 8.5238
1006.4950 5.7619
1007.5801 5.1905
1009.5520 2.0952
1012.4352 3.6667
1013.7147 2.3810
1021.0459 63.9524
1021.5301 98.2857
1021.7645 9.3810
1022.0505 48.1905
1022.5334 31.5714
1022.7488 4.3810
1023.0287 20.9524
1079.3528 2.1429
1079.6024 32.8571
1080.6119 24.2857
1081.5502 10.0476
1082.5579 6.1905
1091.0613 7.4762
1091.5420 10.2857
1094.0535 2.6667
1095.4592 3.1429
1096.4611 4.1905
1099.0208 19.4286
1099.3167 1.5714
1099.5450 43.7619
1099.8250 2.6667
1100.0505 42.1429
1100.5575 36.7619
1101.0322 6.8095
1101.2329 1.4762
1101.5028 9.7143
1101.6635 3.4762
1102.0487 2.4762
1102.2383 1.9524
1102.5508 2.2857
1102.7181 4.2857
1103.5820 2.1905
1104.0625 2.7619
1104.2070 1.7143
1105.8158 2.0952
1107.4938 3.2381
1107.7639 19.7143
1108.0594 263.9524
1108.5588 575.9525
1109.0582 432.0000
1109.5522 252.3810
1110.0482 101.6190
1110.5348 22.2381
1110.8085 4.6190
1111.2024 10.0000
1112.2948 4.1429
1113.6857 7.1905
1114.2571 3.1905
1116.0731 1.0952
1118.5005 4.1905
1119.6293 5.2381
1136.4832 10.4762
1137.5320 9.2381
1138.5394 2.1905
1171.4877 4.0952
1204.4399 4.1905
1210.6392 16.2857
1211.6936 17.2857
1212.5753 7.1905
1214.6506 4.1905
1231.6688 4.1429
1232.5889 10.3810
1233.6885 4.3810
1233.8929 0.5714
1234.4166 2.6667
1234.6223 2.9048
1249.5950 8.5714
1249.8492 3.5714
1250.2240 2.1905
1250.6443 8.5714
1251.6257 7.3333
1253.4780 2.1905
1322.6185 2.1905
1324.6180 9.1429
1324.9119 2.5238
1325.3644 1.9524
1325.6322 6.3333
1326.6899 3.1905
1327.6404 2.1905
1362.6683 2.0952
1363.6261 2.1905
1381.7273 31.2857
1382.6390 18.2857
1382.8076 13.9048
1383.0728 3.2857
1383.6512 10.7619
1384.5715 8.1905
1465.6808 6.0952
1482.3866 7.5714
1482.7273 55.3810
1483.0005 18.3333
1483.3370 9.1429
1483.7374 66.8095
1484.4751 16.3333
1484.7516 27.8571
1485.0389 5.6190
1485.4231 2.9048
1485.8132 21.6667
1486.2856 5.0000
1486.7085 2.7619
1492.5684 4.2381
1508.8177 7.1905
1509.6182 14.0000
1509.9672 2.9048
1510.2739 5.0476
1510.6877 8.8571
1552.4218 2.1905
1595.5258 3.2381
1595.8440 14.5714
1596.1757 7.2857
1596.4231 1.8095
1596.7056 9.8571
1596.8860 12.7143
1597.2758 3.0476
1597.6536 3.5714
1597.9178 9.9048
1598.1814 3.3810
1713.6851 6.9524
1714.6001 0.9524
1714.9677 2.9048
1780.8228 6.3333
1877.9056 5.2381
1878.3951 3.1905
1878.9562 5.2857
1880.9066 5.2857
1955.9235 14.7143
1956.6710 2.2857


1644.9832 2
86.1008 12.6191
187.1566 18.4762
187.2492 2.2857
197.1515 4.2857
213.1739 11.7619
215.1591 44.2857
216.1569 5.2381
221.1986 2.1905
237.1626 3.1905
247.1449 4.1905
249.1799 83.6667
250.1852 12.2381
252.1734 2.3810
265.1451 25.0952
266.1326 2.1905
277.1676 79.1429
277.3329 7.0000
278.1733 11.7143
294.1938 15.3810
314.2283 44.2857
315.2314 7.6190
326.2668 9.1905
332.2044 12.6190
333.1979 9.8571
334.1951 10.2857
344.2440 2.1905
346.2206 8.4762
360.2166 124.0953
360.3878 7.2381
361.1990 21.5238
363.1893 3.1905
364.1988 13.2381
376.2482 4.9048
378.2277 157.8571
378.3668 12.8571
379.1152 2.5238
379.2338 31.8571
380.2509 6.2857
381.2336 12.0952
395.2553 11.0000
397.2656 10.4286
399.3052 9.9524
409.1880 1.4286
409.3041 25.4286
410.4819 2.7619
411.2896 2.1905
415.2646 4.2857
419.2793 6.2857
427.3280 36.8095
431.4006 1.3333
432.2860 27.0476
432.4364 2.0476
433.3160 4.1905
435.2715 5.1905
443.2285 5.1429
444.2667 5.1905
445.1989 0.7619
445.3119 26.6190
446.2937 10.3810
447.1914 2.2857
447.2940 13.4762
448.2952 4.2857
449.3091 14.2381
449.4515 5.6667
459.2871 32.3333
463.3162 39.2857
464.3190 7.3333
473.3018 93.2857
473.4986 3.4762
474.3153 40.8571
475.3157 3.1905
477.1665 2.0000
477.2998 57.7143
478.2939 17.9048
478.4633 1.8571
479.2840 8.1905
480.3149 7.1905
491.3244 54.8095
496.3022 33.9048
496.4567 1.6190
496.5544 2.6667
497.3125 8.4286
510.3536 13.2381
515.3165 4.1905
516.3166 3.1905
517.3521 5.3810
523.2957 4.2857
527.3607 13.9048
527.6642 1.1905
528.3257 17.4762
532.3539 4.5238
542.3430 7.3333
544.3735 21.3333
545.3666 32.6190
545.5537 1.0952
546.3528 21.7619
547.3453 3.1905
548.2836 2.1905
556.3193 5.1905
560.3260 21.9048
561.3707 6.3333
562.3906 34.4286
562.9860 2.1905
563.4019 21.6191
564.3508 4.1429
572.3776 61.2857
573.3809 20.1905
574.3613 18.7619
575.3912 6.2857
576.1202 2.3333
578.3495 8.7619
579.4144 3.1905
590.3904 48.6191
591.2241 1.2857
591.4016 16.3333
594.3267 3.1905
606.3365 6.4762
622.3917 4.2857
625.9041 5.2381
626.3925 7.1905
636.3521 5.7619
646.4051 9.5714
656.4493 6.1429
659.4091 8.8095
663.4429 5.1905
673.4426 26.0952
673.6877 4.2857
674.4480 17.3333
675.4360 5.1905
675.9346 13.8095
676.4149 19.7619
677.4182 6.4762
678.4374 4.1905
690.4086 2.1905
691.4279 26.2857
692.4385 249.2858
692.7538 10.0952
692.9520 4.2857
693.1710 2.0476
693.4380 102.0952
693.6499 3.6667
693.7773 2.4762
694.4230 16.7619
694.5974 4.3333
705.4012 8.1429
706.4247 2.1905
709.4399 6.3810
710.4915 3.1905
713.4149 3.1905
719.4193 6.5238
719.6058 1.9048
720.3602 6.1905
735.4184 3.3333
742.3963 3.1905
744.4487 5.8095
746.4644 5.3810
754.4689 3.9524
757.4480 4.2857
757.9946 3.1905
758.4465 1.0000
791.3238 4.7619
791.5126 147.7619
791.7637 6.3333
791.9117 6.0476
792.1923 3.6667
792.5146 66.7143
793.5612 14.1905
805.5176 4.5238
808.4564 6.0476
809.4997 5.0476
810.4755 4.1905
814.0112 13.9524
814.2496 1.4762
814.4896 18.6667
814.9760 12.0952
815.4277 2.1905
816.7751 2.1905
818.4935 16.2857
819.2911 1.0476
819.4955 6.2381
822.4983 6.3810
825.5092 2.1905
836.2741 2.4286
836.5405 21.0476
836.9163 4.2381
837.4901 12.8571
837.8163 3.1429
843.5103 2.1905
855.5471 7.2857
890.5709 4.1905
908.6213 1.0952
909.6717 4.2857
935.5588 16.2381
936.5527 7.4762
954.5664 136.8571
954.8135 17.1429
955.1763 1.3810
955.5778 88.0952
955.8021 8.3810
955.9781 3.0952
956.1057 0.2857
956.5748 27.9048
956.8682 1.6190
957.7471 2.0952
1009.6299 3.1905
1020.5557 3.1905
1037.6268 4.2857
1055.6230 417.5238
1056.3158 25.9048
1056.6178 242.4762
1056.8879 16.7619
1057.0402 8.0952
1057.4236 11.6667
1057.6534 70.8572
1058.2798 5.4762
1058.5995 11.5714
1062.0994 3.1429
1118.7927 2.1905
1136.6926 11.6667
1154.2889 4.8571
1154.4336 10.8571
1154.6881 143.7619
1155.0383 18.8571
1155.6896 123.1429
1156.6968 35.4762
1157.0146 4.7143
1157.6998 3.1905
1267.7826 47.7143
1268.2251 7.8571
1268.7806 27.0000
1269.0172 3.3810
1269.8501 4.1905
1350.8323 7.1905
1352.6541 2.1905
1368.4434 3.9048
1368.8209 36.6667
1369.2147 2.0000
1369.3796 0.8095
1369.8402 29.0000
1370.8250 7.1429


1791.8871 2
133.0858 3.1905
138.0795 3.1429
175.1256 7.7143
202.0771 8.1905
219.0948 8.4762
276.1025 2.6667
276.1916 2.8095
304.1832 17.3333
361.2030 9.2857
377.2057 11.0476
377.3839 4.4762
389.2414 11.2857
405.1958 8.2381
419.2185 2.1905
444.2541 2.1905
451.2449 29.4762
451.4113 3.5238
451.6908 2.1905
452.2522 5.1429
453.1705 1.0952
488.2532 6.4286
552.2612 15.1429
553.2389 3.1905
564.3285 14.3810
578.3222 2.1905
595.3021 3.1905
602.2844 2.1905
604.1957 2.1905
666.3079 6.2381
679.3871 8.4286
680.3585 3.1905
690.2846 2.1905
694.3644 3.1905
718.2415 3.5714
736.3100 8.7143
736.4961 2.5714
755.4269 3.1905
764.4005 2.1905
770.8416 4.2857
779.4412 5.3333
787.5645 4.0952
793.4318 26.0952
793.5895 8.9524
794.4246 6.5238
794.7625 2.0952
795.4426 3.1429
815.2257 1.0952
837.4088 4.3810
856.2891 3.0476
860.8693 3.0952
864.9448 15.0000
865.4232 14.4286
866.0250 3.6667
884.4031 3.5714
887.4023 4.5238
887.9308 15.2381
888.1435 1.8095
888.4316 19.6667
888.6013 6.3333
892.5123 27.0000
892.6979 2.7143
893.5184 5.1429
896.4440 114.3334
896.6478 7.4762
896.9459 107.8095
897.1422 11.2381
897.4465 70.2381
897.6885 8.5238
897.9506 29.4286
898.3433 0.7143
898.4915 3.5238
901.4560 2.1905
902.4666 5.3810
904.5385 2.1905
935.3946 3.1905
982.0559 2.1905
982.4447 7.0952
984.5701 1.1905
999.4824 4.2857
1039.5568 24.1905
1039.8218 2.1429
1040.3102 1.8095
1040.5905 13.6190
1126.5444 15.0000
1126.6945 1.0952
1127.5970 8.7619
1211.5875 2.3810
1240.6255 11.1905
1240.8195 1.2857
1241.5934 8.1905
1251.8506 2.1905
1323.6373 4.2857
1341.7126 4.2857
1343.7649 3.1905
1388.6348 7.4762
1403.9496 4.7619
1405.8124 4.1905
1489.6772 3.1905
1573.7104 4.2857
1574.1702 2.1905
1574.7172 5.7619
1912.7947 1.1905


1760.9471 2
127.1150 2.3810
175.1309 8.3810
260.1234 12.3333
345.2258 16.4286
451.3910 4.6667
452.2702 5.2857
502.2474 3.5714
520.2287 4.1905
564.3610 10.3333
619.2872 2.1905
679.3927 13.0952
686.3334 4.5238
694.2894 4.1905
704.3053 8.3810
706.2721 3.3333
750.8103 3.1429
762.3481 2.0952
779.9280 3.8095
793.4117 16.7619
794.2872 2.3333
794.4217 7.0476
839.9014 2.1905
845.8346 5.2857
848.8038 2.9524
849.0290 3.1905
849.1583 2.1905
851.1126 2.1905
859.8723 2.1905
863.3506 2.1905
864.0264 2.1905
871.9484 12.5238
872.4371 14.3333
872.9545 7.2381
873.5315 2.1905
880.4556 29.2857
880.9541 43.4286
881.2042 6.2381
881.4473 35.1905
881.6893 5.3810
881.9679 16.9048
882.4388 8.6667
882.6263 5.2857
892.5090 17.4286
893.5137 6.3810
908.4258 2.1905
1039.2776 4.6667
1039.5569 16.2381
1040.5529 12.3810
1126.6177 10.1429
1127.6196 5.3333
1223.5845 4.1905
1240.6298 13.4286
1241.6515 14.5714
1242.7139 8.2857
1323.7186 6.8095
1367.8092 2.1905
1372.6821 7.1905
1387.7174 8.9048
1387.9205 1.6190
1388.6060 5.0952
1388.8210 1.5238
1389.7233 7.4762
1390.3596 1.0000
1390.6233 2.0952
1557.9131 2.8571
1558.8877 5.0476


1759.8988 2
86.1099 7.2857
138.0659 12.6667
143.1581 2.1905
155.0878 7.8571
175.1343 12.0000
202.0645 15.8095
202.1534 2.1429
219.0943 30.0952
276.2266 4.3333
290.1566 4.2381
304.1758 12.6667
304.2685 4.2857
316.1824 2.1905
318.1724 12.5714
325.1343 2.1905
342.1410 4.2381
343.1891 8.5714
344.2112 2.1905
346.1694 5.3810
361.2148 69.0476
361.3284 10.7619
362.1133 0.8095
362.2164 15.3810
363.2135 2.3810
373.1984 4.1905
374.1824 2.1905
389.2117 72.3810
389.3753 5.5714
390.2133 11.9048
390.3065 0.3810
390.4119 3.8571
391.2395 5.1905
399.0318 2.1905
407.1795 4.2857
416.2151 3.3333
444.2568 13.7143
451.2573 52.7143
451.4199 1.5714
452.2622 9.2381
453.2678 5.1905
454.2253 3.1905
456.2654 10.2857
477.2091 6.4286
492.2607 17.8095
500.2773 3.3333
520.2550 16.1429
521.2683 10.8571
522.2477 6.2857
553.2366 4.2857
564.3502 21.6667
564.4933 1.8571
564.8619 4.1905
565.3843 4.6667
568.2999 2.1905
570.3092 3.1905
571.2692 3.1905
588.3033 2.1905
589.2555 2.8095
589.3539 2.8095
599.2787 2.1905
604.2899 11.1429
607.3008 5.1905
616.2686 2.1905
617.2808 14.5238
634.2998 10.0952
637.3083 4.0952
655.4335 3.1905
659.3358 3.1905
664.6751 2.1905
670.3412 3.1905
676.3668 5.2857
678.8838 9.2857
679.3527 25.1905
679.8215 6.2381
680.3769 7.9524
686.3576 7.2857
687.3112 4.1905
687.8604 9.1905
688.3693 9.2857
688.8604 2.1905
703.3641 6.2857
704.3214 14.3333
705.3127 4.9048
716.8044 2.1905
718.3203 9.8095
718.5577 4.6190
735.3822 15.2857
736.3982 4.1429
738.2872 2.1905
745.4047 6.6667
771.4333 6.1429
771.9027 6.0952
773.3424 2.1905
776.4113 2.1905
780.4644 2.8571
791.8964 1.1905
793.4235 55.1429
793.6227 3.9048
793.9767 3.9524
794.4246 27.0476
794.5864 4.5238
795.1636 3.7619
795.4592 9.5714
809.4623 2.1905
821.8065 3.1905
823.0887 1.0952
832.4686 4.3810
841.4311 3.1429
845.4666 3.8571
845.7528 3.0000
848.4659 8.1429
848.7922 4.0476
848.9536 20.8095
849.4336 10.5238
850.4199 4.9524
851.0266 1.0952
851.2277 1.8095
851.4114 4.4762
852.2853 3.5714
852.5822 2.7619
868.3815 4.2857
871.4313 10.1905
871.6669 1.3810
871.9334 27.6667
872.4536 21.7619
872.9486 11.7619
873.4728 4.2857
874.5311 5.2381
875.2280 1.6667
875.3978 3.6667
876.4497 4.1905
877.2294 2.0952
880.1686 2.0476
880.4499 94.9048
880.7585 8.7143
880.9429 144.2381
881.4415 88.0000
881.9308 41.2381
882.1737 5.2381
882.4113 7.9048
882.6451 3.0952
883.3403 4.2857
885.8940 2.1905
887.4564 2.1905
891.4652 2.1905
892.4799 44.0952
893.3320 2.6190
893.5005 20.6667
904.4540 12.3810
905.0351 2.1905
905.4358 11.7143
906.3348 3.3333
923.4398 3.1429
940.6193 2.1905
949.5270 3.1429
950.4354 7.2381
967.4302 12.4762
1017.3971 2.8095
1017.5560 9.3810
1018.5187 7.1905
1039.5562 36.4762
1039.9082 5.5238
1040.2302 3.9048
1040.5660 28.0000
1041.5214 6.2381
1046.5212 3.1905
1064.5699 2.5238
1109.6224 4.1905
1126.6029 48.4286
1126.9688 3.2381
1127.6021 36.3333
1128.1917 2.6190
1128.4945 6.4286
1128.6538 9.5714
1196.5719 5.4762
1223.5493 10.1905
1224.5712 5.1905
1225.8171 3.0476
1240.3212 2.0476
1240.6437 50.9524
1241.2468 5.0000
1241.6489 38.8571
1242.4308 4.1429
1242.6541 9.5238
1242.8141 3.5714
1242.9965 1.5714
1243.6144 7.2381
1292.5898 5.1429
1293.4355 0.9524
1293.6726 3.2381
1309.6709 6.3810
1353.8538 1.9048
1354.6497 5.3810
1354.8448 1.1905
1355.6769 5.6667
1355.9138 3.6190
1356.6697 10.2857
1357.6458 4.1429
1371.6997 71.9048
1372.2631 7.5238
1372.6700 57.5714
1373.0045 9.9524
1373.6641 30.0000
1373.8774 2.9048
1374.1835 5.9048
1374.4894 2.7619
1374.6952 8.4286
1374.9757 6.1429
1484.8068 6.3810
1485.8323 6.0476
1488.9037 2.3810
1541.7019 10.7143
1542.0796 10.5714
1542.7942 19.1905
1543.6956 5.2857
1558.8397 2.1905
1559.7943 2.1905


1150.7411 2
67.0488 1.1905
73.0325 8.6667
86.1047 2.1905
89.0679 328.8096
89.1280 10.1429
90.0697 8.4762
111.0589 26.0952
113.0709 14.1905
117.0911 10.3810
133.0974 377.0477
133.1674 16.6190
133.8541 2.8571
134.1070 19.1429
135.0959 11.2381
135.1476 2.2857
137.0723 26.5714
139.0772 6.6190
151.1064 31.3810
151.1785 3.2857
153.0806 15.0952
155.0819 49.0000
156.0911 6.1905
157.0363 0.6190
157.1006 11.3333
175.0487 0.9524
175.1169 19.8095
177.1296 137.4286
177.6243 2.1905
178.1227 10.3810
181.1036 6.3810
195.1395 42.8095
195.2346 2.5714
196.1469 5.3810
197.0994 8.3333
199.1230 39.9524
200.1134 4.7619
217.1315 4.1905
219.1421 17.8095
221.1484 35.6191
225.1264 8.6190
239.1716 43.0476
241.1148 4.2857
243.1401 48.6190
245.1568 8.6190
254.1290 3.1429
261.1550 6.2857
263.1827 5.1429
263.6475 1.1905
265.2073 11.1429
275.1716 2.1905
279.1695 4.2857
283.1967 31.6190
284.1725 2.1905
285.2150 2.6667
287.1665 40.6667
288.1577 5.0952
309.2082 9.7619
323.2061 4.1905
327.2258 42.0952
327.5536 3.1905
328.2146 6.2857
331.2011 32.7619
333.1882 2.1905
345.2182 2.1905
349.1942 7.9524
351.2166 3.3333
367.2268 8.6190
371.2535 23.2857
373.1909 4.2857
375.2168 24.4286
378.5743 2.1905
411.2575 3.9524
415.2654 17.1429
415.3647 3.9524
416.2764 3.1905
419.2598 12.2857
420.2572 3.1905
421.3214 2.1905
437.4461 1.0952
455.2874 4.2857
459.3290 9.5238
463.2702 14.4286
463.4165 3.2381
499.4108 2.1429
503.3975 6.3810
507.2919 6.0952
508.3035 2.1905
509.3008 2.1905
510.2614 6.1905
543.3189 4.4286
575.3557 6.1905
576.3168 9.1905
631.3884 3.8095
632.3984 2.1905
675.4323 4.2857
739.4973 3.1429
870.5719 2.1905
909.5100 2.1905
957.6011 2.1905


1177.7450 2
69.0377 2.1905
73.0322 7.2857
73.0779 1.4286
86.1110 3.1905
87.0524 28.4286
88.0631 2.1905
89.0665 210.4762
89.1177 10.7619
111.0525 11.7143
127.0917 3.1429
133.0976 234.0952
133.2128 8.5714
133.9577 1.0952
134.1010 15.0476
137.0734 11.4762
151.1109 10.6667
155.0879 33.9524
173.0874 3.1905
175.1079 14.0952
176.1033 2.1905
177.1260 86.7619
195.1388 19.5714
219.1429 8.0952
221.1568 18.6667
221.2424 0.5238
239.1687 30.7143
239.3325 2.0000
241.1224 4.2857
243.1429 25.3810
283.1978 15.5714
284.2107 3.1905
285.1605 5.1905
287.1541 21.4762
287.2617 2.5714
288.1517 2.1905
289.1824 5.2857
300.1931 7.2857
303.1735 2.1905
305.1785 6.3810
327.2168 16.0000
327.3919 2.1429
327.8294 2.1905
331.2011 17.5714
365.1937 2.2857
371.2548 10.8571
375.2104 18.5238
376.2265 3.1905
397.2968 3.1429
415.2502 4.5238
419.2348 11.2381
420.3055 2.3810
463.2949 10.5238
464.2839 3.1905
474.2943 3.1905
503.2763 3.1905
507.3071 3.1905
551.3801 2.1905
589.2475 2.3333
589.3600 6.6190
590.3566 10.4762
878.4651 3.2381


1815.0300 2
120.0938 8.0000
143.2428 2.3810
185.1795 16.1905
218.1578 4.3810
270.2165 34.4286
271.2137 4.1905
277.1469 4.2857
287.1917 2.1905
318.1940 6.4286
338.2868 4.2857
355.2769 36.4286
356.2957 6.2381
367.3374 2.1905
381.2516 3.1905
383.2991 7.3810
468.3220 9.0476
483.2336 2.1905
502.3687 4.1905
530.3761 2.1905
539.3859 11.2857
540.3600 7.2857
546.4078 2.2857
634.8298 3.1905
681.4225 2.1905
691.0748 2.1905
713.4210 15.2381
714.4095 4.8571
715.2111 1.1429
715.4161 4.2381
717.4015 4.1905
757.3915 2.1905
799.4296 2.1905
802.0038 3.9524
802.4531 5.0952
802.6499 2.1905
802.9490 7.0476
826.5176 6.0476
899.0585 4.5238
907.9717 7.7143
908.2057 5.0000
908.5244 22.0476
908.9677 16.5714
940.5275 11.2381
941.5236 2.1905
942.3740 2.1905
972.4724 2.1905
1031.9661 1.1905
1041.6071 12.3810
1042.1993 2.1905
1042.5992 2.1905
1043.5669 4.1905
1068.4949 2.2857
1156.6516 12.3810
1157.6523 5.5238
1215.7568 2.1905
1285.3230 3.5714
1285.6571 13.0476
1287.6658 9.3810
1432.4982 7.1429
1432.7946 8.0952
1433.8107 17.1905
1434.6501 7.1905
1435.6144 2.9524
1461.8203 3.1905
1602.8087 5.2381
1604.7986 3.0000
1605.0439 3.6667


3060.5437 3
159.1025 16.8095
202.0878 3.1905
216.0990 2.1905
258.1816 2.3810
315.1726 4.1905
330.2033 4.1905
383.2500 6.1905
384.2042 2.3810
393.2197 4.2857
394.2531 3.1905
411.2439 4.1905
483.1688 2.3810
521.3185 2.1905
565.3104 1.1905
612.3686 5.2857
613.3889 2.1905
849.9091 2.1905
879.3959 2.1905
884.2288 5.5714
884.6995 5.7143
885.1276 6.2857
887.3833 3.1905
889.7938 2.1905
891.3713 4.1905
893.0501 3.1905
893.4232 5.1905
902.4338 3.7619
912.1671 5.1905
917.0912 3.1429
921.0320 2.1905
922.1774 1.0000
922.4615 6.0952
926.3641 9.2857
929.9277 3.5714
937.3990 5.3333
939.4444 2.1905
939.7582 4.2857
944.8007 2.1905
945.4698 4.6667
945.7266 3.5714
950.0370 6.1905
951.4772 5.3810
951.7792 5.0000
955.3370 7.8095
955.5350 1.5714
955.7412 1.0000
955.9357 1.2381
956.1616 3.9524
959.4915 2.6667
967.4781 3.5714
977.8137 3.1905
979.2122 8.6667
979.4935 2.8095
982.9314 18.1905
983.7620 4.4762
983.9042 2.2857
984.4318 5.7143
984.7750 5.7143
986.2107 3.0952
986.5168 2.8571
988.1578 5.1429
988.4774 8.9524
988.7594 7.4762
989.0432 5.1429
991.4822 2.1905
991.9913 3.6190
996.5056 3.3333
1006.8071 3.8571
1007.0787 3.6190
1009.3962 2.4762
1009.5895 4.8571
1009.7807 3.0000
1010.1850 5.4762
1010.4937 3.0952
1010.8792 5.0952
1011.1856 5.6190
1011.4324 4.5714
1011.6007 2.5714
1011.8967 2.9048
1012.0960 4.0476
1012.2512 0.8095
1012.5176 6.1905
1013.4914 4.9048
1015.0291 2.2857
1015.1898 16.8095
1015.5283 40.8095
1015.8658 21.2381
1016.1116 15.6667
1016.4728 14.1905
1016.9028 12.1905
1017.0963 3.3810
1017.3220 0.5714
1017.5012 4.0952
1018.0682 7.1905
1018.5822 2.1905
1020.7838 17.4286
1021.1750 79.0476
1021.4852 129.3810
1021.8297 97.3810
1022.1700 53.8095
1022.4763 23.9048
1022.7070 6.4762
1022.8756 10.5238
1023.1428 7.0952
1023.2726 2.4762
1023.5502 3.6190
1023.8008 1.0000
1024.0271 2.0952
1024.7260 6.1905
1040.4872 2.1905
1056.4745 3.1429
1063.1411 3.1905
1085.6865 2.7619
1085.8668 1.7143
1109.5045 1.0000
1109.7009 1.0952
1143.1312 2.8571
1153.0842 3.1905
1153.4812 4.2857
1167.5359 4.0952
1197.1431 2.1905
1198.0406 2.3810
1225.0712 8.2857
1225.9637 3.1905
1226.5640 8.0952
1227.6055 1.1905
1231.6989 4.2857
1268.6584 5.8571
1269.0555 6.4286
1269.5417 6.3810
1296.1498 3.3333
1317.5529 7.1905
1318.0769 3.1429
1318.5562 4.1905
1325.5909 7.1905
1326.1346 9.1905
1326.5345 7.5238
1326.7811 1.1905
1327.0095 7.7143
1327.2108 1.1905
1327.3599 3.5714
1327.6195 2.8095
1327.9784 3.0952
1328.1794 2.4762
1330.6034 6.2857
1338.9098 1.9048
1340.0331 6.4762
1357.1678 2.1905
1366.4578 1.0000
1366.6757 1.0952
1367.2017 6.1905
1380.5963 4.2857
1388.7051 7.8571
1391.6790 2.3810
1431.1472 2.1905
1432.1177 3.1429
1438.6674 3.3333
1439.6827 7.0952
1458.7114 2.3810
1467.8336 3.1429
1481.7010 2.1429
1482.2139 2.7619
1482.6501 2.7619


1775.9161 2
138.0624 28.6190
155.0884 9.5714
175.1311 59.9048
176.1312 9.4762
201.0987 2.1905
219.0979 61.8095
245.0901 2.1905
254.1782 5.3333
262.1332 15.4286
276.1212 53.7143
304.1780 44.6191
305.2054 9.2381
318.1744 17.5714
343.1729 4.3810
344.1692 3.1905
345.1980 3.1905
346.1711 10.3333
361.2101 121.1905
362.2146 15.3333
363.2094 7.8571
364.2467 3.1905
366.1688 3.1429
371.1664 2.1905
373.2384 5.1905
374.1824 2.1905
375.1770 3.1905
389.2087 79.2381
389.3459 6.0000
390.1822 11.6191
408.2584 5.1905
423.1960 3.3333
432.1846 3.9048
433.2270 6.4286
437.2098 7.3810
438.2069 6.3810
442.2682 2.1905
444.2468 8.2381
451.0896 1.9048
451.2563 121.4762
451.6156 6.9524
452.2557 34.7619
452.4018 2.3810
453.2177 9.2857
465.2211 5.2857
472.2341 15.9524
472.4041 5.0000
473.2678 2.1905
478.1697 4.2857
494.2466 2.3810
503.2056 3.1429
508.2774 13.2857
518.2370 3.3333
536.2381 34.7619
537.2665 14.2381
538.2527 5.1905
563.2594 3.1905
564.3525 41.7143
564.5810 9.9048
565.3597 13.1905
565.7310 3.1905
566.3549 4.2857
574.3170 2.3810
578.2537 3.1905
579.2866 4.1905
586.3190 10.1905
595.2446 3.1905
605.2746 5.2381
620.2412 2.1905
623.3061 3.1429
633.2434 7.2381
634.2712 7.0000
635.2851 4.2857
638.2839 6.2857
639.3183 7.2857
644.3072 3.1429
649.2924 3.1905
649.8032 2.1905
650.2933 31.4286
651.3083 12.7143
652.3076 4.2857
656.2828 6.2857
662.3214 2.1905
662.6399 2.1905
674.3301 5.4762
679.2542 3.4762
679.3806 26.0000
680.2513 2.3333
680.4022 15.0476
680.5609 1.5238
686.3740 3.1905
686.8658 2.1905
691.3304 3.1429
692.3326 9.1905
694.3743 15.5238
694.8863 12.4762
702.2736 13.7619
719.3189 4.7619
719.4427 2.2381
720.3223 14.0952
721.1943 5.7143
721.3437 3.0952
722.3394 4.2381
737.3594 13.6667
745.2879 3.1905
747.4019 4.7619
747.9482 5.1905
748.3575 4.0952
751.4231 6.7619
753.3544 3.8095
753.8100 2.1905
762.4011 3.3333
762.8784 5.0476
766.3251 2.1905
770.3615 4.3810
770.9047 13.2381
771.8732 4.1905
776.4113 4.3810
779.2722 4.0476
779.4079 15.1905
779.5797 1.0952
779.9152 19.2381
780.1282 2.3333
780.2454 1.3810
780.3937 16.5238
780.8437 4.0476
781.0076 3.5238
785.3403 3.1429
789.9535 3.1905
793.4238 94.5238
793.6126 12.2857
793.7889 1.0000
793.9300 5.1905
794.2540 7.6190
794.4244 54.5714
795.4601 13.1905
798.3298 2.1905
803.3708 8.3810
807.9180 3.1429
812.4003 3.1905
813.3669 3.1429
816.4138 4.1429
820.4016 2.1905
821.4244 10.5238
824.9274 10.2857
825.4390 7.6190
826.2158 2.3333
826.4071 1.9524
830.4875 8.0476
830.9688 4.7619
831.3933 5.1905
838.9606 6.1905
841.1149 2.1905
844.8807 5.1905
847.4080 11.2381
847.9279 28.0476
848.4118 10.0952
848.9474 8.2381
849.3657 16.3810
852.9330 15.7619
853.2294 0.6667
853.4135 9.3810
853.5394 3.5238
855.4507 4.2857
856.3320 15.0952
856.4631 50.2857
856.7807 23.6667
856.9523 99.2857
857.2639 9.2857
857.4526 64.3333
857.9336 33.8095
858.3934 13.2857
866.4150 6.6667
867.1410 2.6667
867.3522 9.1905
867.5555 3.6667
868.3243 8.4286
870.4153 4.2857
870.8749 9.0476
871.3826 6.0476
871.5461 0.1429
871.9171 8.1429
873.4757 5.1905
875.5016 4.2381
878.8594 4.2857
879.2224 2.6190
879.4337 17.3810
879.7805 2.6667
879.9327 54.1905
880.1886 7.1905
880.4286 69.0952
880.7488 9.9524
880.9258 23.9524
881.4163 4.9048
881.6993 4.4286
883.4490 7.1905
884.4297 16.0000
884.6661 1.6190
885.4405 12.3810
885.6868 3.6667
886.4115 4.2857
887.5164 5.2381
888.1942 10.2381
888.4400 306.0000
888.9448 545.7143
889.2018 53.0476
889.4553 340.6667
889.6812 55.0476
889.9369 176.1905
890.1631 16.4762
890.3038 13.8571
890.4501 62.8571
890.7496 10.2857
891.1015 6.2857
891.4079 6.6190
891.6323 6.6190
892.1287 4.0476
892.5041 69.2857
892.7198 11.7143
893.1989 7.8095
893.4991 37.6190
893.8130 5.0476
894.5495 17.3810
895.4194 4.4286
895.8183 2.1905
897.0645 3.4286
897.2007 2.1429
897.4954 2.0952
903.4536 6.8095
913.3989 3.1429
919.4678 9.4762
921.4971 1.2857
921.6324 3.3810
927.6638 2.1905
937.6360 3.0952
955.5225 3.1905
965.5353 2.0952
966.4583 11.3810
967.4228 10.3810
968.3905 4.1905
971.3785 3.1429
983.2260 1.6667
983.4695 13.3810
984.4752 15.8571
985.1357 1.4762
985.4658 6.9524
987.4210 2.1905
1016.3240 4.7619
1024.4308 4.1905
1039.4036 8.4286
1039.5773 67.6190
1039.7952 8.7619
1040.0002 2.5714
1040.5656 43.7143
1040.9130 4.0476
1041.5807 22.7619
1042.3593 2.0952
1042.5610 1.9048
1042.7522 3.4286
1043.5164 4.1905
1044.5419 2.3810
1080.4960 5.1905
1092.5637 2.3810
1098.5005 6.5238
1108.6438 3.1905
1109.6296 9.7619
1110.4866 1.0952
1126.6090 55.0000
1126.9382 1.2857
1127.5837 35.8571
1127.8907 4.5238
1128.5790 22.8095
1148.4908 3.1905
1149.6068 2.1905
1195.4948 4.1905
1212.5403 12.2857
1213.5189 13.2381
1214.5419 7.3810
1223.3594 3.6190
1223.6195 5.0952
1240.6648 57.9524
1241.3087 10.2381
1241.6421 48.3333
1241.9758 4.3333
1242.4001 3.3333
1242.6694 15.0476
1242.9135 1.5714
1243.5208 2.1905
1244.9382 3.1905
1262.6180 6.3810
1263.7267 2.1905
1305.7310 3.1905
1307.7480 4.1905
1308.4435 2.9048
1308.6956 7.5714
1309.6283 11.2857
1323.6683 22.8571
1324.6506 12.4762
1325.6500 13.1905
1325.9346 6.7619
1326.5872 7.3333
1370.6747 8.2857
1371.5248 3.0000
1371.7488 2.4286
1387.3198 8.0952
1387.6527 73.4762
1388.0980 13.4286
1388.6689 63.6191
1388.9971 5.0000
1389.6810 40.3810
1390.4064 8.5714
1390.6484 8.8571
1391.6880 4.8095
1391.9269 1.6190
1436.6614 2.1905
1456.6857 3.1905
1493.7408 10.1905
1494.0139 4.9048
1494.7847 4.3333
1494.9609 2.9524
1500.8022 4.2857
1502.6813 3.1905
1539.7456 4.1905
1557.4825 5.9524
1557.6799 17.0952
1557.9048 13.5714
1558.4440 1.0476
1558.7861 25.4286
1559.7998 25.2857
1560.2454 1.9524
1560.7975 6.4286
1561.5875 2.1905
1602.9396 2.6667
1603.6697 2.3333


850.4985 2
84.0771 7.8571
86.1041 18.0952
101.0869 9.9524
103.0524 2.1905
120.0997 13.6190
129.1027 50.1905
130.1007 14.1905
147.1298 28.2857
147.2285 2.9524
148.1239 3.1905
183.0870 8.7619
197.1525 45.5714
198.1373 7.0476
200.1201 25.4762
215.1567 27.2857
216.1609 7.5238
235.1333 13.3810
244.1220 8.6190
259.1591 7.3333
276.1921 9.2857
280.1367 6.3333
287.6465 3.1429
294.2063 49.5238
295.2072 6.3333
297.1357 3.8095
298.1225 13.2857
315.1459 28.7143
316.1423 5.4762
373.1882 6.3333
391.2447 5.1905
409.2506 18.4762
410.2370 4.9048
410.4226 1.4762
417.2171 3.9048
418.2172 2.1905
434.2086 8.3333
502.2738 2.1905
520.2903 17.0476
521.2981 4.2857
573.3188 11.6191
590.3070 2.1905
608.3514 24.6190


517.3428 1
136.0873 11.4762
157.1237 3.1905
175.1370 30.2381
181.1379 2.1905
185.1529 5.3333
212.1481 2.1905
238.1397 3.1429
256.1773 2.1905
261.1471 3.1905
286.1486 3.1429
303.0709 2.4286
303.1853 35.3333
304.1707 10.2381
320.2000 11.6667
320.5284 3.1905
342.2286 4.2857
357.2104 4.0952
426.2588 4.1905
435.3032 5.3810
494.8517 3.1905
516.6983 2.6190
516.8375 73.2381
517.3311 89.2381
517.5429 2.6667
517.7039 3.0476
517.8364 24.7143
518.3098 3.1905
559.4001 4.2857
670.4481 2.1905
674.4157 4.0952
697.4281 4.1905
713.4857 55.5714
714.3284 2.7619
714.4841 27.1429
715.4809 3.1429
717.4277 4.8571
745.4216 6.9048
746.4510 6.2857
830.5235 9.5714
859.4954 6.8571
876.5311 2.1905
1461.1443 1.1905


1089.6949 2
69.0475 2.1905
73.0377 5.3333
73.0770 3.7143
81.0446 2.1905
87.0538 20.4286
87.1087 4.5714
89.0667 235.1905
89.1269 10.4762
91.0591 5.7619
91.1472 1.6667
95.0603 16.2857
99.0550 8.2381
111.0577 23.9048
125.0716 5.2381
129.0632 2.1905
131.0760 14.0952
131.1436 2.6667
133.0996 245.4286
134.1079 15.1429
137.0730 25.0000
151.1110 14.4286
153.0564 4.1905
155.0875 33.6667
166.1039 4.1905
171.1165 2.1905
175.1131 17.9048
177.1241 78.4286
177.2163 3.0000
178.1375 5.3333
181.0972 6.5714
184.1335 2.1905
187.0286 11.3810
195.1431 30.3333
201.1509 7.2381
221.1422 13.5238
223.1582 2.1905
239.1674 30.2381
243.1386 25.9048
245.1571 7.1905
249.1772 2.1905
269.1538 6.4286
283.1857 15.6667
287.1726 16.9524
309.2082 2.1905
331.1929 18.6667
375.0506 2.3810
375.2173 10.1429
411.2791 4.1905
415.2851 4.2857
419.2728 10.0952
507.3272 4.2857
531.2998 2.3810
545.2878 6.0000
545.6740 1.6190
545.8235 4.8095
546.2149 2.1905


1167.7737 2
89.0680 110.2381
89.1230 6.5238
131.0822 9.4286
133.0973 152.7619
133.1697 11.0476
137.0759 10.3810
175.1111 20.0476
177.1218 56.5238
177.2710 10.9524
178.1354 5.4762
195.1388 32.7619
196.1125 4.1905
197.0994 4.2857
199.1012 8.8095
221.1471 12.6190
239.1710 33.1905
243.1448 24.3810
269.1540 5.3333
271.1863 2.1905
277.1800 2.1905
283.1847 14.2857
287.1760 15.9524
288.1935 4.1905
309.2082 3.1905
327.2095 10.5714
329.1757 4.1905
331.1994 13.7619
371.2563 15.3333
372.2349 3.5714
375.2403 10.0952
376.2265 2.3810
415.2665 16.6667
419.2609 4.2857
455.2813 3.1429
459.2775 8.6667
463.2992 4.1905
503.3514 4.2857
507.2990 8.7143


1326.8525 2
73.0351 13.2381
73.0814 3.6190
87.0519 70.0476
87.1118 4.4762
89.0667 407.9048
119.0716 5.2857
125.0659 9.0476
131.0788 30.9524
131.1670 3.3333
133.0970 454.0953
133.1819 22.9048
134.1043 25.9524
137.0715 29.5238
153.0719 12.4762
155.0840 48.3810
155.1778 3.0952
156.0822 8.7143
157.0934 11.6667
159.0683 4.1905
161.1370 6.2857
175.1155 43.5238
176.1203 4.1905
177.1238 150.8571
177.2378 5.8571
178.1206 12.4762
179.1489 4.2857
181.1040 5.3333
195.1389 34.6667
199.1082 32.9524
201.1259 12.5238
205.1051 4.8571
219.1284 10.5714
220.8042 1.1905
221.1615 29.2381
239.1591 43.0476
240.1917 7.2381
243.1453 25.5238
261.1550 4.3810
265.1803 9.2381
283.1943 38.2857
285.2176 5.0476
287.1643 31.8095
288.2092 4.7619
289.1785 3.1429
327.2161 33.0000
327.4559 2.1429
328.2361 5.2857
331.2032 18.5238
332.1937 3.1429
375.2262 19.5238
376.2036 3.1905
415.2784 15.3333
419.2715 11.8571
456.2379 1.0952
457.7502 2.1905
459.3338 11.3810
464.2626 6.3333
503.3274 6.9048
551.3248 3.1905
664.3864 4.3810
841.4227 3.1905


3077.5627 3
84.0483 2.8571
86.1011 10.2381
110.0877 3.1905
129.0900 2.1905
130.0838 9.4762
159.0981 17.4286
200.1550 82.7619
200.2619 9.0476
201.1561 11.2857
203.0597 2.1905
211.1278 12.2381
212.1105 4.1905
228.1544 65.0476
229.1418 5.8571
241.1739 4.2857
258.1816 3.1905
279.1563 2.1905
286.1827 5.2857
297.1772 6.0476
297.3086 3.4762
298.1593 9.3333
315.1951 20.0000
316.1638 5.0476
331.1608 4.2857
364.2788 3.3333
392.2583 4.1905
393.2337 6.0952
410.2609 7.3333
411.2350 6.0476
497.2919 4.2857
525.3027 6.0476
544.3427 2.3810
595.3132 4.2857
666.9417 2.1905
830.4232 5.2381
857.1258 2.3810
879.3874 4.2857
884.4204 5.1905
884.9741 8.2857
893.4077 5.1905
894.8481 1.1905
895.3067 1.3333
895.4587 3.0952
902.7973 4.1905
903.4750 3.1429
911.4226 4.2857
912.4493 2.7619
914.5781 3.1905
915.9577 0.4762
916.1078 3.6190
920.4595 3.1905
921.9446 4.1905
922.3753 4.0952
922.5875 4.4762
923.7177 2.2857
925.9688 4.0952
926.1343 4.7143
926.3714 0.9048
926.5261 3.0952
929.8198 2.3810
936.1946 2.1905
939.4060 5.2857
940.1506 3.2381
940.3698 3.2857
944.3518 3.0952
944.6296 5.3333
945.4656 3.2857
945.6707 2.8571
945.8127 7.2381
946.0173 7.4286
949.7813 3.1429
950.8954 6.0476
951.1326 14.5714
951.4806 15.6667
951.7938 10.2381
952.1072 6.6667
952.4699 5.0476
954.1609 3.3333
955.1589 14.7619
955.4564 6.4286
955.7841 6.0000
956.4489 5.2381
957.3428 3.1905
958.8056 3.0952
959.2188 4.2857
959.7734 4.1429
960.7640 4.2857
963.7891 5.1905
965.4254 3.1429
967.4474 5.1905
968.1225 3.0952
968.4319 2.0952
969.2279 10.2857
972.1303 3.0952
973.2366 2.7619
974.5093 3.3333
978.1392 4.2381
978.2537 1.7143
978.5488 6.0000
978.7676 13.1905
980.2733 3.5714
980.5818 3.7143
981.6027 4.1429
982.0559 1.8571
982.2749 2.5714
982.4570 3.0000
982.8875 6.0476
983.0825 9.0476
983.6974 16.0952
984.1760 10.2857
984.4961 7.7143
984.7551 1.0476
985.0497 5.5714
987.4663 3.2381
987.6433 1.6190
988.1577 28.0000
988.4514 20.5238
988.7381 19.2857
989.0889 2.9524
989.2178 5.9524
989.4355 3.6667
989.6453 0.5714
989.7937 1.0000
990.1832 6.0952
990.7486 5.0476
991.5090 4.2381
992.1782 4.2857
994.1266 6.5238
994.5203 4.1429
995.0311 2.0952
995.4775 2.0952
997.1411 5.1905
997.4919 7.3333
997.7419 1.5714
998.2094 5.0476
1001.9051 2.1905
1003.5405 3.0476
1004.9951 2.6667
1006.1935 6.6667
1007.3968 3.1429
1007.8250 2.4286
1008.9044 6.0476
1009.1604 10.7143
1009.5536 9.2381
1009.8566 10.2381
1010.1797 6.6667
1010.3807 2.8571
1011.0959 11.5238
1011.5620 12.0000
1011.7683 11.6667
1011.9611 6.8095
1012.1426 13.0952
1012.3262 1.8571
1012.5225 10.2381
1012.8826 3.6190
1013.2496 1.4762
1013.4630 5.9048
1014.8413 26.8571
1015.1724 50.3333
1015.5090 73.3333
1015.8574 47.1905
1016.1785 29.4286
1016.3444 5.9524
1016.5520 12.4762
1016.8712 17.5714
1017.1781 8.8095
1017.5491 14.8571
1018.0616 4.1905
1018.4171 6.5238
1018.8776 9.2857
1019.1679 7.0476
1019.3538 2.4286
1019.5173 1.7619
1019.7765 5.6667
1019.9750 5.1905
1020.2124 7.1905
1020.4965 54.0476
1020.8348 213.1429
1021.1642 368.9048
1021.5121 310.2857
1021.8231 232.9524
1022.1345 145.2857
1022.4807 44.2381
1022.7786 48.3810
1023.2997 27.1429
1023.7713 16.0000
1023.9894 2.3333
1024.1362 8.0000
1024.4197 4.5238
1024.7363 4.9524
1024.9369 2.7619
1025.1299 2.6190
1025.4719 6.4762
1025.7137 2.1429
1026.2063 7.1905
1026.4813 10.5714
1026.8525 83.5238
1027.1946 117.6191
1027.5160 88.0476
1027.8617 72.9524
1028.1599 26.2857
1028.4075 15.3333
1028.6040 14.8095
1028.7916 3.6667
1028.9381 2.0952
1029.1545 8.2381
1029.4004 3.0476
1029.5624 6.0476
1029.9091 1.2381
1030.1868 3.0952
1033.4398 4.0000
1033.6503 2.6190
1040.2970 2.1905
1051.0302 2.1905
1052.6361 2.1905
1084.4722 3.5714
1085.4247 12.1905
1088.0084 2.1905
1101.4286 3.1905
1126.5559 2.1905
1133.1946 2.3810
1153.5170 8.2857
1153.9988 3.1429
1155.0765 3.9524
1159.0209 3.1905
1162.4355 3.1905
1166.9423 2.1905
1174.9797 5.1905
1193.3926 3.1905
1194.1666 2.1905
1196.9351 4.7619
1208.4961 3.3333
1224.0173 3.1905
1225.1289 7.0476
1225.2930 2.4762
1225.6011 11.3333
1225.9536 1.3333
1226.1299 6.0952
1226.3606 3.5238
1231.5646 3.1429
1232.5299 3.1905
1250.6409 2.3810
1260.1001 3.1905
1260.5568 4.1905
1261.0454 5.7619
1261.5951 4.1905
1267.2920 2.1905
1268.6339 11.2381
1269.1162 14.1905
1269.6268 13.2857
1270.1237 7.8571
1271.1060 5.2381
1273.5625 2.7619
1286.6741 2.3810
1299.5741 3.1429
1301.0094 2.1905
1308.1715 4.3333
1308.4348 0.8571
1308.6334 1.0000
1308.9159 2.2381
1309.1880 1.9524
1310.5535 2.1905
1316.4078 2.1905
1317.1823 3.4762
1317.5172 9.3333
1318.1227 7.7143
1318.8260 2.1429
1319.8809 4.1905
1322.0356 2.7619
1324.0769 2.1905
1325.1033 3.1905
1325.5359 4.9524
1325.6940 6.1905
1326.0588 31.1429
1326.6106 25.2381
1326.8594 6.8095
1327.1530 18.6190
1327.6785 14.0952
1328.2599 2.8571
1328.5134 3.7619
1328.8435 3.1429
1339.5713 3.1905
1340.6593 4.1905
1341.6616 2.1905
1348.1694 2.1905
1360.9714 2.2857
1362.7518 3.1905
1367.1010 3.1429
1368.1060 5.2857
1368.7114 4.2857
1369.6849 1.0000
1372.0425 2.3810
1373.7034 5.7143
1375.1335 4.0952
1382.7639 12.8095
1382.9225 10.6190
1383.2305 8.0476
1383.7186 12.7143
1384.2028 12.0476
1388.6561 4.2857
1389.2168 0.5714
1389.4169 3.5238
1417.7119 14.6190
1418.0249 6.7143
1418.3293 3.1429
1418.6320 11.4762
1419.2725 4.5714
1423.2626 2.1905
1425.3186 2.9524
1425.6835 23.0000
1426.2141 107.0953
1426.7084 100.2857
1427.1370 70.0476
1427.4392 14.2381
1427.6874 40.6667
1427.9371 7.9048
1428.2242 20.6190
1428.5424 6.2857
1428.9639 12.0952
1429.8315 2.1905
1430.3185 3.2857
1430.6510 2.5238
1431.9139 5.0952
1432.7087 2.1905
1436.1027 2.1905
1438.7650 4.6667
1439.2695 1.6667
1442.2308 2.1905
1444.0477 3.0000
1462.3132 2.5238
1465.6323 2.0952
1467.2106 3.7619
1467.5553 4.7143
1475.8358 5.0952
1476.1071 3.0952
1477.5510 2.1905
1478.0948 1.0000
1478.3668 2.0952
1479.7273 3.1905
1481.0702 2.6667
1481.6525 6.6667
1491.5891 2.3810


2300.2813 2
287.1471 4.0952
331.1765 5.3810
373.2759 5.0476
394.2180 2.1905
437.2982 5.1905
447.3161 3.1905
457.2458 2.1905
463.2661 2.1905
465.3079 16.7143
465.5842 2.0000
466.3029 5.0000
543.3528 2.1905
631.3907 2.1905
634.4360 5.1905
642.8787 1.1905
666.2567 2.1905
795.4703 2.8571
798.3131 2.1905
823.5474 4.1905
862.4976 8.0476
863.5239 5.2857
865.5029 3.1905
913.4258 2.1905
918.9703 5.7619
921.2466 2.1905
931.7804 2.1905
938.5125 14.1429
940.4928 2.3810
987.9921 4.1905
1004.4633 2.1905
1007.8668 2.1905
1021.0095 5.3810
1021.5007 4.3333
1021.7509 4.0476
1038.0775 9.4762
1038.4453 5.5714
1038.5959 4.2857
1064.0962 3.1429
1072.4298 2.1905
1077.5221 7.5238
1077.9581 5.5714
1078.2489 1.1429
1078.5005 3.4286
1078.6709 5.2381
1118.3610 4.8571
1118.6105 38.2857
1118.9110 8.0952
1119.1528 46.6191
1119.5701 33.4762
1119.9327 5.6667
1120.1678 5.8095
1120.4498 5.9524
1120.7083 5.4762
1123.9850 2.1905
1129.6251 3.1905
1133.7716 6.1905
1134.6946 4.7619
1135.6261 3.1905
1141.6404 7.7619
1142.0522 26.7143
1142.5781 17.9524
1143.1312 15.3333
1143.5890 5.2381
1143.9976 6.4286
1144.4291 4.6667
1146.1563 3.3333
1150.1266 16.0952
1150.2865 32.9048
1150.6229 711.4763
1151.1183 951.2858
1151.6091 715.2382
1152.1251 372.4286
1152.4469 32.6190
1152.6106 113.2857
1152.8873 14.0952
1153.0703 32.5238
1153.4230 13.6190
1153.6882 1.7143
1153.8785 6.2381
1154.1865 5.8571
1154.4628 4.4762
1154.6809 5.0476
1155.6552 7.2857
1156.9348 4.6667
1159.3568 3.3333
1162.2778 5.6667
1211.7107 2.2857
1362.6665 8.4286
1362.8585 3.4286
1363.7074 5.3333
1835.8361 7.3810
1836.0923 3.3333
1836.9429 5.1905
1838.8634 4.2857


2881.4893 3
70.0723 13.3810
70.1146 1.7619
147.0849 5.4762
185.1181 2.3810
185.1923 8.2857
213.1811 6.3810
214.0928 3.4286
214.1833 2.0000
223.1919 3.1905
245.1824 3.5714
265.1668 3.0476
279.1505 213.7143
280.1586 35.0952
281.1572 11.2381
283.1498 2.1905
302.1479 2.1905
327.2157 4.2857
335.1200 3.3333
345.1248 5.2857
353.1674 5.2381
370.1676 4.1905
377.2094 5.2857
379.1844 3.1905
388.1857 4.2857
396.2437 3.1905
407.1871 2.1905
411.2657 3.1905
437.1995 5.4762
458.2152 6.0476
464.2564 2.3810
474.2664 4.1905
515.2315 8.9048
524.2052 3.1905
533.2704 10.3333
551.2459 6.9048
552.1171 0.8571
559.2735 3.1905
569.2614 5.2857
571.2292 3.1905
589.2892 6.2381
702.3336 13.0952
702.5197 4.8095
754.9111 3.1905
846.5157 4.2857
890.4446 2.1905
903.9333 2.5238
952.6089 2.1905
961.2652 5.5714
961.5430 99.1905
961.8384 5.8571
962.0777 5.7619
962.2573 7.1905
962.5427 34.2381
962.7894 2.2381
963.2143 3.7619
963.5680 5.7619
997.0591 2.1905
1004.1598 3.1905
1004.9866 2.1905
1011.5386 2.3810
1017.9802 4.1905
1018.4852 4.5714
1018.9491 5.8095
1019.1831 5.3810
1020.0929 3.3333
1099.5903 4.3810
1158.0951 6.2381
1158.5392 2.0952
1187.6155 3.5714
1197.1263 5.1905
1206.1368 2.0952
1206.3790 3.0952
1207.0156 2.1905
1208.3063 1.1905
1239.5737 3.1429
1294.0107 2.6667
1295.2954 2.1905
1302.6458 9.1429
1303.1238 3.0476
1303.5658 3.1905
1478.8657 2.1905
1479.7727 2.1905
1781.1138 2.1905


1238.8011 2
71.0470 3.1905
73.0424 13.4286
81.0476 9.4286
87.0545 81.0952
89.0658 547.7620
90.0727 22.7143
90.1208 2.6667
91.0744 10.2857
95.0530 24.4286
99.0497 19.7143
100.0591 3.1905
111.0578 46.6190
115.0675 4.2857
117.0979 10.9048
121.0705 6.1429
131.0791 36.4762
133.0979 478.6667
133.1719 29.6191
134.0991 25.8571
134.1762 1.1905
134.2288 3.0000
135.1027 9.5714
137.0708 32.8095
139.0930 4.5238
151.1107 26.4286
155.0839 55.0476
155.2431 3.0000
156.0878 5.1429
156.5269 2.1905
175.1116 30.9524
177.1273 139.7619
177.2785 5.6667
178.1279 11.4286
181.0931 7.0952
195.1333 33.6667
196.1386 4.6667
199.1161 33.0952
201.1297 6.3810
221.1640 21.2381
225.1587 5.1905
227.1551 3.1905
239.1649 45.4286
240.1773 2.1905
241.0826 2.1905
243.1353 20.9524
287.1705 30.0000
288.1968 3.1429
305.1802 4.1905
327.2037 20.2857
331.1938 30.4762
357.1606 2.1905
371.2394 14.9524
371.3482 2.0000
375.2210 23.6667
416.2784 2.3810
419.2488 11.4286
459.4925 2.1905
463.2626 11.4762
474.2686 2.1905
551.3676 4.2857
620.3364 4.2857
799.4796 2.1905


1370.9093 2
73.0370 11.1429
73.0823 4.3333
80.0499 2.1905
87.0488 55.3333
87.0977 2.1905
89.0670 419.6667
89.1341 7.6190
89.1769 5.2857
90.0730 14.6190
90.1444 2.9524
91.0716 6.1905
95.0608 17.7619
99.0529 13.6667
113.0669 16.4762
117.0975 13.2857
121.0784 3.3333
123.0787 3.1905
125.0850 6.2381
128.1121 5.3333
131.0809 44.3810
133.0991 460.7619
133.1810 30.4286
133.9043 4.1905
134.1023 26.6667
137.0744 22.4762
139.0946 7.2381
143.1069 5.3333
151.1088 16.6190
153.0599 10.5714
153.1386 2.2381
155.0797 52.0952
155.2417 2.8095
157.1011 15.2857
157.1841 2.5238
159.1340 4.1905
161.1167 8.3333
171.1088 2.3810
173.1157 10.8095
175.1131 37.4286
176.1111 3.1905
177.1246 154.2381
177.2351 14.5238
178.1282 12.1429
181.1082 8.3333
185.1969 3.3333
187.1627 72.3810
188.1577 20.9048
195.1415 24.6190
199.1186 34.9048
200.1315 3.1905
201.1307 20.5714
205.1147 4.7619
215.1582 61.3334
215.2333 3.2857
215.3022 6.5238
216.1616 13.0952
216.2516 4.1905
221.1513 42.9524
223.1524 11.2381
225.1280 5.4762
238.1668 3.1429
239.1643 48.4762
239.2620 1.8095
239.3311 1.9048
241.1279 7.7619
243.1413 32.5714
261.1575 5.3810
263.1500 3.1905
264.1663 3.1905
265.1688 24.5238
267.1530 5.3333
269.1579 14.4762
270.1969 3.1905
276.1895 2.1905
280.1665 4.0952
283.1896 52.4286
284.2010 6.0952
285.1419 6.2857
287.1616 31.3333
289.2043 5.2857
296.2273 9.7619
314.2241 10.2381
327.2221 35.3333
327.4321 3.0952
331.1950 22.4762
332.1787 7.1905
346.2108 9.5714
347.1704 4.2857
353.2385 4.2857
364.1914 10.3810
367.2161 6.6667
371.2526 19.1905
375.1067 1.1429
375.2115 20.7619
379.2829 5.3333
381.2555 9.2857
382.3133 3.1905
395.2632 6.3333
397.2649 8.4762
415.2913 22.5238
415.4849 2.0952
416.3051 5.3810
417.2554 5.2381
419.2729 17.3810
421.2488 2.1905
433.2887 4.2857
443.2336 4.1905
444.2541 2.1905
445.2640 5.0476
447.2538 2.1905
459.3027 12.3333
459.4419 2.1429
460.1906 1.5714
460.3211 6.9048
461.2244 4.6667
462.2577 4.2857
463.2833 13.7619
464.2818 3.1905
478.3255 4.2857
479.3148 4.1905
496.2968 13.0476
497.3207 5.2857
499.3006 4.2857
503.3420 5.2857
507.2903 9.0000
511.2900 6.2381
520.3229 2.1905
529.3411 5.3333
551.3342 6.0476
552.3169 6.1905
552.7931 2.3810
561.3337 5.2857
591.4247 2.1905
595.3558 5.3333
674.4151 3.1429
675.4526 5.2857
676.4352 4.2857
685.3243 4.0952
685.9283 3.9524
686.4219 7.1905
692.4314 40.3333
692.5984 2.5714
692.7225 3.2857
693.4263 47.2857
694.4526 15.5714
717.4517 2.1905
791.4910 6.1905
792.5034 17.9048
792.6981 3.7143
793.5211 5.2857
910.3281 2.1905
955.5633 14.0000
956.6294 4.9524
1055.4540 1.8571
1055.6444 6.1429
1055.8289 1.5714
1056.3286 2.3333
1056.6104 21.3333
1057.6270 17.6190
1066.5302 2.3810
1138.6820 3.1905
1155.6539 12.2857
1156.8849 4.4286


1194.8049 2
69.0279 2.1905
73.0517 10.3810
81.0526 4.2857
85.0308 5.8571
87.0502 62.6191
89.0672 403.5239
89.1230 14.0476
90.0747 14.0476
95.0557 21.5714
107.0755 15.8571
113.0693 29.7143
115.0855 4.1905
117.0973 14.3333
131.0806 36.1429
132.0811 2.1905
133.0986 494.0000
133.1728 31.4286
133.5397 3.4762
134.1009 28.2857
134.1774 1.0952
134.6409 2.1905
135.1068 11.5238
136.0675 2.1905
137.0805 27.8571
138.0789 5.1429
139.0908 6.2381
151.1102 24.7619
152.1183 2.1905
153.0758 8.3333
155.0853 43.8095
156.0858 6.3333
156.1510 0.4762
157.0989 9.0476
162.1052 5.2381
166.1141 4.2857
175.1100 34.2857
177.1256 203.1428
177.2389 16.4762
178.1504 11.0952
178.2141 3.0000
181.1064 8.2857
184.1069 5.2381
195.1382 67.8095
195.3360 4.0000
199.1147 51.4286
201.1255 10.9524
206.1291 4.2857
217.1319 10.1429
219.1346 16.2381
219.6304 3.1905
221.1521 43.7143
225.1253 9.9524
225.2060 0.8095
227.1443 5.2857
228.1335 6.4286
239.1687 86.3333
240.1668 10.5714
241.1266 10.1905
241.6688 1.1905
243.1377 65.3333
243.2109 5.5714
245.1533 12.0952
250.1553 7.1905
261.1529 5.3810
262.1708 3.1429
265.1870 13.7143
269.1492 11.7619
283.1926 57.7143
284.2075 8.3333
285.1624 6.3333
287.1667 72.4286
288.1817 7.8571
289.1876 13.4762
305.1812 5.3333
309.2090 10.4762
313.1998 8.3333
327.2350 54.1905
328.2207 5.1905
331.1996 56.9524
331.3086 6.9524
332.1968 8.2381
349.2440 4.5238
357.1947 6.2857
367.2181 4.1429
367.3148 1.5238
371.2551 29.3333
373.2137 5.4762
375.2248 33.4286
376.2498 9.8095
377.2409 5.1905
392.8955 5.8571
394.2531 2.1905
401.2383 4.9048
411.2368 5.2381
415.2726 28.3810
415.4092 3.2857
417.4700 2.1905
418.2391 2.8571
419.2488 25.9048
420.2557 9.5714
455.2793 7.4286
459.3029 25.7143
460.3165 4.1905
463.2823 14.0952
463.3930 1.2857
464.2880 4.2857
467.8770 14.1905
469.2747 2.1905
469.8879 3.1905
485.8940 2.1905
486.8682 16.1905
499.3017 5.2381
503.3139 5.2381
507.3032 11.4762
517.2100 4.1905
543.3253 4.3810
547.3729 3.1905
551.2885 5.2857
563.8956 2.1905
587.4766 3.8095
597.2888 3.1905
598.3673 5.2381
675.4319 5.2857
870.6066 2.1905
913.5118 4.1905
930.5571 2.1905
958.6230 2.1905


1282.8445 2
73.0292 30.7143
73.0775 6.1905
87.0497 112.8095
87.1118 8.5714
89.0663 786.1430
89.1270 24.1905
90.0663 31.2381
95.0592 31.0476
107.0756 13.7619
108.0856 2.1905
108.9639 0.2381
111.0581 56.5714
117.0966 18.0476
119.0517 2.1905
121.1027 4.2857
131.0853 46.2857
131.1584 2.0000
132.1150 4.1905
132.6101 2.1905
133.0971 841.5239
134.0995 35.6667
135.0947 14.0000
137.0714 50.0952
151.1103 21.9048
153.0772 16.7619
155.0851 57.2857
163.0912 7.8095
175.1129 43.1905
175.2048 6.2857
176.0967 3.1905
177.1271 242.2381
177.2907 5.4762
178.1412 12.4286
179.1089 11.4286
181.0986 8.4762
183.1328 3.3333
195.1393 47.5714
199.1200 46.1905
199.2089 5.3810
201.1289 19.6191
206.3408 2.1905
212.1824 3.1905
217.1161 5.3810
219.1487 13.0952
221.1496 39.2857
222.1721 5.2857
223.1567 3.1905
225.1626 10.2857
239.1593 54.6191
240.1815 13.9524
240.2869 1.6190
241.1163 6.9524
243.1348 53.2381
265.1813 7.8571
283.1959 63.2381
284.1640 4.8571
285.1725 4.0952
287.0619 0.4286
287.1590 46.1429
287.2617 5.0000
288.1709 6.0476
289.1656 5.3810
309.2042 8.1905
310.2250 2.1905
313.1891 10.1905
323.1813 4.3810
327.2234 40.0952
327.3722 3.7619
328.2339 7.7619
328.3205 4.4762
329.1898 6.4286
331.1958 35.2857
332.1869 7.6667
333.2115 3.1905
353.2274 4.1905
357.2088 6.4286
367.2245 6.1905
371.2508 28.0000
375.2267 36.7619
376.2260 6.8571
415.2954 12.7619
419.2477 22.3333
420.2744 5.1429
454.2630 2.1905
455.2856 5.8571
463.2740 13.3810
464.2945 2.1905
503.2941 2.7619
507.3248 10.2857
551.2417 1.2857
551.3463 3.3810
595.3611 4.9048
642.3390 9.2381
643.4146 3.1905
646.4413 2.1905
869.4938 2.1905


1221.7744 2
87.0532 59.9048
89.0665 404.6191
89.1375 18.1429
95.0562 19.2857
111.0556 30.8572
111.1034 1.1905
113.0740 20.1905
113.1435 2.9048
113.1929 1.6667
115.0917 6.0952
117.0596 2.1905
117.1021 12.4762
122.0746 3.1905
125.0719 4.0476
127.0824 6.3810
133.0981 348.9524
134.0968 15.1905
134.1488 1.8571
135.0979 10.2381
137.0697 20.2381
137.1355 1.5238
137.1870 2.0000
139.0905 4.1905
140.0992 2.1905
143.0735 4.3810
151.1115 12.3810
153.0667 10.4762
155.0894 34.3810
156.0667 4.1905
157.1030 12.2857
163.0979 3.3333
175.1070 16.5714
177.1231 82.8571
181.0994 8.1429
186.0826 2.1905
195.1352 27.9048
195.2612 2.0952
199.1110 19.3333
201.1214 8.3810
217.1293 5.3333
221.1560 10.6667
239.1751 21.6190
243.1413 18.7619
245.1392 5.2381
283.1815 13.3810
283.2788 2.5238
284.1700 4.1905
287.1642 16.6190
327.2348 5.3333
331.2010 13.6667
375.2266 11.1905
415.2686 3.1905
419.2596 15.3810
429.1699 2.8571
446.2569 2.1905
463.2922 6.2857
507.3071 3.1905
611.3532 4.5238


1387.9128 2
73.0372 3.1905
86.1019 4.2857
87.0502 34.0952
87.0977 3.8095
88.0521 4.1905
89.0664 237.4762
117.1040 11.0476
127.0796 5.2381
129.0773 5.2857
131.0855 21.2381
133.0979 291.4762
133.1810 12.7143
134.1047 15.6190
137.0789 10.6667
137.1440 3.1905
138.0829 3.9048
139.0128 0.1429
139.0863 6.0476
144.0836 2.1905
151.1067 10.7143
155.0854 29.4762
157.0937 10.9048
173.0939 8.4762
175.1087 20.0000
176.1268 2.1905
177.1275 122.6667
177.2658 6.0476
178.1387 19.0000
195.1383 22.2381
199.1163 27.4286
209.1534 2.1905
215.1641 3.1905
218.1752 2.1905
221.1594 21.6667
239.1688 37.5714
241.1603 4.2857
243.1428 32.0000
243.2430 1.4762
265.1909 6.2857
269.1523 5.2857
283.1909 33.6191
284.2056 5.2381
287.1699 28.9048
288.2117 4.2857
309.2186 4.2857
311.2209 3.1905
313.2278 3.1429
315.1873 2.1905
327.2319 24.3333
331.1808 28.4762
353.2406 5.2857
367.2922 1.3333
371.2709 17.5714
371.3936 2.2381
372.3259 2.1905
375.2166 22.1905
375.3706 2.4286
376.2130 5.7619
415.1725 2.0000
415.2998 16.0476
419.2550 16.0952
420.2872 4.2857
435.3423 4.1905
438.2603 2.1905
441.2769 2.1905
455.3065 2.1905
459.3010 11.2381
460.2763 2.1905
463.2782 12.7143
503.3423 5.4762
504.3371 4.3810
507.3349 9.1429
538.2254 2.1905
547.3591 4.3810
694.4545 9.0000
695.0169 2.0952
695.3857 12.2857
1100.5483 2.1905
