600 600 11 22
+ 386 1 5853 449
+48 (22) 64 0001
36 1 267-4636
+39-02-48230001
90 212 33 66 999
+61-8-00449552
+33 1 69.87.41.23
(650) 857-1501
359 2 731 088
961 1983 348
216 1 969 902
234 1 267 3338
+48 22 5420400
+ 61 2 9870 2131
971 4 397 5443
+ 44 870 2411963
+421 2 67 296 297
800820062
591-3-352-5200
51-1-211-2828
808208112
+351 214 122 659
+64 9 356 3093
+212 2 248 47 48
380 44 230 5102
+27 11 257 0000
371 760 5004
+39-02-66108000
+263 4 4 94540
202 331 996
+2542 716 111
66 2 257-0099
2542 716 111
+40 1 203 6161
961 1 983 348
358 2 141 540 65
65-6324-8098
(94 1) 691 571
370 2 723 035
+386 1 5853 449
+ 64 9 356 3093
48 22 43 11 999
7 095 745 5445
+ 27 11 257 0000
225 20 32 14 16
+65-63951818
716-871-2919
420 2 2177 7222
213 2 37 66 12
+ 2542 716 111
92 21 111 674 357
213 2 92 33 66
54-11-4317-2626
+401-202.78.59
"233 21 232 041, or 233 21 234 563"
+421 2 5022 2444
+ 852 2904-2198
33 1 55 174 075
212 22 40 88 33
+(844)823 0322
+90-216-5797777
234 1 267 3337
+41 0848 802 208
966 1 218 0821
(11) 3328-3396
968 691 191
57 1 6069191
+47 23 20 61 00
+ 47 23 162 126
8148+226-5731
965 243 1071
+34 901 27 27 27
372 650 4999
34 91 377 8170
44 01229 823793
070/22.20.90
01285 654777
0825.813.823
01 648 6060
00 353 1 648 6060
0120-108908
092542 716 11
0800 555 544
01 365 0776
0045 38 487 131
02-567-7881
00 41 1 800 9201
00 33 1 55 174 075
00 39 2 696 334 37
0800-90-80-90
