1 4 4 3
2 4 4 2
3 4 4 1
4 4 4 0
5 8 8 3
6 8 8 2
7 8 8 1
8 8 8 0
9 12 12 3
10 12 12 2
11 12 12 1
12 12 12 0
13 16 16 3
14 16 16 2
15 16 16 1
16 16 16 0
17 20 20 3
18 20 20 2
19 20 20 1
20 20 20 0
21 24 24 3
22 24 24 2
23 24 24 1
24 24 24 0
25 28 28 3
26 28 28 2
27 28 28 1
28 28 28 0
29 32 32 3
30 32 32 2
31 32 32 1
32 32 32 0
33 36 36 3
34 36 36 2
35 36 36 1
36 36 36 0
37 40 40 3
38 40 40 2
39 40 40 1
40 40 40 0
41 44 44 3
42 44 44 2
43 44 44 1
44 44 44 0
45 48 48 3
46 48 48 2
47 48 48 1
48 48 48 0
49 52 52 3
50 52 52 2
51 52 52 1
52 52 52 0
53 56 56 3
54 56 56 2
55 56 56 1
56 56 56 0
57 60 60 3
58 60 60 2
59 60 60 1
60 60 60 0
61 80 40 19
62 80 40 18
63 80 40 17
64 80 40 16
65 80 40 15
66 80 40 14
67 80 40 13
68 80 40 12
69 80 40 11
70 80 40 10
71 80 40 9
72 80 40 8
73 80 40 7
74 80 40 6
75 80 40 5
76 80 40 4
77 80 40 3
78 80 40 2
79 80 40 1
80 80 40 0
81 88 44 7
82 88 44 6
83 88 44 5
84 88 44 4
85 88 44 3
86 88 44 2
87 88 44 1
88 88 44 0
89 96 48 7
90 96 48 6
91 96 48 5
92 96 48 4
93 96 48 3
94 96 48 2
95 96 48 1
96 96 48 0
97 104 52 7
98 104 52 6
99 104 52 5
100 104 52 4
101 104 52 3
102 104 52 2
103 104 52 1
104 104 52 0
105 112 56 7
106 112 56 6
107 112 56 5
108 112 56 4
109 112 56 3
110 112 56 2
111 112 56 1
112 112 56 0
113 120 60 7
114 120 60 6
115 120 60 5
116 120 60 4
117 120 60 3
118 120 60 2
119 120 60 1
120 120 60 0
121 132 44 11
122 132 44 10
123 132 44 9
124 132 44 8
125 132 44 7
126 132 44 6
127 132 44 5
128 132 44 4
129 132 44 3
130 132 44 2
131 132 44 1
132 132 44 0
133 144 48 11
134 144 48 10
135 144 48 9
136 144 48 8
137 144 48 7
138 144 48 6
139 144 48 5
140 144 48 4
141 144 48 3
142 144 48 2
143 144 48 1
144 144 48 0
145 156 52 11
146 156 52 10
147 156 52 9
148 156 52 8
149 156 52 7
150 156 52 6
151 156 52 5
152 156 52 4
153 156 52 3
154 156 52 2
155 156 52 1
156 156 52 0
157 160 40 3
158 160 40 2
159 160 40 1
160 160 40 0
161 168 56 7
162 168 56 6
163 168 56 5
164 168 56 4
165 168 56 3
166 168 56 2
167 168 56 1
168 168 56 0
169 176 44 7
170 176 44 6
171 176 44 5
172 176 44 4
173 176 44 3
174 176 44 2
175 176 44 1
176 176 44 0
177 180 60 3
178 180 60 2
179 180 60 1
180 180 60 0
181 192 48 11
182 192 48 10
183 192 48 9
184 192 48 8
185 192 48 7
186 192 48 6
187 192 48 5
188 192 48 4
189 192 48 3
190 192 48 2
191 192 48 1
192 192 48 0
193 200 40 7
194 200 40 6
195 200 40 5
196 200 40 4
197 200 40 3
198 200 40 2
199 200 40 1
200 200 40 0
201 208 52 7
202 208 52 6
203 208 52 5
204 208 52 4
205 208 52 3
206 208 52 2
207 208 52 1
208 208 52 0
209 220 44 11
210 220 44 10
211 220 44 9
212 220 44 8
213 220 44 7
214 220 44 6
215 220 44 5
216 220 44 4
217 220 44 3
218 220 44 2
219 220 44 1
220 220 44 0
221 224 56 3
222 224 56 2
223 224 56 1
224 224 56 0
225 240 60 15
226 240 60 14
227 240 60 13
228 240 60 12
229 240 60 11
230 240 60 10
231 240 60 9
232 240 60 8
233 240 60 7
234 240 60 6
235 240 60 5
236 240 60 4
237 240 60 3
238 240 60 2
239 240 60 1
240 240 60 0
241 260 52 19
242 260 52 18
243 260 52 17
244 260 52 16
245 260 52 15
246 260 52 14
247 260 52 13
248 260 52 12
249 260 52 11
250 260 52 10
251 260 52 9
252 260 52 8
253 260 52 7
254 260 52 6
255 260 52 5
256 260 52 4
257 260 52 3
258 260 52 2
259 260 52 1
260 260 52 0
261 264 44 3
262 264 44 2
263 264 44 1
264 264 44 0
265 280 56 15
266 280 56 14
267 280 56 13
268 280 56 12
269 280 56 11
270 280 56 10
271 280 56 9
272 280 56 8
273 280 56 7
274 280 56 6
275 280 56 5
276 280 56 4
277 280 56 3
278 280 56 2
279 280 56 1
280 280 56 0
281 288 48 7
282 288 48 6
283 288 48 5
284 288 48 4
285 288 48 3
286 288 48 2
287 288 48 1
288 288 48 0
289 300 60 11
290 300 60 10
291 300 60 9
292 300 60 8
293 300 60 7
294 300 60 6
295 300 60 5
296 300 60 4
297 300 60 3
298 300 60 2
299 300 60 1
300 300 60 0
301 308 44 7
302 308 44 6
303 308 44 5
304 308 44 4
305 308 44 3
306 308 44 2
307 308 44 1
308 308 44 0
309 312 52 3
310 312 52 2
311 312 52 1
312 312 52 0
313 320 40 7
314 320 40 6
315 320 40 5
316 320 40 4
317 320 40 3
318 320 40 2
319 320 40 1
320 320 40 0
321 336 56 15
322 336 56 14
323 336 56 13
324 336 56 12
325 336 56 11
326 336 56 10
327 336 56 9
328 336 56 8
329 336 56 7
330 336 56 6
331 336 56 5
332 336 56 4
333 336 56 3
334 336 56 2
335 336 56 1
336 336 56 0
337 352 44 15
338 352 44 14
339 352 44 13
340 352 44 12
341 352 44 11
342 352 44 10
343 352 44 9
344 352 44 8
345 352 44 7
346 352 44 6
347 352 44 5
348 352 44 4
349 352 44 3
350 352 44 2
351 352 44 1
352 352 44 0
353 360 60 7
354 360 60 6
355 360 60 5
356 360 60 4
357 360 60 3
358 360 60 2
359 360 60 1
360 360 60 0
361 364 52 3
362 364 52 2
363 364 52 1
364 364 52 0
365 384 48 19
366 384 48 18
367 384 48 17
368 384 48 16
369 384 48 15
370 384 48 14
371 384 48 13
372 384 48 12
373 384 48 11
374 384 48 10
375 384 48 9
376 384 48 8
377 384 48 7
378 384 48 6
379 384 48 5
380 384 48 4
381 384 48 3
382 384 48 2
383 384 48 1
384 384 48 0
385 392 56 7
386 392 56 6
387 392 56 5
388 392 56 4
389 392 56 3
390 392 56 2
391 392 56 1
392 392 56 0
393 396 44 3
394 396 44 2
395 396 44 1
396 396 44 0
397 400 40 3
398 400 40 2
399 400 40 1
400 400 40 0
