### bzr hashcache v5
.bzrignore// 9be5eb8ee4d17d9ddbcef0173e16a4e1926b8624 10 1179336123 1179336123 5581468 64769 33204
log/.exists// da39a3ee5e6b4b0d3255bfef95601890afd80709 0 1179336100 1179336100 391687 64769 33204
Makefile.PL// 5efc46ce5c3e096c4e250b62736582b587c96671 658 1179338396 1179338396 5581847 64769 33204
lib/Asterisk/Store/Queue.pm// 05eab33cd40a69e8614fc5700bd6812b091c3815 6201 1179337424 1179337424 5940482 64769 33204
TODO// 729c1ead5a987ecb00b78043b2f1339cdf4466d1 11 1179339889 1179339889 5581462 64769 33204
MANIFEST// 6137503c4de9eab0fa7ab9a2e8a1feee5818a14a 101 1179336080 1179336080 5581842 64769 33204
README// 506e0c394fcfc3dc023acf7e9cd155c48ac6dd0c 904 1179339948 1179339948 5581848 64769 33204
t/Asterisk-Store-Queue.t// 3559c03c5aa79d4c1372612c52dec773d94aa768 2669 1179337537 1179337537 5973142 64769 33204
Changes// d8ca1e7675addfd1e5f2476c7bba1c5987d825f1 177 1179335868 1179335868 5581467 64769 33204
