12
(  2) Montgomery AL
28
  43  43  60  51  51  48  46  52  43  34
  51  46  37  40  46  47  40  38  40  36
  40  40  47  36  49  77  43  46
( 17) Jacksonville FL
28
  67  39  51  47  42  42  44  42  38  34
  42  44  49  56  74  52  44  69  47  53
  40  51  48  52  48  67  46  36
( 18) Key West FL
19
  58  36  64  48  36  36  78  86  90  38
  52  43  43  42  46  48  35  35  55
( 19) Tampa FL
10
  45  47  65  50  56  55  37  53  44  42
( 21) Macon GA
28
  50  42  58  44  53  32  51  51  42  42
  32  40  34  40  37  37  60  45  45  53
  40  43  48  51  58  49  46  38
( 22) Savannah GA
32
  58  79  60  49  54  51  58  66  58  46
  43  44  41  56  44  47  45  40  39  42
  40  31  39  39  46  42  45  44  43  39
  46  51
( 77) Cape Hatteras NC
45
  51  66  52  51  51  52  71  44  44  44
  51  51  56  51  51  58  61  49  53  55
  64  85  68  51  85  67  62  72  62  52
  55  46 103  52  53  49  61  69  43  44
  47  73  68  63  50
( 80) Wilmington NC
26
  52  62  62  69  63  42  84  43  51  46
  56  47  55  41  51  49  39  42  48  44
  41  46  42  39  42  41
(107) Brownsville TX
35
  35  44  53  43  53  39  34  43  37  41
  40  48  39  41  32  40  33  48  42  37
  38  38  53  36  66  63  56  34  43  51
  46  44  46  42  49
(108) Corpus Christi TX
34
  60  49  71  50  66  47  48  57  55  50
  45  46  46  44  48  44  44  45  67  60
  51  48  45  48  77  48  45 128  70  50
  46  58  52  44
(111) Port Arthur TX
25
  63  45  46  60  66  39  47  51  51  51
  61  67  55  55  45  51  57  45  81  57
  54  44  49  44  43
(116) Norfolk VA
20
  53  69  48  56  52  42  49  64  40  46
  50  56  58  40  37  46  35  46  46  42
